15047812600,ambio,1
15047812600,biodiversity conserv.,1
15047812600,biol. conserv.,1
15047812600,bioscience,1
15047812600,conserv. biol.,1
15047812600,conserv. lett.,1
15047812600,ecol. econ.,1
15047812600,ecol. soc.,1
15047812600,environ. conserv.,1
15047812600,environ. sci. policy,1
15047812600,global ecol. biogeogr.,1
15047812600,j. appl. ecol.,1
15047812600,mar. policy,1
15047812600,ocean coast. manage.,1
15047812600,plos one,1
15047812600,proc. natl. acad. sci. u. s. a.,1
15047812600,proc. r. soc. b biol. sci.,1
15047812600,soc. nat. res.,1
15047812600,trends ecol. evol.,1
15047812600,wildl. res.,1
15047812600,wilson j. ornithol.,1
56213159700,agric. ecosyst. environ.,1
56213159700,ecography,1
56213159700,ecoscience,1
56213159700,j. appl. ecol.,1
56213159700,j. plant ecol.,1
56213159700,j. veg. sci.,1
25958897200,agric. ecosyst. environ.,1
25958897200,j. appl. ecol.,1
55232771500,acta oecol.,1
55232771500,afr. j. ecol.,1
55232771500,agric. ecosyst. environ.,1
55232771500,ambio,1
55232771500,ann. bot.,1
55232771500,ann. bot. fenn.,1
55232771500,appl. geogr.,1
55232771500,appl. veg. sci.,1
55232771500,biol. conserv.,1
55232771500,bmc ecol.,1
55232771500,conserv. gen. res.,1
55232771500,diversity distrib.,1
55232771500,ecography,1
55232771500,ecol. indic.,1
55232771500,ecol. soc.,1
55232771500,flora morphol. distrib. funct. ecol. plants.,1
55232771500,folia geobot.,1
55232771500,for. ecol. manage.,1
55232771500,funct. ecol.,1
55232771500,global change biol.,1
55232771500,global ecol. biogeogr.,1
55232771500,j. anim. ecol.,1
55232771500,j. appl. ecol.,1
55232771500,j. biogeogr.,1
55232771500,j. ecol.,1
55232771500,j. environ. manage.,1
55232771500,j. veg. sci.,1
55232771500,landsc. ecol.,1
55232771500,landsc. urban plann.,1
55232771500,methods ecol. evol.,1
55232771500,nord. j. bot.,1
55232771500,oikos,1
55232771500,plant biol.,1
55232771500,plant ecol.,1
55232771500,plos one,1
55232771500,pol. j. ecol.,1
7102293320,acta oecol.,1
7102293320,agric. ecosyst. environ.,1
7102293320,ambio,1
7102293320,am. nat.,1
7102293320,ann. bot.,1
7102293320,ann. bot. fenn.,1
7102293320,appl. veg. sci.,1
7102293320,arctic antarct. alp. res.,1
7102293320,basic appl. ecol.,1
7102293320,biodiversity conserv.,1
7102293320,biol. conserv.,1
7102293320,biol. invasions,1
7102293320,biol. j. linn. soc.,1
7102293320,biol. rev.,1
7102293320,bioscience,1
7102293320,bot.,1
7102293320,can. j. bot.,1
7102293320,diversity distrib.,1
7102293320,ecography,1
7102293320,ecology,1
7102293320,ecology and evolution,1
7102293320,ecol. res.,1
7102293320,ecoscience,1
7102293320,evol. ecol.,1
7102293320,evolution,1
7102293320,folia geobot.,1
7102293320,for. ecol. manage.,1
7102293320,funct. ecol.,1
7102293320,global ecol. biogeogr.,1
7102293320,int. j. plant sci.,1
7102293320,j. appl. ecol.,1
7102293320,j. ecol.,1
7102293320,j. environ. manage.,1
7102293320,j. plant ecol.,1
7102293320,j. veg. sci.,1
7102293320,landsc. ecol.,1
7102293320,mar. biol. res.,1
7102293320,methods ecol. evol.,1
7102293320,mol. ecol.,1
7102293320,new phytol.,1
7102293320,nord. j. bot.,1
7102293320,oecologia,1
7102293320,oikos,1
7102293320,perspect. plant ecol. evol. syst.,1
7102293320,plant biol.,1
7102293320,plant ecol.,1
7102293320,preslia,1
7102293320,proc. natl. acad. sci. u. s. a.,1
7102293320,restor. ecol.,1
7102293320,trends ecol. evol.,1
7102293320,vegetatio,1
6603894634,biol. conserv.,1
6603894634,biol. invasions,1
6603894634,can. j. for. res.,1
6603894634,diversity distrib.,1
6603894634,ecol. appl.,1
6603894634,ecol. lett.,1
6603894634,ecol. monogr.,1
6603894634,ecology,1
6603894634,ecology and evolution,1
6603894634,for. ecol. manage.,1
6603894634,forests,1
6603894634,frontiers ecol. envir.,1
6603894634,global change biol.,1
6603894634,glob chang biol,1
6603894634,j. appl. ecol.,1
6603894634,j. arid environ.,1
6603894634,j. ecol.,1
6603894634,landsc. ecol.,1
6603894634,nat. commun.,1
6603894634,new for.,1
6603894634,oecologia,1
6603894634,philos. trans. r. soc. b biol. sci.,1
6603894634,tree physiol.,1
6603894634,urban ecosyst.,1
6603757875,am. j. bot.,1
6603757875,am. midl. nat.,1
6603757875,am. nat.,1
6603757875,biodiversity conserv.,1
6603757875,biol. conserv.,1
6603757875,biol. invasions,1
6603757875,bioscience,1
6603757875,biotropica,1
6603757875,can. j. bot.,1
6603757875,conserv. biol.,1
6603757875,diversity distrib.,1
6603757875,ecography,1
6603757875,ecol. appl.,1
6603757875,ecol. lett.,1
6603757875,ecol. model.,1
6603757875,ecol. monogr.,1
6603757875,ecology,1
6603757875,ecol. soc.,1
6603757875,environmetrics,1
6603757875,frontiers ecol. envir.,1
6603757875,global change biol.,1
6603757875,global ecol. biogeogr.,1
6603757875,global planet. change,1
6603757875,int. j. climatol.,1
6603757875,int. j. geogr. inf. sci.,1
6603757875,int. j. remote sens.,1
6603757875,j. agric. biol. environ.,1
6603757875,j. appl. ecol.,1
6603757875,j. biogeogr.,1
6603757875,j. torrey bot. soc.,1
6603757875,j. trop. ecol.,1
6603757875,landsc. ecol.,1
6603757875,methods ecol. evol.,1
6603757875,oecologia,1
6603757875,perspect. plant ecol. evol. syst.,1
6603757875,philos. trans. r. soc. b biol. sci.,1
6603757875,photogramm. eng. remote sens.,1
6603757875,plant ecol.,1
6603757875,proc. natl. acad. sci. u. s. a.,1
6603757875,proc. r. soc. b biol. sci.,1
6603757875,s. afr. j. sci.,1
6603757875,science,1
26533580600,am. nat.,1
26533580600,ardea,1
26533580600,biol. conserv.,1
26533580600,diversity distrib.,1
26533580600,ecography,1
26533580600,ecol. appl.,1
26533580600,ecol. model.,1
26533580600,environ. int.,1
26533580600,environ. res.,1
26533580600,geophys. res. lett.,1
26533580600,global change biol.,1
26533580600,global ecol. biogeogr.,1
26533580600,global planet. change,1
26533580600,int. j. climatol.,1
26533580600,int. j. geogr. inf. sci.,1
26533580600,int. j. wildland fire,1
26533580600,j. appl. ecol.,1
26533580600,landsc. ecol.,1
26533580600,methods ecol. evol.,1
26533580600,plos biol.,1
26533580600,plos one,1
26533580600,proc. natl. acad. sci. u. s. a.,1
26533580600,remote sens.,1
26533580600,remote sens. environ.,1
7102987572,bull. environ. contam. toxicol.,1
7102987572,ecohydrology,1
7102987572,emerg. infect. dis.,1
7102987572,infec. genet. evol.,1
7102987572,j. appl. ecol.,1
7102987572,mar. pollut. bull.,1
7102987572,mol. ecol.,1
7102987572,plos one,1
7102987572,prev. vet. med.,1
7102987572,vet. microbiol.,1
7102987572,vet. parasitol.,1
6602948200,ecohydrology,1
6602948200,j. appl. ecol.,1
6602948200,j. parasitol.,1
6602948200,med. vet. entomol.,1
6602948200,mol. ecol.,1
6602948200,parasites vectors,1
6602948200,plos one,1
6602948200,prev. vet. med.,1
6602948200,sci. rep.,1
6602948200,syst. entomol.,1
6602948200,vet. parasitol.,1
6602948200,vet. rec.,1
10143442200,biol. conserv.,1
10143442200,conserv. lett.,1
10143442200,diversity distrib.,1
10143442200,ecography,1
10143442200,environ. manage.,1
10143442200,global environ. change,1
10143442200,j. appl. ecol.,1
10143442200,j. biogeogr.,1
10143442200,j. zool.,1
10143442200,oryx,1
10143442200,plos one,1
10143442200,proc. natl. acad. sci. u. s. a.,1
10143442200,proc. r. soc. b biol. sci.,1
35601925200,adv. ecol. res.,1
35601925200,am. nat.,1
35601925200,anim. behav.,1
35601925200,anim. biodiversity conserv.,1
35601925200,anim. conserv.,1
35601925200,ann. rev. ecol. syst.,1
35601925200,auk,1
35601925200,avian conserv. ecology,1
35601925200,behav. ecol.,1
35601925200,biol. conserv.,1
35601925200,biol. invasions,1
35601925200,biometrics,1
35601925200,bioscience,1
35601925200,bird study,1
35601925200,can. j. fish. aquatic sci.,1
35601925200,can. j. zool.,1
35601925200,clim. change,1
35601925200,condor,1
35601925200,conserv. biol.,1
35601925200,conserv. lett.,1
35601925200,copeia,1
35601925200,ecography,1
35601925200,ecohealth,1
35601925200,ecol. appl.,1
35601925200,ecol. lett.,1
35601925200,ecol. model.,1
35601925200,ecology,1
35601925200,ecology and evolution,1
35601925200,ecol. soc.,1
35601925200,ecosphere,1
35601925200,environ. ecol. stat.,1
35601925200,environmetrics,1
35601925200,environ. monit. assess.,1
35601925200,environ. pollut.,1
35601925200,environ. toxicol. chem.,1
35601925200,glob chang biol,1
35601925200,ibis,1
35601925200,j. anim. ecol.,1
35601925200,j. appl. ecol.,1
35601925200,j. biogeogr.,1
35601925200,j. fish wildl. manage.,1
35601925200,j. herpetol.,1
35601925200,j. ornithol.,1
35601925200,j. wildl. manage.,1
35601925200,landsc. ecol.,1
35601925200,mar. ecol. prog. ser.,1
35601925200,math. biosci.,1
35601925200,methods ecol. evol.,1
35601925200,nature,1
35601925200,oecologia,1
35601925200,oikos,1
35601925200,oryx,1
35601925200,paleobiology,1
35601925200,plos one,1
35601925200,proc. natl. acad. sci. u. s. a.,1
35601925200,proc. r. soc. b biol. sci.,1
35601925200,science,1
35601925200,theor. popul. biol.,1
35601925200,trends ecol. evol.,1
35601925200,waterbirds,1
35601925200,wetlands ecol. manage.,1
35601925200,wildfowl,1
35601925200,wildl. biol.,1
35601925200,wildl. soc. bull.,1
7201521910,anim. biodiversity conserv.,1
7201521910,anim. conserv.,1
7201521910,arctic,1
7201521910,auk,1
7201521910,avian conserv. ecology,1
7201521910,biol. conserv.,1
7201521910,biol. invasions,1
7201521910,biometrics,1
7201521910,bird study,1
7201521910,can. field-nat.,1
7201521910,can. j. fish. aquatic sci.,1
7201521910,condor,1
7201521910,conserv. biol.,1
7201521910,copeia,1
7201521910,diversity distrib.,1
7201521910,ecography,1
7201521910,ecol. appl.,1
7201521910,ecology,1
7201521910,ecosphere,1
7201521910,environ. monit. assess.,1
7201521910,environ. toxicol. chem.,1
7201521910,glob chang biol,1
7201521910,hydrobiologia,1
7201521910,ibis,1
7201521910,j. anim. ecol.,1
7201521910,j. appl. ecol.,1
7201521910,j. avian biol.,1
7201521910,j. biogeogr.,1
7201521910,j. field ornithol.,1
7201521910,j. herpetol.,1
7201521910,j. ornithol.,1
7201521910,j. wildl. manage.,1
7201521910,mar. ecol. prog. ser.,1
7201521910,methods ecol. evol.,1
7201521910,nature,1
7201521910,oecologia,1
7201521910,oikos,1
7201521910,oryx,1
7201521910,plos one,1
7201521910,proc. natl. acad. sci. u. s. a.,1
7201521910,proc. r. soc. b biol. sci.,1
7201521910,science,1
7201521910,waterbirds,1
7201521910,wetlands ecol. manage.,1
7201521910,wildfowl,1
7201521910,wildl. biol.,1
7201521910,wilson bull.,1
7004329709,ambio,1
7004329709,anim. conserv.,1
7004329709,biol. conserv.,1
7004329709,biol. lett.,1
7004329709,conserv. biol.,1
7004329709,conserv. gen. res.,1
7004329709,conserv. lett.,1
7004329709,diversity distrib.,1
7004329709,ecol. appl.,1
7004329709,ecology,1
7004329709,for. ecol. manage.,1
7004329709,j. agric. biol. environ.,1
7004329709,j. anim. ecol.,1
7004329709,j. appl. ecol.,1
7004329709,j. mammal.,1
7004329709,j. trop. ecol.,1
7004329709,j. zool.,1
7004329709,methods ecol. evol.,1
7004329709,oryx,1
7004329709,plos genet.,1
7004329709,plos one,1
7004329709,proc. natl. acad. sci. u. s. a.,1
7004329709,science,1
7004329709,zoo biol.,1
26643557600,biol. conserv.,1
26643557600,biotropica,1
26643557600,conserv. biol.,1
26643557600,dig int geosci remote sens symp (igarss),1
26643557600,ecol. appl.,1
26643557600,ecology,1
26643557600,for. ecol. manage.,1
26643557600,frontiers ecol. envir.,1
26643557600,ieee trans geosci remote sens,1
26643557600,int. j. remote sens.,1
26643557600,j. appl. ecol.,1
26643557600,j. geophys. res. d atmos.,1
26643557600,j. torrey bot. soc.,1
26643557600,j. veg. sci.,1
26643557600,oecologia,1
26643557600,plant ecol.,1
26643557600,plos one,1
26643557600,proc. r. soc. b biol. sci.,1
26643557600,remote sens. environ.,1
26643557600,soil biol. biochem.,1
26643557600,vegetatio,1
7402379741,anim. biodiversity conserv.,1
7402379741,auk,1
7402379741,biol. conserv.,1
7402379741,biotropica,1
7402379741,condor,1
7402379741,ecography,1
7402379741,ecology,1
7402379741,j. appl. ecol.,1
7402379741,ncasi tech bull,1
7402379741,wetlands,1
7402379741,wilson j. ornithol.,1
6603345340,anim. biodiversity conserv.,1
6603345340,anim. conserv.,1
6603345340,auk,1
6603345340,austral ecol.,1
6603345340,biometrics,1
6603345340,ecography,1
6603345340,ecology,1
6603345340,j. anim. ecol.,1
6603345340,j. appl. ecol.,1
6603345340,j. molluscan stud.,1
6603345340,j. zool.,1
6603345340,methods ecol. evol.,1
6603345340,new zealand j. bot.,1
6603345340,new zealand j. ecol.,1
6603345340,new zealand j. zool.,1
6603345340,oikos,1
6603345340,trends ecol. evol.,1
6603345340,wildl. res.,1
6603345340,wildl. soc. bull.,1
8862337100,adv. ecol. res.,1
8862337100,am. j. bot.,1
8862337100,am. nat.,1
8862337100,aquatic sci.,1
8862337100,biodiversity conserv.,1
8862337100,bioinformatics,1
8862337100,biol. invasions,1
8862337100,biol. lett.,1
8862337100,biol. rev.,1
8862337100,bioscience,1
8862337100,can. j. zool.,1
8862337100,conserv. biol.,1
8862337100,diversity distrib.,1
8862337100,ecography,1
8862337100,ecol. indic.,1
8862337100,ecol. lett.,1
8862337100,ecol. monogr.,1
8862337100,ecology,1
8862337100,ecology and evolution,1
8862337100,ecoscience,1
8862337100,ecosphere,1
8862337100,evol. ecol.,1
8862337100,front. microbiol.,1
8862337100,funct. ecol.,1
8862337100,integr. environ. assess. manage.,1
8862337100,j. anim. ecol.,1
8862337100,j. appl. ecol.,1
8862337100,j. ecol.,1
8862337100,j. exp. mar. biol. ecol.,1
8862337100,nat. commun.,1
8862337100,nat. ecol. evol.,1
8862337100,nature,1
8862337100,oecologia,1
8862337100,philos. trans. r. soc. b biol. sci.,1
8862337100,plos one,1
8862337100,proc. natl. acad. sci. u. s. a.,1
8862337100,proc. r. soc. b biol. sci.,1
8862337100,trends ecol. evol.,1
7004951968,anim. conserv.,1
7004951968,aust. j. zool.,1
7004951968,austral ecol.,1
7004951968,behav. ecol. sociobiol.,1
7004951968,biol. conserv.,1
7004951968,ecol. appl.,1
7004951968,ecol. manage. restor.,1
7004951968,j. appl. ecol.,1
7004951968,mol. ecol.,1
7004951968,restor. ecol.,1
7004951968,wildl. res.,1
7201821329,acta oecol.,1
7201821329,agric. ecosyst. environ.,1
7201821329,anim. behav.,1
7201821329,ann. zool. fenn.,1
7201821329,aust. j. zool.,1
7201821329,austral ecol.,1
7201821329,behav. ecol.,1
7201821329,behav. ecol. sociobiol.,1
7201821329,biodiversity conserv.,1
7201821329,biol. conserv.,1
7201821329,biol. invasions,1
7201821329,biol. lett.,1
7201821329,biol. rev.,1
7201821329,boreal environ. res.,1
7201821329,can. j. zool.,1
7201821329,ecography,1
7201821329,ecol. lett.,1
7201821329,ecol. monogr.,1
7201821329,front. zool.,1
7201821329,funct. ecol.,1
7201821329,global ecol. biogeogr.,1
7201821329,j. anim. ecol.,1
7201821329,j. appl. ecol.,1
7201821329,j. chem. ecol.,1
7201821329,j. comp. physiol. a neuroethol. sens. neural. behav. physiol.,1
7201821329,j. mammal.,1
7201821329,j. wildl. manage.,1
7201821329,j. zool.,1
7201821329,mammal rev.,1
7201821329,nature,1
7201821329,oecologia,1
7201821329,oikos,1
7201821329,plos one,1
7201821329,proc. natl. acad. sci. u. s. a.,1
7201821329,proc. r. soc. b biol. sci.,1
7201821329,sci. rep.,1
7201821329,trends ecol. evol.,1
7201821329,wildl. res.,1
35556864200,aust. j. zool.,1
35556864200,austral ecol.,1
35556864200,behav. ecol. sociobiol.,1
35556864200,biol. conserv.,1
35556864200,biol. invasions,1
35556864200,biol. j. linn. soc.,1
35556864200,conserv. biol.,1
35556864200,crop prot.,1
35556864200,ecol. appl.,1
35556864200,ecol. lett.,1
35556864200,ecol. model.,1
35556864200,ecology and evolution,1
35556864200,ecosystems,1
35556864200,environ. manage.,1
35556864200,epidemiol. infect.,1
35556864200,evol. ecol.,1
35556864200,frontiers ecol. envir.,1
35556864200,int. j. remote sens.,1
35556864200,j. anim. ecol.,1
35556864200,j. appl. ecol.,1
35556864200,j. environ. manage.,1
35556864200,new zealand j. ecol.,1
35556864200,new zealand j. zool.,1
35556864200,oecologia,1
35556864200,oikos,1
35556864200,philos. trans. r. soc. b biol. sci.,1
35556864200,plos one,1
35556864200,remote sens. environ.,1
35556864200,restor. ecol.,1
35556864200,wildl. res.,1
15031315600,anim. behav.,1
15031315600,anim. conserv.,1
15031315600,ann. rev. ecol. evol. syst.,1
15031315600,auk,1
15031315600,behav. ecol.,1
15031315600,behav ecol sociobiol,1
15031315600,behaviour,1
15031315600,biol. conserv.,1
15031315600,can. j. for. res.,1
15031315600,can. j. zool.,1
15031315600,conserv. biol.,1
15031315600,conserv. physol.,1
15031315600,ecography,1
15031315600,ecohealth,1
15031315600,ecol. appl.,1
15031315600,ecol. eng.,1
15031315600,ecology,1
15031315600,ecol. soc.,1
15031315600,environ. sci. technol.,1
15031315600,global change biol.,1
15031315600,isot. environ. health stud.,1
15031315600,j. anim. ecol.,1
15031315600,j. appl. ecol.,1
15031315600,j. avian biol.,1
15031315600,j. nat. conserv.,1
15031315600,j. wildl. manage.,1
15031315600,mar. ornithol.,1
15031315600,oikos,1
15031315600,physiol. biochem. zool.,1
15031315600,plos one,1
15031315600,proc. natl. acad. sci. u. s. a.,1
15031315600,proc. r. soc. b biol. sci.,1
15031315600,r. soc. open sci.,1
15031315600,soc. nat. res.,1
15031315600,trends ecol. evol.,1
15031315600,urban ecosyst.,1
15519142700,agric. for. entomol.,1
15519142700,ann. app. biol.,1
15519142700,biol. conserv.,1
15519142700,biol. lett.,1
15519142700,environmetrics,1
15519142700,j. anim. ecol.,1
15519142700,j. appl. ecol.,1
15519142700,j. ecol.,1
15519142700,philos. trans. r. soc. b biol. sci.,1
15519142700,proc. r. soc. b biol. sci.,1
6603360149,acta theriol.,1
6603360149,agric. ecosyst. environ.,1
6603360149,agric. syst.,1
6603360149,biol. conserv.,1
6603360149,biol. lett.,1
6603360149,bioscience,1
6603360149,forestry,1
6603360149,insect conserv. diversity,1
6603360149,j. appl. ecol.,1
6603360149,j. arachnol.,1
6603360149,j. insect conserv.,1
6603360149,j. zool.,1
6603360149,land use policy,1
6603360149,mammal rev.,1
6603360149,plos one,1
8835675100,adv. ecol. res.,1
8835675100,agric. ecosyst. environ.,1
8835675100,ann. bot.,1
8835675100,biodiversity conserv.,1
8835675100,biol. conserv.,1
8835675100,crop prot.,1
8835675100,ecol. appl.,1
8835675100,environ. health perspect.,1
8835675100,environ. sci. policy,1
8835675100,field crops res.,1
8835675100,global change biol.,1
8835675100,j. anim. ecol.,1
8835675100,j. appl. ecol.,1
8835675100,j. ecol.,1
8835675100,j. veg. sci.,1
8835675100,land use policy,1
8835675100,mbio,1
8835675100,nat. clim. change,1
8835675100,nature,1
8835675100,pest manage. sci.,1
8835675100,plos one,1
8835675100,proc. r. soc. b biol. sci.,1
8835675100,soil tillage res.,1
8835675100,weed res.,1
8835675100,weed sci.,1
7102487714,agric. ecosyst. environ.,1
7102487714,am. nat.,1
7102487714,anim. behav.,1
7102487714,ardea,1
7102487714,behav. ecol.,1
7102487714,behav ecol sociobiol,1
7102487714,behav. ecol. sociobiol.,1
7102487714,behaviour,1
7102487714,biol. conserv.,1
7102487714,biotropica,1
7102487714,bird conserv. int.,1
7102487714,bird study,1
7102487714,curr. biol.,1
7102487714,ecol. indic.,1
7102487714,ecol. lett.,1
7102487714,environ rev,1
7102487714,environ. sci. technol.,1
7102487714,funct. ecol.,1
7102487714,global change biol.,1
7102487714,herpetol. j.,1
7102487714,ibis,1
7102487714,int. j. climatol.,1
7102487714,j. anim. ecol.,1
7102487714,j. appl. ecol.,1
7102487714,j. ecol.,1
7102487714,j. wildl. manage.,1
7102487714,methods ecol. evol.,1
7102487714,mol. ecol.,1
7102487714,nature,1
7102487714,oikos,1
7102487714,oryx,1
7102487714,ostrich,1
7102487714,philos. trans. r. soc. b biol. sci.,1
7102487714,plos one,1
7102487714,proc. r. soc. b biol. sci.,1
7102487714,science,1
7102487714,sustainability,1
7102487714,trends ecol. evol.,1
57189193764,am. nat.,1
57189193764,ecol. indic.,1
57189193764,j. appl. ecol.,1
57189193764,j. ornithol.,1
57189193764,oecologia,1
57189193764,wildl. res.,1
6603862138,ann. bot.,1
6603862138,basic appl. ecol.,1
6603862138,biodiversity conserv.,1
6603862138,biol. conserv.,1
6603862138,biol. j. linn. soc.,1
6603862138,bird conserv. int.,1
6603862138,bird study,1
6603862138,conserv. biol.,1
6603862138,conserv. lett.,1
6603862138,ecol. appl.,1
6603862138,ecol. indic.,1
6603862138,ecology and evolution,1
6603862138,freshwater sci.,1
6603862138,global change biol.,1
6603862138,ibis,1
6603862138,j. appl. ecol.,1
6603862138,j. ornithol.,1
6603862138,mamm. biol.,1
6603862138,methods ecol. evol.,1
6603862138,nat. clim. change,1
6603862138,oecologia,1
6603862138,philos. trans. r. soc. b biol. sci.,1
6603862138,plos one,1
6603862138,proc. r. soc. b biol. sci.,1
6603862138,river res. appl.,1
6603862138,science,1
6603862138,wildl. res.,1
7005951931,anim. biodiversity conserv.,1
7005951931,anim. conserv.,1
7005951931,atmos. environ.,1
7005951931,auk,1
7005951931,biodiversity conserv.,1
7005951931,biol. conserv.,1
7005951931,biometrics,1
7005951931,clim. res.,1
7005951931,condor,1
7005951931,conserv. biol.,1
7005951931,ecol. appl.,1
7005951931,ecol. model.,1
7005951931,ecol. monogr.,1
7005951931,ecology,1
7005951931,ecology and evolution,1
7005951931,ecosphere,1
7005951931,environ. ecol. stat.,1
7005951931,environmetrics,1
7005951931,frontiers ecol. envir.,1
7005951931,herpetol. conserv. biol.,1
7005951931,j. agric. biol. environ.,1
7005951931,j. anim. ecol.,1
7005951931,j. appl. ecol.,1
7005951931,j. herpetol.,1
7005951931,j. ornithol.,1
7005951931,j. wildl. dis.,1
7005951931,j. wildl. manage.,1
7005951931,landsc. ecol.,1
7005951931,methods ecol. evol.,1
7005951931,mol. ecol.,1
7005951931,oecologia,1
7005951931,oikos,1
7005951931,plos one,1
7005951931,popul. ecol.,1
7005951931,proc. natl. acad. sci. u. s. a.,1
7005951931,r. soc. open sci.,1
7005951931,sci. rep.,1
7005951931,trans. am. fish. soc.,1
7005951931,trends ecol. evol.,1
7005951931,wildl. res.,1
7005951931,wildl. soc. bull.,1
7005951931,wilson bull.,1
14018465400,austral ecol.,1
14018465400,biol. conserv.,1
14018465400,conserv. biol.,1
14018465400,conserv. lett.,1
14018465400,diversity distrib.,1
14018465400,ecol. appl.,1
14018465400,ecol. indic.,1
14018465400,ecol. lett.,1
14018465400,endanger. species res.,1
14018465400,hum. ecol.,1
14018465400,j. appl. ecol.,1
14018465400,philos. trans. r. soc. b biol. sci.,1
14018465400,"philos. trans. r. soc. lond., b, biol. sci.",1
14018465400,plos one,1
14018465400,proc. r. soc. b biol. sci.,1
14018465400,science,1
14018465400,sci. total environ.,1
14018465400,water sci. technol.,1
7006595259,acta oecol.,1
7006595259,ambio,1
7006595259,am. nat.,1
7006595259,anim. conserv.,1
7006595259,biodiversity conserv.,1
7006595259,bioessays,1
7006595259,biol. j. linn. soc.,1
7006595259,biol. lett.,1
7006595259,bioscience,1
7006595259,conserv. biol.,1
7006595259,conserv. lett.,1
7006595259,curr. opin. environ. sustainability,1
7006595259,diversity distrib.,1
7006595259,ecol. lett.,1
7006595259,ecology and evolution,1
7006595259,ecosyst. serv.,1
7006595259,environ. model. softw.,1
7006595259,environ.res.lett.,1
7006595259,frontiers ecol. envir.,1
7006595259,global change biol.,1
7006595259,global environ. change,1
7006595259,ibis,1
7006595259,j. appl. ecol.,1
7006595259,j. zool.,1
7006595259,lancet,1
7006595259,mol. ecol.,1
7006595259,nat. ecol. evol.,1
7006595259,nature,1
7006595259,oryx,1
7006595259,philos. trans. r. soc. b biol. sci.,1
7006595259,plos biol.,1
7006595259,plos one,1
7006595259,proc. natl. acad. sci. u. s. a.,1
7006595259,proc. r. soc. b biol. sci.,1
7006595259,q. rev. biol.,1
7006595259,science,1
7006595259,sci. rep.,1
7006595259,trends ecol. evol.,1
7006595259,zool. j. linn. soc.,1
7102995230,annu. rev. environ. resour.,1
7102995230,conserv. biol.,1
7102995230,ecol. econ.,1
7102995230,global environ. change,1
7102995230,j. appl. ecol.,1
7102995230,nat. clim. change,1
7102995230,oryx,1
7102995230,water resour. res.,1
26867483000,j. appl. ecol.,1
7003329682,biol. conserv.,1
7003329682,bird conserv. int.,1
7003329682,conserv. biol.,1
7003329682,ecol. econ.,1
7003329682,ecosyst. serv.,1
7003329682,j. appl. ecol.,1
7003329682,land use policy,1
7003329682,oryx,1
7003329682,philos. trans. r. soc. b biol. sci.,1
7003329682,plos one,1
7003329682,ursus,1
7003936013,acta chiropterologica,1
7003936013,anim. biodiversity conserv.,1
7003936013,anim. conserv.,1
7003936013,ardeola,1
7003936013,biodiversity conserv.,1
7003936013,biol. conserv.,1
7003936013,bird conserv. int.,1
7003936013,bird study,1
7003936013,conserv. biol.,1
7003936013,conserv. genet.,1
7003936013,curr. biol.,1
7003936013,ecol. model.,1
7003936013,endanger. species res.,1
7003936013,environ. conserv.,1
7003936013,environ. manage.,1
7003936013,environ. sci. policy,1
7003936013,eur. j. wildl. res.,1
7003936013,hum. ecol.,1
7003936013,j. anim. ecol.,1
7003936013,j. appl. ecol.,1
7003936013,j. arid environ.,1
7003936013,j. wildl. manage.,1
7003936013,j. zool.,1
7003936013,mammal rev.,1
7003936013,mol. ecol. notes,1
7003936013,mol. phylogenet. evol.,1
7003936013,oryx,1
7003936013,philos. trans. r. soc. b biol. sci.,1
7003936013,plos one,1
7003936013,trends ecol. evol.,1
7003936013,zoo biol.,1
7003936013,zool. j. linn. soc.,1
8266898800,afr. j. ecol.,1
8266898800,anim. biodiversity conserv.,1
8266898800,anim. conserv.,1
8266898800,annu. rev. environ. resour.,1
8266898800,basic appl. ecol.,1
8266898800,biodiversity conserv.,1
8266898800,biol. conserv.,1
8266898800,biol. rev.,1
8266898800,biotropica,1
8266898800,conserv. biol.,1
8266898800,conserv. lett.,1
8266898800,curr. opin. environ. sustainability,1
8266898800,diversity distrib.,1
8266898800,ecol. econ.,1
8266898800,ecol. lett.,1
8266898800,ecology,1
8266898800,ecology and evolution,1
8266898800,ecol. soc.,1
8266898800,ecosyst. serv.,1
8266898800,environ. conserv.,1
8266898800,for. ecol. manage.,1
8266898800,forests,1
8266898800,global change biol.,1
8266898800,j. appl. ecol.,1
8266898800,j. arachnol.,1
8266898800,j. biogeogr.,1
8266898800,j. herpetol.,1
8266898800,j. trop. ecol.,1
8266898800,landsc. ecol.,1
8266898800,land use policy,1
8266898800,mar. pollut. bull.,1
8266898800,nature,1
8266898800,oecologia,1
8266898800,oikos,1
8266898800,oryx,1
8266898800,philos. trans. r. soc. b biol. sci.,1
8266898800,"philos. trans. r. soc. lond., b, biol. sci.",1
8266898800,plos one,1
8266898800,proc. natl. acad. sci. u. s. a.,1
8266898800,proc. r. soc. b biol. sci.,1
8266898800,science,1
8266898800,sustainability,1
8266898800,trends ecol. evol.,1
7201472907,agric. ecosyst. environ.,1
7201472907,agric. for. meterol.,1
7201472907,agric. syst.,1
7201472907,biodiversity conserv.,1
7201472907,biol. conserv.,1
7201472907,clim. change,1
7201472907,ecol. appl.,1
7201472907,ecol. econ.,1
7201472907,ecol. model.,1
7201472907,environ. model. softw.,1
7201472907,frontiers ecol. envir.,1
7201472907,gcb bioenergy,1
7201472907,global environ. change,1
7201472907,j. appl. ecol.,1
7201472907,mar. ecol. prog. ser.,1
7201472907,plos one,1
7201472907,proc. natl. acad. sci. u. s. a.,1
7201472907,science,1
7201472907,soil use manage.,1
7201472907,theor. appl. genet.,1
7201472907,trends ecol. evol.,1
15052010900,annu. rev. environ. resour.,1
15052010900,biol. conserv.,1
15052010900,biol. lett.,1
15052010900,biol. rev.,1
15052010900,conserv. biol.,1
15052010900,diversity distrib.,1
15052010900,ecol. appl.,1
15052010900,ecol. entomol.,1
15052010900,global ecol. biogeogr.,1
15052010900,isr. j. ecol. evolution,1
15052010900,j. appl. ecol.,1
15052010900,j. zool.,1
15052010900,nat. ecol. evol.,1
15052010900,nature,1
15052010900,philos. trans. r. soc. b biol. sci.,1
15052010900,proc. natl. acad. sci. u. s. a.,1
15052010900,proc. r. soc. b biol. sci.,1
15052010900,syst. biol.,1
24460642000,j. appl. ecol.,1
24460642000,sci. rep.,1
26534567600,ecol. econ.,1
26534567600,j. appl. ecol.,1
25226008100,ambio,1
25226008100,arch. environ. contam. toxicol.,1
25226008100,bird study,1
25226008100,chemosphere,1
25226008100,conserv. biol.,1
25226008100,ecotoxicol. environ. saf.,1
25226008100,ecotoxicology,1
25226008100,environ. pollut.,1
25226008100,environ. res.,1
25226008100,environ. sci. technol.,1
25226008100,environ. toxicol. chem.,1
25226008100,ibis,1
25226008100,j. appl. ecol.,1
25226008100,j. zool.,1
25226008100,mar. pollut. bull.,1
25226008100,nature,1
25226008100,sci. total environ.,1
25226008100,soil biol. biochem.,1
6603661153,adv. ecol. res.,1
6603661153,biol. conserv.,1
6603661153,biol. invasions,1
6603661153,curr. biol.,1
6603661153,diversity distrib.,1
6603661153,ecol. lett.,1
6603661153,ecology,1
6603661153,global change biol.,1
6603661153,global ecol. biogeogr.,1
6603661153,j. anim. ecol.,1
6603661153,j. appl. ecol.,1
6603661153,j. ecol.,1
6603661153,methods ecol. evol.,1
6603661153,nat. clim. change,1
6603661153,oikos,1
6603661153,philos. trans. r. soc. b biol. sci.,1
6603661153,plos biol.,1
6603661153,plos one,1
6603661153,proc. natl. acad. sci. u. s. a.,1
6603661153,proc. r. soc. b biol. sci.,1
6603661153,science,1
6603661153,sci. rep.,1
35621114100,ecol. soc.,1
35621114100,j. appl. ecol.,1
14010058800,anim. behav.,1
14010058800,biol. invasions,1
14010058800,can. j. zool.,1
14010058800,condor,1
14010058800,diversity distrib.,1
14010058800,ecol. indic.,1
14010058800,ecol. lett.,1
14010058800,ecology and evolution,1
14010058800,environmetrics,1
14010058800,frontiers ecol. envir.,1
14010058800,front. mar. sci.,1
14010058800,funct. ecol.,1
14010058800,global change biol.,1
14010058800,ibis,1
14010058800,j. anim. ecol.,1
14010058800,j. appl. ecol.,1
14010058800,j. avian biol.,1
14010058800,mar. ecol. prog. ser.,1
14010058800,methods ecol. evol.,1
14010058800,mol. ecol.,1
14010058800,oikos,1
14010058800,philos. trans. r. soc. a math. phys. eng. sci.,1
14010058800,philos. trans. r. soc. b biol. sci.,1
14010058800,plos one,1
14010058800,proc. natl. acad. sci. u. s. a.,1
14010058800,science,1
14010058800,sci. rep.,1
7004262163,ambio,1
7004262163,aquatic conserv. mar. freshw. ecosyst.,1
7004262163,aquatic ecol.,1
7004262163,aquatic toxicol.,1
7004262163,arch. hydrobiol.,1
7004262163,biol. conserv.,1
7004262163,biol. invasions,1
7004262163,biol. lett.,1
7004262163,bot. mar.,1
7004262163,bull. mar. sci.,1
7004262163,can. j. fish. aquatic sci.,1
7004262163,clim. res.,1
7004262163,conserv. biol.,1
7004262163,cont. shelf res.,1
7004262163,coral reefs,1
7004262163,curr. biol.,1
7004262163,ecography,1
7004262163,ecosphere,1
7004262163,ecotoxicology,1
7004262163,environ. biol. fishes,1
7004262163,environ. pollut.,1
7004262163,environ. sci. policy,1
7004262163,environ. toxicol. chem.,1
7004262163,estuar. coast. shelf sci.,1
7004262163,front. mar. sci.,1
7004262163,hydrobiologia,1
7004262163,ibis,1
7004262163,j. anim. ecol.,1
7004262163,j. appl. ecol.,1
7004262163,j. environ. manage.,1
7004262163,j. exp. mar. biol. ecol.,1
7004262163,j. fish biol.,1
7004262163,j. mar. biol. assoc. u.k.,1
7004262163,j. mar. syst.,1
7004262163,j. plankton res.,1
7004262163,j. sea res.,1
7004262163,limnol. oceanogr.,1
7004262163,mar. biol.,1
7004262163,mar. ecol.,1
7004262163,mar. ecol. prog. ser.,1
7004262163,mar. environ. res.,1
7004262163,mar. policy,1
7004262163,mar. pollut. bull.,1
7004262163,methods ecol. evol.,1
7004262163,nature,1
7004262163,ocean coast. manage.,1
7004262163,philos. trans. r. soc. a math. phys. eng. sci.,1
7004262163,plos one,1
7004262163,rev. biol. trop.,1
7004262163,sci. mar.,1
7004262163,sci. rep.,1
7004262163,water res.,1
6701787865,anim. behav.,1
6701787865,ardea,1
6701787865,auk,1
6701787865,basic appl. ecol.,1
6701787865,behav. ecol. sociobiol.,1
6701787865,biol. conserv.,1
6701787865,biol. invasions,1
6701787865,biol. lett.,1
6701787865,biol. rev.,1
6701787865,bird study,1
6701787865,can. j. zool.,1
6701787865,condor,1
6701787865,conserv. gen. res.,1
6701787865,curr. biol.,1
6701787865,curr. zool.,1
6701787865,ecol. lett.,1
6701787865,ecology,1
6701787865,ecology and evolution,1
6701787865,ecosphere,1
6701787865,ecotoxicology,1
6701787865,endanger. species res.,1
6701787865,environmetrics,1
6701787865,environ. pollut.,1
6701787865,environ. toxicol. chem.,1
6701787865,eur. j. wildl. res.,1
6701787865,frontiers ecol. envir.,1
6701787865,front. mar. sci.,1
6701787865,funct. ecol.,1
6701787865,heredity,1
6701787865,ibis,1
6701787865,j. anim. ecol.,1
6701787865,j. appl. ecol.,1
6701787865,j. avian biol.,1
6701787865,j. biogeogr.,1
6701787865,j. environ. manage.,1
6701787865,j. mar. biol. assoc. u.k.,1
6701787865,j. ornithol.,1
6701787865,mammal rev.,1
6701787865,mar. biol.,1
6701787865,mar. ecol.,1
6701787865,mar. ecol. prog. ser.,1
6701787865,mar. pollut. bull.,1
6701787865,methods ecol. evol.,1
6701787865,mol. ecol.,1
6701787865,nature,1
6701787865,oecologia,1
6701787865,oikos,1
6701787865,peerj,1
6701787865,philos. trans. r. soc. a math. phys. eng. sci.,1
6701787865,physiol. biochem. zool.,1
6701787865,plos one,1
6701787865,polar biol.,1
6701787865,proc. r. soc. b biol. sci.,1
6701787865,rapid commun. mass spectrom.,1
6701787865,science,1
6701787865,sci. rep.,1
6701787865,trends ecol. evol.,1
6701787865,waterbirds,1
7005699446,anim. behav.,1
7005699446,anim. conserv.,1
7005699446,aqua. biol.,1
7005699446,aquatic conserv. mar. freshw. ecosyst.,1
7005699446,behav. ecol.,1
7005699446,behav. ecol. sociobiol.,1
7005699446,biodiversity conserv.,1
7005699446,biol. conserv.,1
7005699446,biol. lett.,1
7005699446,can. j. zool.,1
7005699446,conserv. biol.,1
7005699446,copeia,1
7005699446,coral reefs,1
7005699446,curr. biol.,1
7005699446,diversity distrib.,1
7005699446,ecography,1
7005699446,ecology,1
7005699446,ecology and evolution,1
7005699446,ecosphere,1
7005699446,endanger. species res.,1
7005699446,evol. ecol. res.,1
7005699446,fish. res.,1
7005699446,front. mar. sci.,1
7005699446,global change biol.,1
7005699446,global ecol. biogeogr.,1
7005699446,herpetol. rev.,1
7005699446,ices j. mar. sci.,1
7005699446,j. anim. ecol.,1
7005699446,j. appl. ecol.,1
7005699446,j. crustacean biol.,1
7005699446,j. exp. biol.,1
7005699446,j. exp. mar. biol. ecol.,1
7005699446,j. mar. biol. assoc. u.k.,1
7005699446,j. nat. hist.,1
7005699446,j. therm. biol.,1
7005699446,j. wildl. manage.,1
7005699446,mar. biol.,1
7005699446,mar. ecol.,1
7005699446,mar. ecol. prog. ser.,1
7005699446,mar. policy,1
7005699446,mol. ecol.,1
7005699446,ocean coast. manage.,1
7005699446,oikos,1
7005699446,oryx,1
7005699446,philos. trans. r. soc. a math. phys. eng. sci.,1
7005699446,physiol. biochem. zool.,1
7005699446,proc. r. soc. b biol. sci.,1
7005699446,sci. mar.,1
6602631908,ardea,1
6602631908,biol. conserv.,1
6602631908,biol. lett.,1
6602631908,biol. rev.,1
6602631908,bird study,1
6602631908,chemosphere,1
6602631908,condor,1
6602631908,conserv. gen. res.,1
6602631908,curr. biol.,1
6602631908,deep-sea res. part ii top. stud. oceanogr.,1
6602631908,diversity distrib.,1
6602631908,ecol. appl.,1
6602631908,ecol. lett.,1
6602631908,ecology,1
6602631908,ecology and evolution,1
6602631908,frontiers ecol. envir.,1
6602631908,funct. ecol.,1
6602631908,ibis,1
6602631908,j. anim. ecol.,1
6602631908,j. appl. ecol.,1
6602631908,j. avian biol.,1
6602631908,j. ornithol.,1
6602631908,j. r. soc. interface,1
6602631908,mar. biol.,1
6602631908,mar. ecol. prog. ser.,1
6602631908,mar. policy,1
6602631908,mar. pollut. bull.,1
6602631908,mol. ecol.,1
6602631908,oikos,1
6602631908,philos. trans. r. soc. a math. phys. eng. sci.,1
6602631908,physiol. biochem. zool.,1
6602631908,plos one,1
6602631908,polar biol.,1
6602631908,proc. r. soc. b biol. sci.,1
6602631908,rapid commun. mass spectrom.,1
6602631908,r. soc. open sci.,1
6602631908,science,1
6602631908,sci. rep.,1
7006693687,anim. behav.,1
7006693687,anim. biodiversity conserv.,1
7006693687,anim. conserv.,1
7006693687,aqua. biol.,1
7006693687,aquatic conserv. mar. freshw. ecosyst.,1
7006693687,behav. ecol.,1
7006693687,behav. ecol. sociobiol.,1
7006693687,biodiversity conserv.,1
7006693687,biol. conserv.,1
7006693687,biol. lett.,1
7006693687,can. j. zool.,1
7006693687,conserv. biol.,1
7006693687,conserv. genet.,1
7006693687,conserv. gen. res.,1
7006693687,conserv. lett.,1
7006693687,copeia,1
7006693687,coral reefs,1
7006693687,curr. biol.,1
7006693687,deep-sea res. part ii top. stud. oceanogr.,1
7006693687,diversity distrib.,1
7006693687,ecography,1
7006693687,ecology,1
7006693687,ecology and evolution,1
7006693687,ecosphere,1
7006693687,endanger. species res.,1
7006693687,evol. ecol. res.,1
7006693687,fish. res.,1
7006693687,frontiers ecol. envir.,1
7006693687,front. mar. sci.,1
7006693687,global change biol.,1
7006693687,global ecol. biogeogr.,1
7006693687,ibis,1
7006693687,ices j. mar. sci.,1
7006693687,j. anim. ecol.,1
7006693687,j. appl. ecol.,1
7006693687,j. crustacean biol.,1
7006693687,j. exp. biol.,1
7006693687,j. exp. mar. biol. ecol.,1
7006693687,j. mar. biol. assoc. u.k.,1
7006693687,j. molluscan stud.,1
7006693687,j. nat. hist.,1
7006693687,j. therm. biol.,1
7006693687,j. wildl. manage.,1
7006693687,mar. biol.,1
7006693687,mar. ecol.,1
7006693687,mar. ecol. prog. ser.,1
7006693687,mar. environ. res.,1
7006693687,mari. mamm. sci.,1
7006693687,mar. policy,1
7006693687,mar. pollut. bull.,1
7006693687,methods ecol. evol.,1
7006693687,mol. ecol.,1
7006693687,ocean coast. manage.,1
7006693687,oikos,1
7006693687,oryx,1
7006693687,philos. trans. r. soc. a math. phys. eng. sci.,1
7006693687,physiol. biochem. zool.,1
7006693687,plos one,1
7006693687,proc. r. soc. b biol. sci.,1
7006693687,sci. mar.,1
7006693687,sci. rep.,1
7006693687,sci. total environ.,1
7006693687,wilson j. ornithol.,1
7006693687,zootaxa,1
7003277799,anim. behav.,1
7003277799,ann. zool. fenn.,1
7003277799,aquatic sci.,1
7003277799,arch. hydrobiol.,1
7003277799,basic appl. ecol.,1
7003277799,behav. ecol.,1
7003277799,behav. ecol. sociobiol.,1
7003277799,bmc evol. biol.,1
7003277799,can. j. fish. aquatic sci.,1
7003277799,ecography,1
7003277799,ecol. freshw. fish,1
7003277799,ecol. indic.,1
7003277799,ecology,1
7003277799,ecosphere,1
7003277799,ecosystems,1
7003277799,environ. biol. fishes,1
7003277799,environ. manage.,1
7003277799,evol. ecol.,1
7003277799,evol. ecol. res.,1
7003277799,fisheries,1
7003277799,fish fish.,1
7003277799,fish. manage. ecol.,1
7003277799,fish. res.,1
7003277799,freshw. biol.,1
7003277799,funct. ecol.,1
7003277799,fundam. appl. limnol.,1
7003277799,hydrobiologia,1
7003277799,ices j. mar. sci.,1
7003277799,int. rev. hydrobiol.,1
7003277799,j. anim. ecol.,1
7003277799,j. appl. ecol.,1
7003277799,j. biogeogr.,1
7003277799,j. fish biol.,1
7003277799,j. plankton res.,1
7003277799,limnol. oceanogr.,1
7003277799,limnologica,1
7003277799,mar. biol.,1
7003277799,mar. freshw. res.,1
7003277799,oecologia,1
7003277799,oikos,1
7003277799,plos one,1
7003277799,river res. appl.,1
7003277799,sci. rep.,1
7003811144,aquatic microb. ecol.,1
7003811144,bmc evol. biol.,1
7003811144,environ. microbiol.,1
7003811144,j. appl. ecol.,1
7003811144,j. exp. biol.,1
7003811144,limnol. oceanogr.,1
7003811144,proc. natl. acad. sci. u. s. a.,1
9846606200,ann. rev. entomol.,1
9846606200,aquatic conserv. mar. freshw. ecosyst.,1
9846606200,aquatic sci.,1
9846606200,arctic antarct. alp. res.,1
9846606200,biol. conserv.,1
9846606200,bmc evol. biol.,1
9846606200,bmc genomics,1
9846606200,conserv. genet.,1
9846606200,ecography,1
9846606200,env. microbiol. rep.,1
9846606200,evolution,1
9846606200,freshwater sci.,1
9846606200,freshw. biol.,1
9846606200,front. microbiol.,1
9846606200,heredity,1
9846606200,hydrobiologia,1
9846606200,j. appl. ecol.,1
9846606200,j. insect sci.,1
9846606200,j. north am. benthological soc.,1
9846606200,j. zool. syst. evol. res.,1
9846606200,limnol. oceanogr.,1
9846606200,mol. ecol.,1
9846606200,mol. ecol. resour.,1
9846606200,mol. phylogenet. evol.,1
9846606200,nat. commun.,1
9846606200,oikos,1
9846606200,philos. trans. r. soc. b biol. sci.,1
9846606200,plos one,1
9846606200,proc. r. soc. b biol. sci.,1
9846606200,river res. appl.,1
9846606200,sci. total environ.,1
9846606200,sustainability,1
9846606200,syst. biol.,1
9846606200,zootaxa,1
56125204100,biol. conserv.,1
56125204100,bioscience,1
56125204100,bmc evol. biol.,1
56125204100,copeia,1
56125204100,curr. biol.,1
56125204100,diversity distrib.,1
56125204100,ecol. freshw. fish,1
56125204100,ecol. indic.,1
56125204100,environ. biol. fishes,1
56125204100,eur. j. wildl. res.,1
56125204100,evol. ecol.,1
56125204100,evol. ecol. res.,1
56125204100,folia zool.,1
56125204100,hydrobiologia,1
56125204100,ital. j. zool.,1
56125204100,j. appl. ecol.,1
56125204100,j. appl. ichthyol.,1
56125204100,j. biogeogr.,1
56125204100,j. fish biol.,1
56125204100,j. zool. syst. evol. res.,1
56125204100,mol. ecol.,1
56125204100,mol. ecol. resour.,1
56125204100,mol. phylogenet. evol.,1
56125204100,oecologia,1
56125204100,plos one,1
56125204100,proc. r. soc. b biol. sci.,1
56125204100,science,1
56125204100,zootaxa,1
56347144700,arch. environ. contam. toxicol.,1
56347144700,chemosphere,1
56347144700,ecol. monogr.,1
56347144700,ecotoxicology,1
56347144700,environ. entomol.,1
56347144700,environ. pollut.,1
56347144700,environ. toxicol. chem.,1
56347144700,j. agric. biol. environ.,1
56347144700,j. appl. ecol.,1
56347144700,plos one,1
6603602680,agron. j.,1
6603602680,ann. entomol. soc. am.,1
6603602680,apidologie,1
6603602680,appl. soil ecol.,1
6603602680,bioscience,1
6603602680,crop prot.,1
6603602680,ecol. appl.,1
6603602680,environ. entomol.,1
6603602680,j. agric. food chem.,1
6603602680,j. appl. ecol.,1
6603602680,j. appl. entomol.,1
6603602680,j. chem. ecol.,1
6603602680,j. econ. entomol.,1
6603602680,j. pest sci.,1
6603602680,j. wildl. manage.,1
6603602680,naturwissenschaften,1
6603602680,oecologia,1
6603602680,pest manage. sci.,1
6603602680,plos one,1
6603602680,proc. natl. acad. sci. u. s. a.,1
6603602680,r. soc. open sci.,1
6603602680,soil biol. biochem.,1
6603602680,wilson j. ornithol.,1
6603441516,biol. control,1
6603441516,bmc evol. biol.,1
6603441516,crop prot.,1
6603441516,crop sci.,1
6603441516,ecotoxicol. environ. saf.,1
6603441516,entomol. exp. appl.,1
6603441516,environ. entomol.,1
6603441516,freshw. biol.,1
6603441516,hydrobiologia,1
6603441516,j. appl. ecol.,1
6603441516,j. econ. entomol.,1
6603441516,j. insect physiol.,1
6603441516,j. north am. benthological soc.,1
6603441516,plos one,1
6603441516,restor. ecol.,1
6603441516,wetlands,1
7005144408,anim. biodiversity conserv.,1
7005144408,auk,1
7005144408,biol. conserv.,1
7005144408,biometrics,1
7005144408,bird study,1
7005144408,condor,1
7005144408,ecol. appl.,1
7005144408,ecol. lett.,1
7005144408,ecol. model.,1
7005144408,ecology,1
7005144408,ecosphere,1
7005144408,endanger. species res.,1
7005144408,fish. res.,1
7005144408,j. anim. ecol.,1
7005144408,j. appl. ecol.,1
7005144408,j. herpetol.,1
7005144408,j. ornithol.,1
7005144408,j. wildl. manage.,1
7005144408,mari. mamm. sci.,1
7005144408,methods ecol. evol.,1
7005144408,oikos,1
7005144408,plos one,1
7005144408,trans. am. fish. soc.,1
7005144408,wildl. soc. bull.,1
7403458981,anim. biodiversity conserv.,1
7403458981,arctic,1
7403458981,behav. ecol.,1
7403458981,biometrics,1
7403458981,bird study,1
7403458981,can. j. zool.,1
7403458981,condor,1
7403458981,conserv. biol.,1
7403458981,conserv. lett.,1
7403458981,copeia,1
7403458981,ecol. appl.,1
7403458981,ecol. model.,1
7403458981,ecol. monogr.,1
7403458981,ecology,1
7403458981,ecology and evolution,1
7403458981,environ. ecol. stat.,1
7403458981,estuar. coasts,1
7403458981,for. ecol. manage.,1
7403458981,j. agric. biol. environ.,1
7403458981,j. anim. ecol.,1
7403458981,j. appl. ecol.,1
7403458981,j. environ. qual.,1
7403458981,j. exp. mar. biol. ecol.,1
7403458981,j. ornithol.,1
7403458981,j. wildl. dis.,1
7403458981,j. wildl. manage.,1
7403458981,mari. mamm. sci.,1
7403458981,methods ecol. evol.,1
7403458981,north am. j. fish. manage.,1
7403458981,oikos,1
7403458981,restor. ecol.,1
7403458981,science,1
7403458981,southwest. nat.,1
7403458981,trans. am. fish. soc.,1
7403458981,ursus,1
7403458981,wildl. res.,1
7403458981,wildl. soc. bull.,1
7403458981,wilson j. ornithol.,1
6602100326,anim. conserv.,1
6602100326,biodiversity conserv.,1
6602100326,biol. conserv.,1
6602100326,biol. j. linn. soc.,1
6602100326,biol. lett.,1
6602100326,bird conserv. int.,1
6602100326,bird study,1
6602100326,clim. change,1
6602100326,clim. res.,1
6602100326,condor,1
6602100326,diversity distrib.,1
6602100326,ecography,1
6602100326,ecol. indic.,1
6602100326,ecology,1
6602100326,folia zool.,1
6602100326,global change biol.,1
6602100326,global ecol. biogeogr.,1
6602100326,glob chang biol,1
6602100326,ibis,1
6602100326,j. agric. biol. environ.,1
6602100326,j. anim. ecol.,1
6602100326,j. appl. ecol.,1
6602100326,j. biogeogr.,1
6602100326,landsc. ecol.,1
6602100326,methods ecol. evol.,1
6602100326,nat. clim. change,1
6602100326,nat. commun.,1
6602100326,nature,1
6602100326,oecologia,1
6602100326,oikos,1
6602100326,philos. trans. r. soc. b biol. sci.,1
6602100326,plos one,1
6602100326,proc. natl. acad. sci. u. s. a.,1
6602100326,proc. r. soc. b biol. sci.,1
6602100326,ringing migr.,1
6602100326,r. soc. open sci.,1
6602100326,trends ecol. evol.,1
6602100326,wildl. biol.,1
35621204000,appl. veg. sci.,1
35621204000,bird study,1
35621204000,j. appl. ecol.,1
8253947800,ann. new york acad. sci.,1
8253947800,biol. conserv.,1
8253947800,bird study,1
8253947800,ibis,1
8253947800,j. appl. ecol.,1
8253947800,mar. policy,1
8253947800,methods ecol. evol.,1
8253947800,plos one,1
8253947800,science,1
8253947800,wildl. soc. bull.,1
26642412300,appl. geochem.,1
26642412300,biol. conserv.,1
26642412300,ices j. mar. sci.,1
26642412300,j. appl. ecol.,1
35243175200,condor,1
35243175200,conserv. biol.,1
35243175200,ecography,1
35243175200,ecology,1
35243175200,ecosphere,1
35243175200,for. ecol. manage.,1
35243175200,j. anim. ecol.,1
35243175200,j. appl. ecol.,1
35243175200,j. field ornithol.,1
35243175200,j. wildl. manage.,1
35243175200,methods ecol. evol.,1
35243175200,plos one,1
35243175200,wildl. biol.,1
7005106792,am. nat.,1
7005106792,biol. conserv.,1
7005106792,biol. lett.,1
7005106792,biol. rev.,1
7005106792,biotropica,1
7005106792,can. j. for. res.,1
7005106792,condor,1
7005106792,conserv. biol.,1
7005106792,diversity distrib.,1
7005106792,ecography,1
7005106792,ecol. appl.,1
7005106792,ecol. model.,1
7005106792,ecology,1
7005106792,ecology and evolution,1
7005106792,ethology,1
7005106792,for. chron.,1
7005106792,for. ecol. manage.,1
7005106792,funct. ecol.,1
7005106792,global change biol.,1
7005106792,j. acoust. soc. am.,1
7005106792,j. appl. ecol.,1
7005106792,j. appl. entomol.,1
7005106792,j. field ornithol.,1
7005106792,j. for.,1
7005106792,j. insect behav.,1
7005106792,j. insect conserv.,1
7005106792,j. ornithol.,1
7005106792,j. wildl. manage.,1
7005106792,landsc. ecol.,1
7005106792,methods ecol. evol.,1
7005106792,nat. areas j.,1
7005106792,nature,1
7005106792,new phytol.,1
7005106792,northeast. nat.,1
7005106792,plos one,1
7005106792,proc. natl. acad. sci. u. s. a.,1
7005106792,proc. r. soc. b biol. sci.,1
7005106792,r. soc. open sci.,1
7005106792,usda for. serv. gen. tech. rep. pnw gtr,1
7004785148,agrofor. syst.,1
7004785148,am. j. bot.,1
7004785148,am. nat.,1
7004785148,appl. environ. microbiol.,1
7004785148,austral ecol.,1
7004785148,basic appl. ecol.,1
7004785148,biol. control,1
7004785148,community ecol.,1
7004785148,ecol. lett.,1
7004785148,ecol. model.,1
7004785148,ecology,1
7004785148,ecosphere,1
7004785148,environ. microbiol.,1
7004785148,fems microbiol. ecol.,1
7004785148,global ecol. biogeogr.,1
7004785148,isme j.,1
7004785148,j. appl. ecol.,1
7004785148,j. ecol.,1
7004785148,j. plant ecol.,1
7004785148,j. veg. sci.,1
7004785148,new phytol.,1
7004785148,new zealand j. bot.,1
7004785148,new zealand j. ecol.,1
7004785148,oikos,1
7004785148,peerj,1
7004785148,plant ecol.,1
7004785148,symbiosis,1
7004785148,trends ecol. evol.,1
7004785148,urban ecosyst.,1
34879951500,am. nat.,1
34879951500,biol. conserv.,1
34879951500,clim. past,1
34879951500,ecol. lett.,1
34879951500,global change biol.,1
34879951500,global ecol. biogeogr.,1
34879951500,j. appl. ecol.,1
34879951500,j. biogeogr.,1
34879951500,j. ecol.,1
34879951500,plos one,1
34879951500,weed res.,1
35620745300,biol. rev.,1
35620745300,bioscience,1
35620745300,funct. ecol.,1
35620745300,global change biol.,1
35620745300,j. appl. ecol.,1
35620745300,nat. commun.,1
35620745300,new zealand j. ecol.,1
38362628300,am. midl. nat.,1
38362628300,amphib. reptilia,1
38362628300,ann. zool. fenn.,1
38362628300,aquatic sci.,1
38362628300,biol. lett.,1
38362628300,biotropica,1
38362628300,chin. j. appl. ecol.,1
38362628300,freshwater sci.,1
38362628300,freshw. biol.,1
38362628300,hydrobiologia,1
38362628300,j. appl. ecol.,1
38362628300,j. freshw. ecol.,1
38362628300,mar. freshw. res.,1
38362628300,plos one,1
38362628300,river res. appl.,1
38362628300,sci. rep.,1
7404378753,aquatic sci.,1
7404378753,arch. hydrobiol.,1
7404378753,behav. ecol.,1
7404378753,biol. conserv.,1
7404378753,biol. lett.,1
7404378753,bioscience,1
7404378753,can. entomol.,1
7404378753,can. field-nat.,1
7404378753,can. j. fish. aquatic sci.,1
7404378753,can. j. fish. aquat. sci.,1
7404378753,can. j. for. res.,1
7404378753,can. j. zool.,1
7404378753,conserv. biol.,1
7404378753,copeia,1
7404378753,ecohydrology,1
7404378753,ecol. appl.,1
7404378753,ecol. eng.,1
7404378753,ecol. model.,1
7404378753,ecology,1
7404378753,ecosphere,1
7404378753,ecosystems,1
7404378753,environ. biol. fishes,1
7404378753,environ rev,1
7404378753,environ. toxicol. chem.,1
7404378753,estuaries,1
7404378753,fisheries,1
7404378753,for. ecol. manage.,1
7404378753,for. sci.,1
7404378753,freshwater sci.,1
7404378753,freshw. biol.,1
7404378753,fundam. appl. limnol.,1
7404378753,geomorphology,1
7404378753,global change biol.,1
7404378753,herpetol. conserv. biol.,1
7404378753,hydrobiologia,1
7404378753,hydrol. processes,1
7404378753,int. rev. hydrobiol.,1
7404378753,j. am. water resour. assoc.,1
7404378753,j anim ecol,1
7404378753,j. anim. ecol.,1
7404378753,j. appl. ecol.,1
7404378753,j. for. res.,1
7404378753,j. north am. benthological soc.,1
7404378753,mar. ecol. prog. ser.,1
7404378753,nat. geosci.,1
7404378753,northwest sci.,1
7404378753,oecologia,1
7404378753,oikos,1
7404378753,plos one,1
7404378753,proc. r. soc. b biol. sci.,1
7404378753,river res. appl.,1
7404378753,trans. am. fish. soc.,1
7404378753,trends ecol. evol.,1
36622974900,appl. veg. sci.,1
36622974900,biol. lett.,1
36622974900,biol. rev.,1
36622974900,diversity distrib.,1
36622974900,ecography,1
36622974900,ecol. complex.,1
36622974900,ecol. indic.,1
36622974900,ecology and evolution,1
36622974900,folia geobot.,1
36622974900,global ecol. biogeogr.,1
36622974900,j. appl. ecol.,1
36622974900,j. biogeogr.,1
36622974900,j. ecol.,1
36622974900,j. evol. biol.,1
36622974900,j. veg. sci.,1
36622974900,oikos,1
36622974900,philos. trans. r. soc. b biol. sci.,1
36622974900,plos one,1
6506474788,ann. forest sci.,1
6506474788,appl. veg. sci.,1
6506474788,catena,1
6506474788,community ecol.,1
6506474788,ecol. eng.,1
6506474788,environ. manage.,1
6506474788,folia geobot.,1
6506474788,heredity,1
6506474788,j. appl. ecol.,1
6506474788,j. veg. sci.,1
6506474788,new phytol.,1
6506474788,plant soil,1
6506474788,plant syst. evol.,1
6506474788,theor. appl. genet.,1
7102924608,acta oecol.,1
7102924608,agric. ecosyst. environ.,1
7102924608,ann. app. biol.,1
7102924608,ann. bot.,1
7102924608,appl. geogr.,1
7102924608,appl. veg. sci.,1
7102924608,biol. conserv.,1
7102924608,conserv. biol.,1
7102924608,ecol. eng.,1
7102924608,ecol. indic.,1
7102924608,environ. exp. bot.,1
7102924608,environ. pollut.,1
7102924608,for. ecol. manage.,1
7102924608,funct. ecol.,1
7102924608,grass forage sci.,1
7102924608,j. appl. ecol.,1
7102924608,j. biogeogr.,1
7102924608,j. ecol.,1
7102924608,j. environ. manage.,1
7102924608,j. trop. ecol.,1
7102924608,j. veg. sci.,1
7102924608,land degrad. dev.,1
7102924608,landsc. urban plann.,1
7102924608,mar. biol.,1
7102924608,oikos,1
7102924608,plant ecol.,1
7102924608,plant soil,1
7102924608,proc. r. soc. b biol. sci.,1
7102924608,restor. ecol.,1
7102924608,soil use manage.,1
7102924608,vegetatio,1
7102924608,weed res.,1
7102924608,weed technol.,1
7102924608,wetlands ecol. manage.,1
8612028200,agric. for. meterol.,1
8612028200,am. midl. nat.,1
8612028200,behav. ecol. sociobiol.,1
8612028200,biol. invasions,1
8612028200,biotropica,1
8612028200,ecography,1
8612028200,ecol. appl.,1
8612028200,ecol. monogr.,1
8612028200,epidemiol. infect.,1
8612028200,for. ecol. manage.,1
8612028200,j. appl. ecol.,1
8612028200,j. mammal.,1
8612028200,j. wildl. manage.,1
8612028200,landsc. ecol.,1
8612028200,new zealand j. ecol.,1
8612028200,new zealand j. zool.,1
8612028200,plos one,1
8612028200,prev. vet. med.,1
8612028200,sci. rep.,1
8612028200,wildl. res.,1
7403215651,am. midl. nat.,1
7403215651,ann. rev. ecol. evol. syst.,1
7403215651,aquatic sci.,1
7403215651,biogeochemistry,1
7403215651,biol. invasions,1
7403215651,bioscience,1
7403215651,can. j. for. res.,1
7403215651,conserv. biol.,1
7403215651,ecol. appl.,1
7403215651,ecol. lett.,1
7403215651,ecol. model.,1
7403215651,ecol. monogr.,1
7403215651,ecology,1
7403215651,ecol. soc.,1
7403215651,ecoscience,1
7403215651,ecosphere,1
7403215651,ecosystems,1
7403215651,environ. manage.,1
7403215651,environ. model. softw.,1
7403215651,estuaries,1
7403215651,fisheries,1
7403215651,for. ecol. manage.,1
7403215651,freshw. biol.,1
7403215651,frontiers ecol. envir.,1
7403215651,global change biol.,1
7403215651,global ecol. biogeogr.,1
7403215651,int. j. wildland fire,1
7403215651,j. appl. ecol.,1
7403215651,j. ecol.,1
7403215651,j. geophys. res. g biogeosci.,1
7403215651,j. mammal.,1
7403215651,j. north am. benthological soc.,1
7403215651,j. veg. sci.,1
7403215651,j. wildl. manage.,1
7403215651,landsc. ecol.,1
7403215651,land use policy,1
7403215651,mol. ecol.,1
7403215651,nat. areas j.,1
7403215651,ncasi tech bull,1
7403215651,oecologia,1
7403215651,oikos,1
7403215651,plos one,1
7403215651,proc. natl. acad. sci. u. s. a.,1
7403215651,river res. appl.,1
7403215651,science,1
7403215651,soil biol. biochem.,1
7403215651,southeast. nat.,1
7403215651,theor. popul. biol.,1
7102902794,ambio,1
7102902794,am. j. phys. anthropol.,1
7102902794,am. j. primatol.,1
7102902794,anim. behav.,1
7102902794,behav. ecol. sociobiol.,1
7102902794,behaviour,1
7102902794,behav. processes,1
7102902794,biodiversity conserv.,1
7102902794,biol. conserv.,1
7102902794,biol. rev.,1
7102902794,bioscience,1
7102902794,conserv. biol.,1
7102902794,conserv. lett.,1
7102902794,environ. conserv.,1
7102902794,ethology,1
7102902794,frontiers ecol. envir.,1
7102902794,hum. ecol.,1
7102902794,int. j. primatol.,1
7102902794,j. appl. ecol.,1
7102902794,j. mammal.,1
7102902794,j. trop. ecol.,1
7102902794,mammalia,1
7102902794,oryx,1
7102902794,plos one,1
7102902794,proc. r. soc. b biol. sci.,1
7102902794,science,1
7102902794,soc. nat. res.,1
7102902794,trends ecol. evol.,1
7102902794,ursus,1
7102902794,wildl. res.,1
7102902794,wildl. soc. bull.,1
35242310600,am. j. bot.,1
35242310600,biogeosciences,1
35242310600,biol. conserv.,1
35242310600,biotropica,1
35242310600,conserv. biol.,1
35242310600,conserv. lett.,1
35242310600,ecology and evolution,1
35242310600,environ. conserv.,1
35242310600,for. ecol. manage.,1
35242310600,j. appl. ecol.,1
35242310600,j. sustainable for.,1
35242310600,new for.,1
35242310600,oecologia,1
35242310600,oikos,1
35242310600,oryx,1
35242310600,plant ecol.,1
35242310600,plos one,1
35242310600,proc. natl. acad. sci. u. s. a.,1
35620434900,for. ecol. manage.,1
35620434900,j. appl. ecol.,1
55401884400,acta oecol.,1
55401884400,am. nat.,1
55401884400,anim. behav.,1
55401884400,anim. conserv.,1
55401884400,behav. ecol.,1
55401884400,behav. ecol. sociobiol.,1
55401884400,biodiversity conserv.,1
55401884400,biol. conserv.,1
55401884400,biol. j. linn. soc.,1
55401884400,biol. lett.,1
55401884400,biol. rev.,1
55401884400,biol. rev. camb. philos. soc.,1
55401884400,bioscience,1
55401884400,bird study,1
55401884400,bmc evol. biol.,1
55401884400,condor,1
55401884400,conserv. biol.,1
55401884400,ecography,1
55401884400,ecol. econ.,1
55401884400,ecol. lett.,1
55401884400,ecology,1
55401884400,ecosphere,1
55401884400,ecosyst. serv.,1
55401884400,funct. ecol.,1
55401884400,horm. behav.,1
55401884400,ibis,1
55401884400,ital. j. zool.,1
55401884400,j. anim. ecol.,1
55401884400,j. appl. ecol.,1
55401884400,j. avian biol.,1
55401884400,j. evol. biol.,1
55401884400,j. field ornithol.,1
55401884400,j. raptor res.,1
55401884400,j. wildl. manage.,1
55401884400,j. zool.,1
55401884400,land use policy,1
55401884400,mol. ecol.,1
55401884400,nature,1
55401884400,naturwissenschaften,1
55401884400,oecologia,1
55401884400,oikos,1
55401884400,ornis fenn.,1
55401884400,oryx,1
55401884400,plos one,1
55401884400,popul. ecol.,1
55401884400,proc. r. soc. b biol. sci.,1
55401884400,r. soc. open sci.,1
55401884400,science,1
55401884400,theor. popul. biol.,1
55401884400,trends ecol. evol.,1
55401884400,wildl. biol.,1
8838908900,acta oecol.,1
8838908900,ann. bot.,1
8838908900,arthropod-plant interact.,1
8838908900,basic appl. ecol.,1
8838908900,biol. invasions,1
8838908900,bot.,1
8838908900,clim. res.,1
8838908900,ecol. lett.,1
8838908900,evol. ecol.,1
8838908900,for. ecol. manage.,1
8838908900,int. j. plant sci.,1
8838908900,j. appl. ecol.,1
8838908900,j. ecol.,1
8838908900,mol. ecol. resour.,1
8838908900,nord. j. bot.,1
8838908900,oecologia,1
8838908900,oikos,1
8838908900,perspect. plant ecol. evol. syst.,1
8838908900,plant ecol.,1
8838908900,plant syst. evol.,1
8838908900,popul. ecol.,1
8838908900,weed res.,1
7201512419,am. nat.,1
7201512419,aquatic bot.,1
7201512419,bull. entomol. res.,1
7201512419,curr. biol.,1
7201512419,ecol. lett.,1
7201512419,ecology,1
7201512419,evol. ecol.,1
7201512419,evolution,1
7201512419,funct. ecol.,1
7201512419,isr. j. ecol. evolution,1
7201512419,j. anim. ecol.,1
7201512419,j. appl. ecol.,1
7201512419,j. ecol.,1
7201512419,j. evol. biol.,1
7201512419,j. exp. bot.,1
7201512419,j. math. biol.,1
7201512419,j. theor. biol.,1
7201512419,methods ecol. evol.,1
7201512419,nat. commun.,1
7201512419,nature,1
7201512419,nature plants,1
7201512419,new phytol.,1
7201512419,oecologia,1
7201512419,oikos,1
7201512419,philos. trans. r. soc. b biol. sci.,1
7201512419,plant cell environ.,1
7201512419,plant ecol.,1
7201512419,plos one,1
7201512419,proc. natl. acad. sci. u. s. a.,1
7201512419,proc. r. soc. b biol. sci.,1
7201512419,science,1
7201512419,trends ecol. evol.,1
6602274384,agric. ecosyst. environ.,1
6602274384,agric. syst.,1
6602274384,am. nat.,1
6602274384,ann. entomol. soc. am.,1
6602274384,ann. forest sci.,1
6602274384,ann. new york acad. sci.,1
6602274384,aust. j. bot.,1
6602274384,austral ecol.,1
6602274384,biodiversity conserv.,1
6602274384,biol. control,1
6602274384,biol. invasions,1
6602274384,bull. entomol. res.,1
6602274384,conserv. lett.,1
6602274384,diversity distrib.,1
6602274384,ecol. appl.,1
6602274384,ecol. lett.,1
6602274384,ecol. manage. restor.,1
6602274384,ecology,1
6602274384,ecosphere,1
6602274384,environ. manage.,1
6602274384,evol. ecol.,1
6602274384,global change biol.,1
6602274384,heredity,1
6602274384,j. anim. ecol.,1
6602274384,j. appl. ecol.,1
6602274384,j. ecol.,1
6602274384,j. veg. sci.,1
6602274384,landsc. ecol.,1
6602274384,methods ecol. evol.,1
6602274384,mol. ecol.,1
6602274384,mol. ecol. notes,1
6602274384,nat. commun.,1
6602274384,nat. ecol. evol.,1
6602274384,nature,1
6602274384,nature plants,1
6602274384,oecologia,1
6602274384,oikos,1
6602274384,plant ecol.,1
6602274384,plos one,1
6602274384,proc. natl. acad. sci. u. s. a.,1
6602274384,rangelands,1
6602274384,science,1
6602274384,weed res.,1
26653477500,biol. conserv.,1
26653477500,biol. j. linn. soc.,1
26653477500,conserv. lett.,1
26653477500,ecography,1
26653477500,ecol. lett.,1
26653477500,ecology,1
26653477500,global change biol.,1
26653477500,glob chang biol,1
26653477500,j. appl. ecol.,1
26653477500,land use policy,1
26653477500,methods ecol. evol.,1
26653477500,oikos,1
26653477500,plos one,1
26653477500,proc. natl. acad. sci. u. s. a.,1
7404413845,am. nat.,1
7404413845,anim. behav.,1
7404413845,anim. conserv.,1
7404413845,ann. rev. entomol.,1
7404413845,biodiversity conserv.,1
7404413845,biol. conserv.,1
7404413845,biol. j. linn. soc.,1
7404413845,biol. lett.,1
7404413845,conserv. biol.,1
7404413845,conserv. lett.,1
7404413845,diversity distrib.,1
7404413845,ecography,1
7404413845,ecol. appl.,1
7404413845,ecol. entomol.,1
7404413845,ecol. lett.,1
7404413845,ecology,1
7404413845,endanger. species res.,1
7404413845,eur. j. entomol.,1
7404413845,evol ecol,1
7404413845,funct. ecol.,1
7404413845,global change biol.,1
7404413845,global ecol. biogeogr.,1
7404413845,insect conserv. diversity,1
7404413845,j. anim. ecol.,1
7404413845,j. appl. ecol.,1
7404413845,j. evol. biol.,1
7404413845,j. insect conserv.,1
7404413845,landsc. ecol.,1
7404413845,methods ecol. evol.,1
7404413845,nat. clim. change,1
7404413845,nat. commun.,1
7404413845,nature,1
7404413845,new zealand j. zool.,1
7404413845,oecologia,1
7404413845,oikos,1
7404413845,philos. trans. r. soc. b biol. sci.,1
7404413845,plos one,1
7404413845,proc. natl. acad. sci. u. s. a.,1
7404413845,proc. r. soc. b biol. sci.,1
7404413845,science,1
7404413845,trends ecol. evol.,1
6507286963,anim. conserv.,1
6507286963,austral ecol.,1
6507286963,biol. conserv.,1
6507286963,biol. lett.,1
6507286963,bioscience,1
6507286963,can. j. for. res.,1
6507286963,conserv. biol.,1
6507286963,conserv. lett.,1
6507286963,diversity distrib.,1
6507286963,ecography,1
6507286963,ecol. appl.,1
6507286963,ecol. lett.,1
6507286963,ecol. manage. restor.,1
6507286963,ecol. model.,1
6507286963,ecology and evolution,1
6507286963,environmetrics,1
6507286963,for. chron.,1
6507286963,for. ecol. manage.,1
6507286963,frontiers ecol. envir.,1
6507286963,global change biol.,1
6507286963,global ecol. biogeogr.,1
6507286963,glob chang biol,1
6507286963,j. appl. ecol.,1
6507286963,j. wildl. manage.,1
6507286963,landsc. ecol.,1
6507286963,landsc. urban plann.,1
6507286963,methods ecol. evol.,1
6507286963,nat. clim. change,1
6507286963,nature,1
6507286963,oikos,1
6507286963,plos one,1
6507286963,proc. natl. acad. sci. u. s. a.,1
6507286963,proc. r. soc. b biol. sci.,1
6507286963,science,1
6507286963,trends ecol. evol.,1
7005282365,am. nat.,1
7005282365,biodiversity conserv.,1
7005282365,biol. conserv.,1
7005282365,biol. rev.,1
7005282365,conserv. biol.,1
7005282365,conserv. lett.,1
7005282365,diversity distrib.,1
7005282365,ecol. appl.,1
7005282365,ecol. indic.,1
7005282365,ecol. lett.,1
7005282365,ecol. model.,1
7005282365,ecology,1
7005282365,environ. manage.,1
7005282365,environ. model. softw.,1
7005282365,environ. sci. policy,1
7005282365,for. ecol. manage.,1
7005282365,freshw. biol.,1
7005282365,frontiers ecol. envir.,1
7005282365,gcb bioenergy,1
7005282365,global change biol.,1
7005282365,j. anim. ecol.,1
7005282365,j. appl. ecol.,1
7005282365,j. environ. manage.,1
7005282365,landsc. ecol.,1
7005282365,landsc. urban plann.,1
7005282365,methods ecol. evol.,1
7005282365,mol. ecol. notes,1
7005282365,nat. conserv.,1
7005282365,nature,1
7005282365,oikos,1
7005282365,plos one,1
7005282365,proc. r. soc. b biol. sci.,1
7005282365,restor. ecol.,1
7005282365,science,1
7005282365,sci. rep.,1
7005282365,trends ecol. evol.,1
7005282365,wildl. biol.,1
7005282365,wildl. res.,1
55607128700,ambio,1
55607128700,austral ecol.,1
55607128700,basic appl. ecol.,1
55607128700,biol. conserv.,1
55607128700,curr. opin. insect sci.,1
55607128700,diversity distrib.,1
55607128700,ecol. lett.,1
55607128700,ecology and evolution,1
55607128700,global change biol.,1
55607128700,j. appl. ecol.,1
55607128700,landsc. ecol.,1
55607128700,methods ecol. evol.,1
55607128700,nat. commun.,1
55607128700,proc. natl. acad. sci. u. s. a.,1
55607128700,science,1
55607128700,sci. rep.,1
55607128700,wildl. res.,1
7201937104,agric. ecosyst. environ.,1
7201937104,agric. for. entomol.,1
7201937104,am. j. bot.,1
7201937104,anim. conserv.,1
7201937104,ann. bot.,1
7201937104,aust. j. bot.,1
7201937104,aust. j. entomol.,1
7201937104,austral ecol.,1
7201937104,basic appl. ecol.,1
7201937104,biodiversity conserv.,1
7201937104,biol. conserv.,1
7201937104,biol. invasions,1
7201937104,biol. j. linn. soc.,1
7201937104,bioscience,1
7201937104,biotropica,1
7201937104,can. j. for. res.,1
7201937104,conserv. biol.,1
7201937104,curr. biol.,1
7201937104,curr. opin. insect sci.,1
7201937104,diversity distrib.,1
7201937104,ecography,1
7201937104,ecol. appl.,1
7201937104,ecol. eng.,1
7201937104,ecol. entomol.,1
7201937104,ecol. indic.,1
7201937104,ecol. lett.,1
7201937104,ecol. manage. restor.,1
7201937104,ecol. monogr.,1
7201937104,ecology,1
7201937104,ecology and evolution,1
7201937104,ecol. soc.,1
7201937104,ecosphere,1
7201937104,evol. appl.,1
7201937104,field crops res.,1
7201937104,for. ecol. manage.,1
7201937104,freshw. biol.,1
7201937104,global ecol. biogeogr.,1
7201937104,insectes sociaux,1
7201937104,j. anim. ecol.,1
7201937104,j. appl. ecol.,1
7201937104,j. biogeogr.,1
7201937104,j. ecol.,1
7201937104,j. econ. entomol.,1
7201937104,j. insect conserv.,1
7201937104,landsc. ecol.,1
7201937104,oecologia,1
7201937104,oikos,1
7201937104,plant biol.,1
7201937104,plant soil,1
7201937104,plos one,1
7201937104,proc. natl. acad. sci. u. s. a.,1
7201937104,proc. r. soc. b biol. sci.,1
7201937104,restor. ecol.,1
7201937104,science,1
7201937104,sci. rep.,1
7201937104,soil biol. biochem.,1
7201937104,trends ecol. evol.,1
7201937104,zootaxa,1
7004026136,acta oecol.,1
7004026136,anim. behav.,1
7004026136,aust. j. zool.,1
7004026136,austral ecol.,1
7004026136,basic appl. ecol.,1
7004026136,behav. ecol.,1
7004026136,behav. ecol. sociobiol.,1
7004026136,biol. conserv.,1
7004026136,biol. invasions,1
7004026136,biotropica,1
7004026136,condor,1
7004026136,diversity distrib.,1
7004026136,ecol. appl.,1
7004026136,emu,1
7004026136,endanger. species res.,1
7004026136,environ. conserv.,1
7004026136,environ. toxicol. chem.,1
7004026136,evolution,1
7004026136,global ecol. biogeogr.,1
7004026136,integr. zool.,1
7004026136,j. appl. ecol.,1
7004026136,j. fish biol.,1
7004026136,j. r. soc. interface,1
7004026136,landsc. ecol.,1
7004026136,lect. notes comput. sci.,1
7004026136,mar. environ. res.,1
7004026136,nat. commun.,1
7004026136,nature,1
7004026136,oecologia,1
7004026136,oikos,1
7004026136,perspect. plant ecol. evol. syst.,1
7004026136,plos one,1
7004026136,proc. r. soc. b biol. sci.,1
7004026136,sci. total environ.,1
7004026136,trends ecol. evol.,1
7004026136,wildl. res.,1
6504395798,biol. rev.,1
6504395798,environ. entomol.,1
6504395798,euphytica,1
6504395798,j. appl. ecol.,1
6504395798,j. appl. entomol.,1
29167576500,biol. control,1
29167576500,bull. entomol. res.,1
29167576500,j. appl. ecol.,1
29167576500,j. appl. entomol.,1
29167576500,j. insect sci.,1
6603511417,ann. entomol. soc. am.,1
6603511417,biocontrol,1
6603511417,biol. control,1
6603511417,bull. entomol. res.,1
6603511417,can. entomol.,1
6603511417,crop prot.,1
6603511417,entomol. exp. appl.,1
6603511417,environ. entomol.,1
6603511417,j. agric. food chem.,1
6603511417,j. appl. ecol.,1
6603511417,j. appl. entomol.,1
6603511417,j. econ. entomol.,1
6603511417,j. insect behav.,1
6603511417,j. insect physiol.,1
6603511417,j. insect sci.,1
6603511417,new zealand j. zool.,1
6603511417,zootaxa,1
24376721500,anim. conserv.,1
24376721500,biol. conserv.,1
24376721500,conserv. genet.,1
24376721500,eur. j. wildl. res.,1
24376721500,j. appl. ecol.,1
24376721500,j. mammal.,1
24376721500,mammal rev.,1
24376721500,mol. ecol.,1
24376721500,science,1
6701345058,anim. conserv.,1
6701345058,biol. conserv.,1
6701345058,can. field-nat.,1
6701345058,can. j. zool.,1
6701345058,conserv. biol.,1
6701345058,eur. j. wildl. res.,1
6701345058,j. appl. ecol.,1
6701345058,j. arid environ.,1
6701345058,j. mammal.,1
6701345058,j. wildl. manage.,1
6701345058,northwest sci.,1
6701345058,oryx,1
6701345058,wildl. soc. bull.,1
6701820219,acta oecol.,1
6701820219,acta theriol.,1
6701820219,afr. j. ecol.,1
6701820219,ambio,1
6701820219,am. j. phys. anthropol.,1
6701820219,anim. conserv.,1
6701820219,appl. anim. behav. sci.,1
6701820219,ardea,1
6701820219,ardeola,1
6701820219,basic appl. ecol.,1
6701820219,behav. ecol. sociobiol.,1
6701820219,behav. processes,1
6701820219,biodiversity conserv.,1
6701820219,biol. conserv.,1
6701820219,biol. rev.,1
6701820219,bioscience,1
6701820219,can. j. zool.,1
6701820219,conserv. biol.,1
6701820219,conserv. genet.,1
6701820219,conserv. lett.,1
6701820219,diversity distrib.,1
6701820219,ecography,1
6701820219,ecol. appl.,1
6701820219,ecol. informatics,1
6701820219,ecol. lett.,1
6701820219,ecol. model.,1
6701820219,ecosphere,1
6701820219,endanger. species res.,1
6701820219,ethol. ecol. evol.,1
6701820219,eur. j. wildl. res.,1
6701820219,for. ecol. manage.,1
6701820219,global change biol.,1
6701820219,integr. zool.,1
6701820219,ital. j. zool.,1
6701820219,j. anim. ecol.,1
6701820219,j. appl. ecol.,1
6701820219,j. ethol.,1
6701820219,j. mammal.,1
6701820219,j. nat. conserv.,1
6701820219,j. ornithol.,1
6701820219,j. wildl. manage.,1
6701820219,j. zool.,1
6701820219,landsc. ecol.,1
6701820219,landsc. urban plann.,1
6701820219,mammalia,1
6701820219,mammal rev.,1
6701820219,mamm. biol.,1
6701820219,mari. mamm. sci.,1
6701820219,mol. ecol.,1
6701820219,nat. clim. change,1
6701820219,nat. conserv.,1
6701820219,nature,1
6701820219,oecologia,1
6701820219,oryx,1
6701820219,ostrich,1
6701820219,philos. trans. r. soc. b biol. sci.,1
6701820219,"philos. trans. r. soc. lond., b, biol. sci.",1
6701820219,plos biol.,1
6701820219,plos one,1
6701820219,popul. ecol.,1
6701820219,proc. natl. acad. sci. u. s. a.,1
6701820219,proc. r. soc. b biol. sci.,1
6701820219,science,1
6701820219,syst. biol.,1
6701820219,trends ecol. evol.,1
6701820219,ursus,1
6701820219,vie milieu,1
6701820219,wetlands ecol. manage.,1
6701820219,wildl. biol.,1
6701820219,wildl. res.,1
6701820219,wildl. soc. bull.,1
6701820219,zoo biol.,1
7404648559,am. midl. nat.,1
7404648559,am. nat.,1
7404648559,anim. conserv.,1
7404648559,behav. ecol.,1
7404648559,biol. conserv.,1
7404648559,biol. lett.,1
7404648559,bioscience,1
7404648559,bmc ecol.,1
7404648559,can. j. zool.,1
7404648559,conserv. biol.,1
7404648559,conserv. genet.,1
7404648559,conserv. gen. res.,1
7404648559,ecol. appl.,1
7404648559,ecology,1
7404648559,ecosphere,1
7404648559,eur. j. wildl. res.,1
7404648559,evol. appl.,1
7404648559,for. ecol. manage.,1
7404648559,global change biol.,1
7404648559,global ecol. biogeogr.,1
7404648559,heredity,1
7404648559,j. appl. ecol.,1
7404648559,j. fish wildl. manage.,1
7404648559,j. mammal.,1
7404648559,j. wildl. manage.,1
7404648559,landsc. ecol.,1
7404648559,methods ecol. evol.,1
7404648559,mol. ecol.,1
7404648559,mol. ecol. notes,1
7404648559,mol. ecol. resour.,1
7404648559,nature,1
7404648559,northwest sci.,1
7404648559,plos one,1
7404648559,proc. r. soc. b biol. sci.,1
7404648559,trends ecol. evol.,1
7404648559,ursus,1
7404648559,west. north am. nat.,1
7404648559,wildl. soc. bull.,1
7404648559,zootaxa,1
7102957083,acta oecol.,1
7102957083,adv. ecol. res.,1
7102957083,am. nat.,1
7102957083,anim. biodiversity conserv.,1
7102957083,anim. conserv.,1
7102957083,ann. entomol. soc. am.,1
7102957083,ardea,1
7102957083,auk,1
7102957083,biol. conserv.,1
7102957083,biol. j. linn. soc.,1
7102957083,biometrics,1
7102957083,bird conserv. int.,1
7102957083,bird study,1
7102957083,conserv. biol.,1
7102957083,conserv. genet.,1
7102957083,c. r. biol.,1
7102957083,ecography,1
7102957083,ecol. model.,1
7102957083,ecol. monogr.,1
7102957083,ecology,1
7102957083,ecology and evolution,1
7102957083,ecoscience,1
7102957083,evol. ecol.,1
7102957083,evolution,1
7102957083,freshw. biol.,1
7102957083,global change biol.,1
7102957083,ibis,1
7102957083,j. agric. biol. environ.,1
7102957083,j. anim. ecol.,1
7102957083,j. appl. ecol.,1
7102957083,j. avian biol.,1
7102957083,j. ecol.,1
7102957083,j. evol. biol.,1
7102957083,j. fish biol.,1
7102957083,j. nat. conserv.,1
7102957083,j. ornithol.,1
7102957083,j. theor. biol.,1
7102957083,j. veg. sci.,1
7102957083,j. wildl. manage.,1
7102957083,math. biosci.,1
7102957083,methods ecol. evol.,1
7102957083,oecologia,1
7102957083,oikos,1
7102957083,ornis fenn.,1
7102957083,popul. ecol.,1
7102957083,proc. r. soc. b biol. sci.,1
7102957083,rev. ecol. terre vie,1
7102957083,theor. popul. biol.,1
7102957083,trends ecol. evol.,1
7102957083,waterbirds,1
7102957083,wildfowl,1
7102957083,wildl. biol.,1
7102957083,wildl. res.,1
7102957083,wildl. soc. bull.,1
57192300947,afr. j. ecol.,1
57192300947,afr. zool.,1
57192300947,am. j. primatol.,1
57192300947,biodiversity conserv.,1
57192300947,biol. conserv.,1
57192300947,diversity distrib.,1
57192300947,ecography,1
57192300947,ecol. appl.,1
57192300947,ecol. restor.,1
57192300947,endanger. species res.,1
57192300947,frontiers ecol. envir.,1
57192300947,global ecol. biogeogr.,1
57192300947,heredity,1
57192300947,int. j. primatol.,1
57192300947,j. appl. ecol.,1
57192300947,j. mammal.,1
57192300947,j. zool.,1
57192300947,mammalia,1
57192300947,mamm. biol.,1
57192300947,nat. commun.,1
57192300947,nature,1
57192300947,oryx,1
57192300947,philos. trans. r. soc. b biol. sci.,1
57192300947,plos biol.,1
57192300947,plos one,1
57192300947,proc. natl. acad. sci. u. s. a.,1
57192300947,science,1
57192300947,sci. rep.,1
57192300947,sci. total environ.,1
57192300947,trop. conserv. sci.,1
7401645550,afr. j. ecol.,1
7401645550,am. j. primatol.,1
7401645550,biogeosciences,1
7401645550,biol. conserv.,1
7401645550,carbon balance manage.,1
7401645550,diversity distrib.,1
7401645550,ecography,1
7401645550,ecol. appl.,1
7401645550,environ. conserv.,1
7401645550,glob chang biol,1
7401645550,int. j. primatol.,1
7401645550,j. appl. ecol.,1
7401645550,j. ecol.,1
7401645550,j. environ. manage.,1
7401645550,j. trop. ecol.,1
7401645550,nat. commun.,1
7401645550,nature,1
7401645550,oryx,1
7401645550,philos. trans. r. soc. b biol. sci.,1
7401645550,plos one,1
7401645550,prog. phys. geogr.,1
7401645550,s. afr. j. bot.,1
7401645550,science,1
7401645550,sci. rep.,1
7401645550,zoo biol.,1
7407085361,aust. j. bot.,1
7407085361,austral ecol.,1
7407085361,basic appl. ecol.,1
7407085361,biol. invasions,1
7407085361,biol. j. linn. soc.,1
7407085361,biol. lett.,1
7407085361,biol. rev.,1
7407085361,bioscience,1
7407085361,conserv. biol.,1
7407085361,conserv. lett.,1
7407085361,ecol. appl.,1
7407085361,ecol. entomol.,1
7407085361,ecol. lett.,1
7407085361,ecology,1
7407085361,ecosphere,1
7407085361,funct. ecol.,1
7407085361,global change biol.,1
7407085361,global ecol. biogeogr.,1
7407085361,j. appl. ecol.,1
7407085361,j. biogeogr.,1
7407085361,j. ecol.,1
7407085361,j. environ. manage.,1
7407085361,j. veg. sci.,1
7407085361,j. zool.,1
7407085361,mol. ecol.,1
7407085361,nature,1
7407085361,new phytol.,1
7407085361,new zealand j. bot.,1
7407085361,new zealand j. ecol.,1
7407085361,oecologia,1
7407085361,oikos,1
7407085361,plant biol.,1
7407085361,plant ecol.,1
7407085361,plant soil,1
7407085361,proc. r. soc. b biol. sci.,1
7407085361,trends ecol. evol.,1
7407085361,vegetatio,1
7407085361,wildl. res.,1
7005243869,acta theriol.,1
7005243869,austral ecol.,1
7005243869,biol. conserv.,1
7005243869,biol. invasions,1
7005243869,ecol. lett.,1
7005243869,epidemiol. infect.,1
7005243869,eur. j. wildl. res.,1
7005243869,int. j. pest manage.,1
7005243869,j. appl. ecol.,1
7005243869,j. environ. manage.,1
7005243869,j. wildl. dis.,1
7005243869,j. wildl. manage.,1
7005243869,new zealand j. ecol.,1
7005243869,new zealand j. zool.,1
7005243869,oecologia,1
7005243869,pest manage. sci.,1
7005243869,plos one,1
7005243869,prev. vet. med.,1
7005243869,vet. microbiol.,1
7005243869,wildl. biol.,1
7005243869,wildl. res.,1
7005243869,wildl. soc. bull.,1
7201611748,conserv. biol.,1
7201611748,j. appl. ecol.,1
7201611748,new zealand j. ecol.,1
6603900587,agric. ecosyst. environ.,1
6603900587,am. j. bot.,1
6603900587,ann. bot.,1
6603900587,ann. forest sci.,1
6603900587,appl. geogr.,1
6603900587,austral ecol.,1
6603900587,basic appl. ecol.,1
6603900587,biogeochemistry,1
6603900587,biogeosciences,1
6603900587,biol. conserv.,1
6603900587,biol. lett.,1
6603900587,biol. rev.,1
6603900587,bot. j. linn. soc.,1
6603900587,can. j. for. res.,1
6603900587,conserv. biol.,1
6603900587,dig int geosci remote sens symp (igarss),1
6603900587,diversity distrib.,1
6603900587,ecol. indic.,1
6603900587,ecol. lett.,1
6603900587,ecol. model.,1
6603900587,ecol. monogr.,1
6603900587,ecology,1
6603900587,ecology and evolution,1
6603900587,ecol. res.,1
6603900587,ecosystems,1
6603900587,environ. res.,1
6603900587,evolution,1
6603900587,for. ecol. manage.,1
6603900587,funct. ecol.,1
6603900587,global change biol.,1
6603900587,global ecol. biogeogr.,1
6603900587,ieee j. sel. top. appl. earth obs. remote sens.,1
6603900587,ieee trans geosci remote sens,1
6603900587,int. j. appl. earth obs. geoinformation,1
6603900587,int. j. plant sci.,1
6603900587,j. appl. ecol.,1
6603900587,j. ecol.,1
6603900587,j. trop. ecol.,1
6603900587,j. veg. sci.,1
6603900587,j. zool.,1
6603900587,methods ecol. evol.,1
6603900587,mycorrhiza,1
6603900587,nat. commun.,1
6603900587,nature,1
6603900587,nature plants,1
6603900587,new phytol.,1
6603900587,new zealand j. bot.,1
6603900587,new zealand j. ecol.,1
6603900587,new zealand j. zool.,1
6603900587,oecologia,1
6603900587,oikos,1
6603900587,perspect. plant ecol. evol. syst.,1
6603900587,philos. trans. r. soc. b biol. sci.,1
6603900587,plant cell environ.,1
6603900587,plant ecol.,1
6603900587,plant soil,1
6603900587,plos one,1
6603900587,proc. natl. acad. sci. u. s. a.,1
6603900587,proc. r. soc. b biol. sci.,1
6603900587,remote sens.,1
6603900587,remote sens. environ.,1
6603900587,science,1
6603900587,sci. total environ.,1
6603900587,seed sci. res.,1
6603900587,trends ecol. evol.,1
6603900587,vegetatio,1
6603337510,ann. rev. ecol. evol. syst.,1
6603337510,aquatic conserv. mar. freshw. ecosyst.,1
6603337510,conserv. biol.,1
6603337510,environ. manage.,1
6603337510,j. appl. ecol.,1
6603337510,j. mammal.,1
6603337510,wildl. soc. bull.,1
35994335500,ambio,1
35994335500,am. nat.,1
35994335500,anim. behav.,1
35994335500,anim. conserv.,1
35994335500,ann. rev. ecol. evol. syst.,1
35994335500,ann. rev. ecol. syst.,1
35994335500,appl. anim. behav. sci.,1
35994335500,auk,1
35994335500,avian conserv. ecology,1
35994335500,behav. ecol.,1
35994335500,biol. conserv.,1
35994335500,can. field-nat.,1
35994335500,can. j. fish. aquatic sci.,1
35994335500,can. j. for. res.,1
35994335500,can. j. zool.,1
35994335500,conserv. biol.,1
35994335500,conserv. genet.,1
35994335500,diversity distrib.,1
35994335500,ecography,1
35994335500,ecol. appl.,1
35994335500,ecol. lett.,1
35994335500,ecol. model.,1
35994335500,ecol. monogr.,1
35994335500,ecology,1
35994335500,ecology and evolution,1
35994335500,ecol. soc.,1
35994335500,ecoscience,1
35994335500,ecosphere,1
35994335500,ecosystems,1
35994335500,environ. conserv.,1
35994335500,environ. ecol. stat.,1
35994335500,fish. oceanogr.,1
35994335500,for. ecol. manage.,1
35994335500,frontiers ecol. envir.,1
35994335500,global change biol.,1
35994335500,glob. ecol. conserv.,1
35994335500,integr. comp. biol.,1
35994335500,isr. j. ecol. evolution,1
35994335500,j. agric. biol. environ.,1
35994335500,j. anim. ecol.,1
35994335500,j. appl. ecol.,1
35994335500,j. environ. manage.,1
35994335500,j. mammal.,1
35994335500,j. math. biol.,1
35994335500,j. theor. biol.,1
35994335500,j. wildl. manage.,1
35994335500,landsc. ecol.,1
35994335500,methods ecol. evol.,1
35994335500,mov. ecol.,1
35994335500,oecologia,1
35994335500,oikos,1
35994335500,peerj,1
35994335500,philos. trans. r. soc. b biol. sci.,1
35994335500,plos one,1
35994335500,prev. vet. med.,1
35994335500,proc. natl. acad. sci. u. s. a.,1
35994335500,proc. r. soc. b biol. sci.,1
35994335500,rangeland ecol. manage.,1
35994335500,remote sens. environ.,1
35994335500,restor. ecol.,1
35994335500,sci. rep.,1
35994335500,theor. popul. biol.,1
35994335500,trends ecol. evol.,1
35994335500,ursus,1
35994335500,wetlands,1
35994335500,wildfowl,1
35994335500,wildl. biol.,1
35994335500,wildl. res.,1
35994335500,wildl. soc. bull.,1
7006913433,agric. ecosyst. environ.,1
7006913433,aob plants,1
7006913433,biodiversity conserv.,1
7006913433,biol. conserv.,1
7006913433,biol. invasions,1
7006913433,biol. rev.,1
7006913433,bioscience,1
7006913433,biotropica,1
7006913433,conserv. biol.,1
7006913433,conserv. lett.,1
7006913433,diversity distrib.,1
7006913433,ecography,1
7006913433,ecol. lett.,1
7006913433,ecoscience,1
7006913433,environ. manage.,1
7006913433,for. ecol. manage.,1
7006913433,frontiers ecol. envir.,1
7006913433,funct. ecol.,1
7006913433,global change biol.,1
7006913433,global ecol. biogeogr.,1
7006913433,invasive plant sci. manage.,1
7006913433,j. anim. ecol.,1
7006913433,j. appl. ecol.,1
7006913433,j. biogeogr.,1
7006913433,j. ecol.,1
7006913433,j. veg. sci.,1
7006913433,landsc. ecol.,1
7006913433,mol. ecol.,1
7006913433,mol. ecol. notes,1
7006913433,nat. clim. change,1
7006913433,nat. commun.,1
7006913433,nature,1
7006913433,new phytol.,1
7006913433,oecologia,1
7006913433,oikos,1
7006913433,oryx,1
7006913433,perspect. plant ecol. evol. syst.,1
7006913433,plant ecol.,1
7006913433,plos biol.,1
7006913433,preslia,1
7006913433,proc. natl. acad. sci. u. s. a.,1
7006913433,science,1
7006913433,seed sci. res.,1
7006913433,trends ecol. evol.,1
7006913433,trends parasitol.,1
7006913433,trends plant sci.,1
7006913433,water sci. technol.,1
7006913433,weed res.,1
6701413918,biol. conserv.,1
6701413918,j. appl. ecol.,1
6701413918,mar. pollut. bull.,1
6701413918,new zealand j. ecol.,1
6701413918,new zealand j. zool.,1
6701413918,wildl. res.,1
7401683697,appl. anim. behav. sci.,1
7401683697,biol. conserv.,1
7401683697,biol. invasions,1
7401683697,conserv. gen. res.,1
7401683697,ecotoxicology,1
7401683697,environ. manage.,1
7401683697,integr. zool.,1
7401683697,j. appl. ecol.,1
7401683697,new zealand j. ecol.,1
7401683697,new zealand j. zool.,1
7401683697,pest manage. sci.,1
7401683697,popul. ecol.,1
7401683697,wildl. res.,1
35192372800,j. appl. ecol.,1
35192372800,new zealand j. ecol.,1
35192372800,polar biol.,1
35192372800,wildl. res.,1
7103010232,adv. ecol. res.,1
7103010232,agric. ecosyst. environ.,1
7103010232,ambio,1
7103010232,ann. bot.,1
7103010232,arctic,1
7103010232,auk,1
7103010232,aust. j. zool.,1
7103010232,austral ecol.,1
7103010232,behav ecol sociobiol,1
7103010232,biol. j. linn. soc.,1
7103010232,bioscience,1
7103010232,bot.,1
7103010232,can. field-nat.,1
7103010232,can. j. bot.,1
7103010232,can. j. zool.,1
7103010232,clim. res.,1
7103010232,condor,1
7103010232,ecography,1
7103010232,ecol. model.,1
7103010232,ecol. monogr.,1
7103010232,ecology,1
7103010232,ecology and evolution,1
7103010232,ecosphere,1
7103010232,ecosystems,1
7103010232,environ rev,1
7103010232,epidemiol. infect.,1
7103010232,eur. j. wildl. res.,1
7103010232,evol. ecol. res.,1
7103010232,evolution,1
7103010232,for. ecol. manage.,1
7103010232,gen. comp. endocrinol.,1
7103010232,global change biol.,1
7103010232,heredity,1
7103010232,ibis,1
7103010232,integr. zool.,1
7103010232,j. anim. ecol.,1
7103010232,j. appl. ecol.,1
7103010232,j. comp. physiol. b biochem. syst. environ. physiol.,1
7103010232,j. ecol.,1
7103010232,j. evol. biol.,1
7103010232,j. mammal.,1
7103010232,j. veg. sci.,1
7103010232,j. zool.,1
7103010232,mammal rev.,1
7103010232,mol. ecol.,1
7103010232,nat. clim. change,1
7103010232,new zealand j. ecol.,1
7103010232,oecologia,1
7103010232,oikos,1
7103010232,peerj,1
7103010232,philos. trans. r. soc. b biol. sci.,1
7103010232,proc. natl. acad. sci. u. s. a.,1
7103010232,proc. r. soc. b biol. sci.,1
7103010232,science,1
7103010232,trends ecol. evol.,1
7103010232,wildl. res.,1
7103010232,wildl. soc. bull.,1
57191955502,biol. invasions,1
57191955502,j. appl. ecol.,1
57191955502,plos one,1
14016935300,appl. veg. sci.,1
14016935300,basic appl. ecol.,1
14016935300,conserv. biol.,1
14016935300,diversity distrib.,1
14016935300,ecography,1
14016935300,estuar. coast. shelf sci.,1
14016935300,j. appl. ecol.,1
14016935300,j. biogeogr.,1
14016935300,j. ecol.,1
14016935300,landsc. urban plann.,1
14016935300,perspect. plant ecol. evol. syst.,1
14016935300,plos one,1
14016935300,preslia,1
14016935300,urban ecosyst.,1
7005597462,am. nat.,1
7005597462,can. j. fish. aquatic sci.,1
7005597462,conserv. biol.,1
7005597462,ecol. appl.,1
7005597462,ecol. lett.,1
7005597462,ecol. model.,1
7005597462,ecology,1
7005597462,ecology and evolution,1
7005597462,environ. biol. fishes,1
7005597462,fish. oceanogr.,1
7005597462,global change biol.,1
7005597462,hydrobiologia,1
7005597462,j. anim. ecol.,1
7005597462,j. appl. ecol.,1
7005597462,mar. biol.,1
7005597462,mar. ecol. prog. ser.,1
7005597462,mol. ecol.,1
7005597462,north am. j. fish. manage.,1
7005597462,northwest sci.,1
7005597462,oecologia,1
7005597462,proc. r. soc. b biol. sci.,1
7005597462,trans. am. fish. soc.,1
6506468655,ecology and evolution,1
6506468655,fish. bull.,1
6506468655,j. agric. biol. environ.,1
6506468655,j. appl. ecol.,1
6506468655,j. fish biol.,1
6506468655,north am. j. fish. manage.,1
6506468655,northwest sci.,1
6506468655,river res. appl.,1
6506468655,trans. am. fish. soc.,1
6507550975,appl. environ. microbiol.,1
6507550975,appl. soil ecol.,1
6507550975,aquat. toxicol.,1
6507550975,chemosphere,1
6507550975,ecotoxicol. environ. saf.,1
6507550975,ecotoxicology,1
6507550975,environ. health perspect.,1
6507550975,environ. int.,1
6507550975,environ. pollut.,1
6507550975,environ. sci. pollut. res.,1
6507550975,environ. sci. technol.,1
6507550975,environ. toxicol. chem.,1
6507550975,evol. appl.,1
6507550975,evolution,1
6507550975,hydrobiologia,1
6507550975,integr. environ. assess. manage.,1
6507550975,j. anim. ecol.,1
6507550975,j. appl. ecol.,1
6507550975,j. soils sed.,1
6507550975,oikos,1
6507550975,parasitology,1
6507550975,sci. total environ.,1
6507550975,water,1
6507550975,water res.,1
6507550975,water sci. technol.,1
7102728230,acta chiropterologica,1
7102728230,anim. behav.,1
7102728230,anim. conserv.,1
7102728230,auk,1
7102728230,behav. ecol. sociobiol.,1
7102728230,biol. conserv.,1
7102728230,bird conserv. int.,1
7102728230,bird study,1
7102728230,bmc evol. biol.,1
7102728230,condor,1
7102728230,diversity distrib.,1
7102728230,ecol. lett.,1
7102728230,forestry,1
7102728230,front. ecol. evol.,1
7102728230,ibis,1
7102728230,j. anim. ecol.,1
7102728230,j. appl. ecol.,1
7102728230,j. avian biol.,1
7102728230,j. ornithol.,1
7102728230,j. wildl. manage.,1
7102728230,j. zool.,1
7102728230,landsc. urban plann.,1
7102728230,methods ecol. evol.,1
7102728230,nat. conserv.,1
7102728230,oikos,1
7102728230,ostrich,1
7102728230,pac. sci.,1
7102728230,plos one,1
7102728230,sci. rep.,1
7102728230,trends ecol. evol.,1
7102728230,waterbirds,1
23011925400,bird study,1
23011925400,ibis,1
23011925400,j. appl. ecol.,1
23011925400,sci. total environ.,1
35191935000,ibis,1
35191935000,j. appl. ecol.,1
35191935000,sci. total environ.,1
7406642956,agric. ecosyst. environ.,1
7406642956,ambio,1
7406642956,anim. behav.,1
7406642956,biol. conserv.,1
7406642956,bird study,1
7406642956,conserv. biol.,1
7406642956,ecography,1
7406642956,ecol. lett.,1
7406642956,ecology,1
7406642956,ethology,1
7406642956,ibis,1
7406642956,int. j. remote sens.,1
7406642956,j. appl. ecol.,1
7406642956,j. environ. manage.,1
7406642956,j. raptor res.,1
7406642956,mol. ecol.,1
7406642956,nature,1
7406642956,oikos,1
7406642956,philos. trans. r. soc. b biol. sci.,1
7406642956,proc. r. soc. b biol. sci.,1
7406642956,ringing migr.,1
7406642956,trends ecol. evol.,1
6603510072,can. j. zool.,1
6603510072,conserv. biol.,1
6603510072,curr. biol.,1
6603510072,ecol. lett.,1
6603510072,ecol. model.,1
6603510072,ecol. monogr.,1
6603510072,ecology,1
6603510072,ecology and evolution,1
6603510072,ecosphere,1
6603510072,environ. ecol. stat.,1
6603510072,fish. res.,1
6603510072,ices j. mar. sci.,1
6603510072,j. anim. ecol.,1
6603510072,j. appl. ecol.,1
6603510072,j. mammal.,1
6603510072,j. wildl. manage.,1
6603510072,landsc. ecol.,1
6603510072,methods ecol. evol.,1
6603510072,north am. j. fish. manage.,1
6603510072,northwest sci.,1
6603510072,oikos,1
6603510072,philos. trans. r. soc. b biol. sci.,1
6603510072,plos one,1
6603510072,waterbirds,1
6603510072,wildfowl,1
6603510072,wildl. soc. bull.,1
6603510072,wilson bull.,1
6603510072,wilson j. ornithol.,1
7101980467,biometrics,1
7101980467,j. appl. ecol.,1
7101980467,vet. parasitol.,1
6603610571,can. field-nat.,1
6603610571,can. j. zool.,1
6603610571,condor,1
6603610571,j. appl. ecol.,1
6603610571,j. wildl. manage.,1
6603610571,wildfowl,1
6603610571,wildl. soc. bull.,1
6603610571,wilson bull.,1
6506445759,biometrics,1
6506445759,j. appl. ecol.,1
6506445759,plos one,1
15072533300,amphib. reptilia,1
15072533300,behav. ecol. sociobiol.,1
15072533300,biodiversity conserv.,1
15072533300,biol. conserv.,1
15072533300,biol. invasions,1
15072533300,biol. j. linn. soc.,1
15072533300,bmc evol. biol.,1
15072533300,bull. entomol. res.,1
15072533300,conserv. genet.,1
15072533300,conserv. lett.,1
15072533300,diversity distrib.,1
15072533300,ecography,1
15072533300,ecol. indic.,1
15072533300,ecol. lett.,1
15072533300,ecol. res.,1
15072533300,environ. conserv.,1
15072533300,eur. j. soil biol.,1
15072533300,evol. dev.,1
15072533300,evol. ecol.,1
15072533300,funct. ecol.,1
15072533300,global ecol. biogeogr.,1
15072533300,insect sci.,1
15072533300,j. anim. ecol.,1
15072533300,j. appl. ecol.,1
15072533300,j. biogeogr.,1
15072533300,j. evol. biol.,1
15072533300,j. fish biol.,1
15072533300,j. hered.,1
15072533300,j. insect behav.,1
15072533300,j. insect conserv.,1
15072533300,j. zool. syst. evol. res.,1
15072533300,mamm. biol.,1
15072533300,mol. ecol.,1
15072533300,mol. ecol. resour.,1
15072533300,mol. phylogenet. evol.,1
15072533300,nature,1
15072533300,naturwissenschaften,1
15072533300,oikos,1
15072533300,plos one,1
15072533300,q. rev. biol.,1
15072533300,science,1
15072533300,syst. entomol.,1
15072533300,verh. ges. okol.,1
15072533300,zoo biol.,1
15072533300,zookeys,1
15072533300,zool. j. linn. soc.,1
15072533300,zool. scr.,1
15072533300,zootaxa,1
8962685100,am. j. trop. med. hyg.,1
8962685100,ann. new york acad. sci.,1
8962685100,biol. conserv.,1
8962685100,ecohealth,1
8962685100,emerg. infect. dis.,1
8962685100,environ. health perspect.,1
8962685100,epidemiol. infect.,1
8962685100,j. appl. ecol.,1
8962685100,j. gen. virol.,1
8962685100,j. r. soc. interface,1
8962685100,j. zoo wildl. med.,1
8962685100,mbio,1
8962685100,nat. commun.,1
8962685100,nature,1
8962685100,philos. trans. r. soc. b biol. sci.,1
8962685100,plos. negl. trop. dis.,1
8962685100,plos one,1
8962685100,plos pathog.,1
8962685100,proc. natl. acad. sci. u. s. a.,1
8962685100,proc. r. soc. b biol. sci.,1
8962685100,science,1
11141168500,am. nat.,1
11141168500,diversity,1
11141168500,ecohealth,1
11141168500,emerg. infect. dis.,1
11141168500,genome biolog. evol.,1
11141168500,infec. genet. evol.,1
11141168500,int. j. parasitol.,1
11141168500,j. appl. ecol.,1
11141168500,j. med. entomol.,1
11141168500,j. parasitol.,1
11141168500,j. wildl. dis.,1
11141168500,mbio,1
11141168500,nat. commun.,1
11141168500,nature,1
11141168500,parasites vectors,1
11141168500,plos. negl. trop. dis.,1
11141168500,plos one,1
11141168500,vector borne zoonotic dis.,1
35191732800,am. j. trop. med. hyg.,1
35191732800,emerg. infect. dis.,1
35191732800,j. appl. ecol.,1
35191732800,plos one,1
7202943634,acta trop.,1
7202943634,am. j. trop. med. hyg.,1
7202943634,am. nat.,1
7202943634,anim. conserv.,1
7202943634,ann. rev. ecol. evol. syst.,1
7202943634,arctic,1
7202943634,biol. lett.,1
7202943634,bioscience,1
7202943634,clim. change,1
7202943634,conserv. biol.,1
7202943634,curr. biol.,1
7202943634,ecohealth,1
7202943634,ecol. appl.,1
7202943634,ecol. econ.,1
7202943634,ecol. lett.,1
7202943634,ecology,1
7202943634,ecol. restor.,1
7202943634,ecol. soc.,1
7202943634,elife,1
7202943634,emerg. infect. dis.,1
7202943634,environ. health perspect.,1
7202943634,evolution,1
7202943634,frontiers ecol. envir.,1
7202943634,global change biol.,1
7202943634,global ecol. biogeogr.,1
7202943634,herpetologica,1
7202943634,ibis,1
7202943634,int. j. parasitol.,1
7202943634,int. j. primatol.,1
7202943634,j. anim. ecol.,1
7202943634,j. appl. ecol.,1
7202943634,j. evol. biol.,1
7202943634,j. med. entomol.,1
7202943634,j. ornithol.,1
7202943634,j. parasitol.,1
7202943634,j. r. soc. interface,1
7202943634,j. wildl. manage.,1
7202943634,lancet,1
7202943634,mammal rev.,1
7202943634,math. biosci.,1
7202943634,nat. ecol. evol.,1
7202943634,nature,1
7202943634,oecologia,1
7202943634,parasites vectors,1
7202943634,parasitology,1
7202943634,philos. trans. r. soc. b biol. sci.,1
7202943634,plos biol.,1
7202943634,plos comput. biol.,1
7202943634,plos. negl. trop. dis.,1
7202943634,plos one,1
7202943634,plos pathog.,1
7202943634,proc. natl. acad. sci. u. s. a.,1
7202943634,proc. r. soc. b biol. sci.,1
7202943634,restor. ecol.,1
7202943634,science,1
7202943634,theor. popul. biol.,1
7202943634,trends ecol. evol.,1
7202943634,trends parasitol.,1
7202943634,wildl. biol.,1
6603190266,acta chiropterologica,1
6603190266,anim. behav.,1
6603190266,biol. conserv.,1
6603190266,biol. j. linn. soc.,1
6603190266,biotropica,1
6603190266,conserv. genet.,1
6603190266,ecol. lett.,1
6603190266,funct. ecol.,1
6603190266,j. appl. ecol.,1
6603190266,j. chem. ecol.,1
6603190266,j. mammal.,1
6603190266,j. nat. hist.,1
6603190266,j. trop. ecol.,1
6603190266,j. zool.,1
6603190266,mammalia,1
6603190266,mamm. biol.,1
6603190266,mol. ecol.,1
6603190266,mol. phylogenet. evol.,1
6603190266,oecologia,1
6603190266,proc. r. soc. b biol. sci.,1
6603190266,wetlands,1
6603190266,zool. sci.,1
6603190266,zootaxa,1
14039573300,am. j. trop. med. hyg.,1
14039573300,emerg. infect. dis.,1
14039573300,j. appl. ecol.,1
14039573300,j. clin. microbiol.,1
14039573300,j. r. soc. interface,1
7102982727,acta chiropterologica,1
7102982727,am. j. trop. med. hyg.,1
7102982727,biol. conserv.,1
7102982727,biotropica,1
7102982727,bmc genomics,1
7102982727,ecohealth,1
7102982727,emerg. infect. dis.,1
7102982727,environ. health perspect.,1
7102982727,epidemiol. infect.,1
7102982727,j. appl. ecol.,1
7102982727,j. gen. virol.,1
7102982727,j. r. soc. interface,1
7102982727,j. wildl. dis.,1
7102982727,j. zoo wildl. med.,1
7102982727,philos. trans. r. soc. b biol. sci.,1
7102982727,plos one,1
7102982727,plos pathog.,1
7102982727,prev. vet. med.,1
7102982727,proc. r. soc. b biol. sci.,1
7102982727,science,1
7102982727,vet. microbiol.,1
7102982727,vet. rec.,1
35078695700,ecol. appl.,1
35078695700,j. appl. ecol.,1
35192306800,agric. for. entomol.,1
35192306800,j. appl. ecol.,1
7202502082,acta oecol.,1
7202502082,agric. ecosyst. environ.,1
7202502082,ann. app. biol.,1
7202502082,appl. soil ecol.,1
7202502082,basic appl. ecol.,1
7202502082,biodiversity conserv.,1
7202502082,biol. conserv.,1
7202502082,biol. fertil. soils,1
7202502082,ecology,1
7202502082,eur. j. soil biol.,1
7202502082,for. ecol. manage.,1
7202502082,funct. ecol.,1
7202502082,geoderma,1
7202502082,isot. environ. health stud.,1
7202502082,j. appl. ecol.,1
7202502082,j. appl. entomol.,1
7202502082,j. insect conserv.,1
7202502082,oecologia,1
7202502082,oikos,1
7202502082,pedobiologia,1
7202502082,proc. natl. acad. sci. u. s. a.,1
7202502082,proc. r. soc. b biol. sci.,1
7202502082,soil biol. biochem.,1
7202502082,verh. ges. okol.,1
7003472839,acta hortic.,1
7003472839,acta oecol.,1
7003472839,adv. ecol. res.,1
7003472839,agric. ecosyst. environ.,1
7003472839,agric. for. entomol.,1
7003472839,agrofor. syst.,1
7003472839,am. j. bot.,1
7003472839,ann. rev. entomol.,1
7003472839,ann. zool. fenn.,1
7003472839,appl. veg. sci.,1
7003472839,aquatic bot.,1
7003472839,basic appl. ecol.,1
7003472839,biochem. syst. ecol.,1
7003472839,biocontrol,1
7003472839,biodiversity conserv.,1
7003472839,biol. conserv.,1
7003472839,biol. control,1
7003472839,biol. invasions,1
7003472839,biol. j. linn. soc.,1
7003472839,biol. rev.,1
7003472839,bird conserv. int.,1
7003472839,bmc ecol.,1
7003472839,bull. entomol. res.,1
7003472839,chemoecology,1
7003472839,community ecol.,1
7003472839,conserv. biol.,1
7003472839,conserv. lett.,1
7003472839,curr. biol.,1
7003472839,curr. opin. environ. sustainability,1
7003472839,diversity,1
7003472839,diversity distrib.,1
7003472839,ecography,1
7003472839,ecol. appl.,1
7003472839,ecol. complex.,1
7003472839,ecol. entomol.,1
7003472839,ecol. lett.,1
7003472839,ecology,1
7003472839,ecology and evolution,1
7003472839,ecol. res.,1
7003472839,ecol. soc.,1
7003472839,ecosphere,1
7003472839,ecosyst. serv.,1
7003472839,entomol. exp. appl.,1
7003472839,environ. entomol.,1
7003472839,eur. j. for. res.,1
7003472839,for. ecol. manage.,1
7003472839,frontiers ecol. envir.,1
7003472839,global change biol.,1
7003472839,global environ. change,1
7003472839,insect conserv. diversity,1
7003472839,insect sci.,1
7003472839,j. anim. ecol.,1
7003472839,j. appl. ecol.,1
7003472839,j. appl. entomol.,1
7003472839,j. biogeogr.,1
7003472839,j. insect conserv.,1
7003472839,j. plant ecol.,1
7003472839,j. trop. ecol.,1
7003472839,landsc. ecol.,1
7003472839,limnologica,1
7003472839,mamm. biol.,1
7003472839,mol. ecol.,1
7003472839,nat. commun.,1
7003472839,nat. ecol. evol.,1
7003472839,nature,1
7003472839,oecologia,1
7003472839,oikos,1
7003472839,pedobiologia,1
7003472839,perspect. plant ecol. evol. syst.,1
7003472839,philos. trans. r. soc. b biol. sci.,1
7003472839,plant ecol. diversity,1
7003472839,plos biol.,1
7003472839,plos one,1
7003472839,proc. natl. acad. sci. u. s. a.,1
7003472839,proc. r. soc. b biol. sci.,1
7003472839,raffles bull. zool.,1
7003472839,science,1
7003472839,sci. rep.,1
7003472839,trends ecol. evol.,1
7003472839,urban ecosyst.,1
7003472839,verh. ges. okol.,1
7003472839,weed res.,1
7003472839,wildl. biol.,1
22234792700,dig int geosci remote sens symp (igarss),1
22234792700,eos,1
22234792700,forests,1
22234792700,hydrol. earth syst. sci.,1
22234792700,ieee trans geosci remote sens,1
22234792700,int. j. appl. earth obs. geoinformation,1
22234792700,int. j. geogr. inf. sci.,1
22234792700,int. j. remote sens.,1
22234792700,int. j. wildland fire,1
22234792700,j. appl. ecol.,1
22234792700,j. plant ecol.,1
22234792700,lect. notes comput. sci.,1
22234792700,methods ecol. evol.,1
22234792700,new phytol.,1
22234792700,plos one,1
22234792700,polar biol.,1
22234792700,proc spie int soc opt eng,1
22234792700,prog. phys. geogr.,1
22234792700,remote sens.,1
22234792700,remote sens. environ.,1
25959133000,biol. conserv.,1
25959133000,j. appl. ecol.,1
25959133000,polar biol.,1
25959133000,proc. natl. acad. sci. u. s. a.,1
8791422700,ecol. informatics,1
8791422700,environ. toxicol. chem.,1
8791422700,funct. plant biol.,1
8791422700,global change biol.,1
8791422700,integr. environ. assess. manage.,1
8791422700,j. appl. ecol.,1
8791422700,j. environ. manage.,1
8791422700,mar. freshw. res.,1
7006383635,acta oecol.,1
7006383635,afr. zool.,1
7006383635,agric. ecosyst. environ.,1
7006383635,am. j. trop. med. hyg.,1
7006383635,am. nat.,1
7006383635,anim. conserv.,1
7006383635,ann. rev. entomol.,1
7006383635,antarct. sci.,1
7006383635,appl. soil ecol.,1
7006383635,austral ecol.,1
7006383635,biocontrol,1
7006383635,biodiversity conserv.,1
7006383635,biol. conserv.,1
7006383635,biol. invasions,1
7006383635,biol. j. linn. soc.,1
7006383635,biol. lett.,1
7006383635,biol. rev.,1
7006383635,biol. rev. camb. philos. soc.,1
7006383635,can. j. zool.,1
7006383635,clim. res.,1
7006383635,comp. biochem. physiol. a mol. integr. physiol.,1
7006383635,comp. biochem. physiol. b biochem. mol. biol.,1
7006383635,conserv. biol.,1
7006383635,conserv. gen. res.,1
7006383635,conserv. lett.,1
7006383635,conserv. physol.,1
7006383635,curr. opin. insect sci.,1
7006383635,diversity distrib.,1
7006383635,ecography,1
7006383635,ecol. appl.,1
7006383635,ecol. entomol.,1
7006383635,ecol. lett.,1
7006383635,ecol. monogr.,1
7006383635,ecology,1
7006383635,ecology and evolution,1
7006383635,ecoscience,1
7006383635,environ. entomol.,1
7006383635,evol. appl.,1
7006383635,evol. ecol.,1
7006383635,evol. ecol. res.,1
7006383635,exp. appl. acarol.,1
7006383635,frontiers ecol. envir.,1
7006383635,funct. ecol.,1
7006383635,global change biol.,1
7006383635,global ecol. biogeogr.,1
7006383635,global environ. change,1
7006383635,hydrobiologia,1
7006383635,ibis,1
7006383635,insect conserv. diversity,1
7006383635,int. j. climatol.,1
7006383635,j. anim. ecol.,1
7006383635,j. appl. ecol.,1
7006383635,j. biogeogr.,1
7006383635,j. comp. physiol. b biochem. syst. environ. physiol.,1
7006383635,j. ecol.,1
7006383635,j. evol. biol.,1
7006383635,j. exp. biol.,1
7006383635,j. insect conserv.,1
7006383635,j. insect physiol.,1
7006383635,j. molluscan stud.,1
7006383635,j. nat. hist.,1
7006383635,j. therm. biol.,1
7006383635,j. zool.,1
7006383635,j. zool. syst. evol. res.,1
7006383635,mar. ecol. prog. ser.,1
7006383635,mol. ecol.,1
7006383635,mol. phylogenet. evol.,1
7006383635,nat. ecol. evol.,1
7006383635,nature,1
7006383635,new phytol.,1
7006383635,oecologia,1
7006383635,oikos,1
7006383635,parasites vectors,1
7006383635,pedobiologia,1
7006383635,philos. trans. r. soc. b biol. sci.,1
7006383635,physiol. biochem. zool.,1
7006383635,physiol.entomol.,1
7006383635,plos biol.,1
7006383635,plos one,1
7006383635,polar biol.,1
7006383635,proc. natl. acad. sci. u. s. a.,1
7006383635,proc. r. soc. b biol. sci.,1
7006383635,s. afr. j. sci.,1
7006383635,science,1
7006383635,sci. rep.,1
7006383635,soil biol. biochem.,1
7006383635,syst. entomol.,1
7006383635,trends ecol. evol.,1
7006383635,zookeys,1
7004852766,agric. ecosyst. environ.,1
7004852766,appl. veg. sci.,1
7004852766,biol. conserv.,1
7004852766,community ecol.,1
7004852766,ecography,1
7004852766,ecol. complex.,1
7004852766,ecol. model.,1
7004852766,environ. model. softw.,1
7004852766,for. ecol. manage.,1
7004852766,forestry,1
7004852766,insect conserv. diversity,1
7004852766,int. j. wildland fire,1
7004852766,j. appl. ecol.,1
7004852766,j. environ. manage.,1
7004852766,j. veg. sci.,1
7004852766,oikos,1
7004852766,peerj,1
7004852766,plant biosyst.,1
7004852766,plant ecol. diversity,1
7004852766,rangeland ecol. manage.,1
7004852766,tree physiol.,1
7004852766,vegetatio,1
56128161100,int. j. wildland fire,1
56128161100,j. appl. ecol.,1
56128161100,plant ecol. diversity,1
7401581706,biodiversity conserv.,1
7401581706,biol. conserv.,1
7401581706,j. appl. ecol.,1
7401581706,j. environ. manage.,1
7401581706,plant ecol. diversity,1
24833332100,austral ecol.,1
24833332100,biol. conserv.,1
24833332100,bioscience,1
24833332100,curr. biol.,1
24833332100,ecography,1
24833332100,ecology and evolution,1
24833332100,ecol. soc.,1
24833332100,global ecol. biogeogr.,1
24833332100,j. appl. ecol.,1
24833332100,landsc. ecol.,1
24833332100,landsc. urban plann.,1
24833332100,new zealand j. ecol.,1
24833332100,plos one,1
24833332100,sci. rep.,1
7006846637,acta oecol.,1
7006846637,agric. ecosyst. environ.,1
7006846637,agric. syst.,1
7006846637,ambio,1
7006846637,am. nat.,1
7006846637,anim. conserv.,1
7006846637,ann. new york acad. sci.,1
7006846637,aquatic conserv. mar. freshw. ecosyst.,1
7006846637,aust. j. bot.,1
7006846637,austral ecol.,1
7006846637,biodiversity conserv.,1
7006846637,biol. conserv.,1
7006846637,biol. invasions,1
7006846637,biol. rev.,1
7006846637,bioscience,1
7006846637,bull. math. biol.,1
7006846637,conserv. biol.,1
7006846637,conserv. lett.,1
7006846637,curr. biol.,1
7006846637,deep-sea res. part ii top. stud. oceanogr.,1
7006846637,diversity distrib.,1
7006846637,ecography,1
7006846637,ecol. appl.,1
7006846637,ecol. econ.,1
7006846637,ecol. lett.,1
7006846637,ecol. manage. restor.,1
7006846637,ecol. model.,1
7006846637,ecology,1
7006846637,ecology and evolution,1
7006846637,ecol. soc.,1
7006846637,ecosphere,1
7006846637,ecosyst. serv.,1
7006846637,emu,1
7006846637,endanger. species res.,1
7006846637,environ. conserv.,1
7006846637,environ. int.,1
7006846637,environ. manage.,1
7006846637,environmetrics,1
7006846637,environ. model. softw.,1
7006846637,environ. sci. policy,1
7006846637,for. ecol. manage.,1
7006846637,freshw. biol.,1
7006846637,frontiers ecol. envir.,1
7006846637,funct. ecol.,1
7006846637,genet. res.,1
7006846637,global change biol.,1
7006846637,global ecol. biogeogr.,1
7006846637,global environ. change,1
7006846637,glob. ecol. conserv.,1
7006846637,heredity,1
7006846637,ibis,1
7006846637,integr. comp. biol.,1
7006846637,int. j. geogr. inf. sci.,1
7006846637,j. anim. ecol.,1
7006846637,j. appl. ecol.,1
7006846637,j. biogeogr.,1
7006846637,j. ecol.,1
7006846637,j. environ. manage.,1
7006846637,j. plankton res.,1
7006846637,j. theor. biol.,1
7006846637,j. wildl. manage.,1
7006846637,landsc. ecol.,1
7006846637,landsc. urban plann.,1
7006846637,mar. ecol. prog. ser.,1
7006846637,mar. policy,1
7006846637,methods ecol. evol.,1
7006846637,mol. ecol.,1
7006846637,nat. clim. change,1
7006846637,nat. commun.,1
7006846637,nat. conserv.,1
7006846637,nat. ecol. evol.,1
7006846637,nature,1
7006846637,ocean coast. manage.,1
7006846637,oecologia,1
7006846637,oikos,1
7006846637,oryx,1
7006846637,pac. conserv. biol.,1
7006846637,philos. trans. r. soc. b biol. sci.,1
7006846637,plos biol.,1
7006846637,plos one,1
7006846637,popul. ecol.,1
7006846637,proc. biol. sci.,1
7006846637,proc. natl. acad. sci. u. s. a.,1
7006846637,proc. r. soc. b biol. sci.,1
7006846637,rev. fish biol. fish.,1
7006846637,river res. appl.,1
7006846637,r. soc. open sci.,1
7006846637,sci. data,1
7006846637,science,1
7006846637,sci. rep.,1
7006846637,sci. total environ.,1
7006846637,theor. ecol.,1
7006846637,theor. popul. biol.,1
7006846637,trends ecol. evol.,1
7006846637,wetlands,1
7006846637,wildl. biol.,1
7006846637,wildl. res.,1
7004119403,agric. ecosyst. environ.,1
7004119403,ambio,1
7004119403,am. j. bot.,1
7004119403,ann. app. biol.,1
7004119403,appl. environ. microbiol.,1
7004119403,appl. soil ecol.,1
7004119403,appl. veg. sci.,1
7004119403,arctic,1
7004119403,basic appl. ecol.,1
7004119403,biol. conserv.,1
7004119403,biol. lett.,1
7004119403,biol. rev.,1
7004119403,can. j. for. res.,1
7004119403,c. r. biol.,1
7004119403,ecol. complex.,1
7004119403,ecol. informatics,1
7004119403,ecol. model.,1
7004119403,ecology,1
7004119403,ecol. res.,1
7004119403,ecosphere,1
7004119403,ecosystems,1
7004119403,ecotoxicol. environ. saf.,1
7004119403,ecotoxicology,1
7004119403,entomol. exp. appl.,1
7004119403,environ. ecol. stat.,1
7004119403,environ. pollut.,1
7004119403,environ.res.lett.,1
7004119403,environ. sci. technol.,1
7004119403,environ. toxicol. chem.,1
7004119403,euphytica,1
7004119403,evolution,1
7004119403,funct. ecol.,1
7004119403,genetics,1
7004119403,global change biol.,1
7004119403,global ecol. biogeogr.,1
7004119403,heredity,1
7004119403,iahs-aish publ.,1
7004119403,insect conserv. diversity,1
7004119403,j. appl. ecol.,1
7004119403,j. biogeogr.,1
7004119403,j. coast. res.,1
7004119403,j. ecol.,1
7004119403,j. evol. biol.,1
7004119403,j. theor. biol.,1
7004119403,j. veg. sci.,1
7004119403,methods ecol. evol.,1
7004119403,oecologia,1
7004119403,oikos,1
7004119403,plant ecol.,1
7004119403,plant pathol.,1
7004119403,plant soil,1
7004119403,plos one,1
7004119403,polar biol.,1
7004119403,popul. ecol.,1
7004119403,proc. r. soc. b biol. sci.,1
7004119403,sci. rep.,1
7004119403,sci. total environ.,1
7004119403,soil biol. biochem.,1
7004119403,trends ecol. evol.,1
7004119403,water air soil pollut.,1
6506421418,am. j. bot.,1
6506421418,ann. rev. ecol. evol. syst.,1
6506421418,clim. change,1
6506421418,ecology,1
6506421418,int. j. plant sci.,1
6506421418,j. appl. ecol.,1
6506421418,j. chem. ecol.,1
6506421418,j. herpetol.,1
6506421418,j. theor. biol.,1
6506421418,new phytol.,1
6506421418,oecologia,1
6506421418,plant dis.,1
6506421418,theor. ecol.,1
6602071914,am. j. bot.,1
6602071914,am. nat.,1
6602071914,ann. rev. ecol. evol. syst.,1
6602071914,ecography,1
6602071914,ecol. appl.,1
6602071914,ecol. entomol.,1
6602071914,ecology,1
6602071914,evol. ecol.,1
6602071914,evolution,1
6602071914,j. appl. ecol.,1
6602071914,j. ecol.,1
6602071914,new phytol.,1
6602071914,oecologia,1
6602071914,plant dis.,1
6602071914,theor. ecol.,1
35079118300,behaviour,1
35079118300,j. appl. ecol.,1
6603625283,acta theriol.,1
6603625283,eur. j. wildl. res.,1
6603625283,j. appl. ecol.,1
6603625283,mammal rev.,1
7406760890,ecography,1
7406760890,ibis,1
7406760890,j. appl. ecol.,1
7406760890,j. wildl. manage.,1
7406760890,j. zool.,1
7406760890,mammal rev.,1
7406760890,med. vet. entomol.,1
7406760890,oikos,1
7406760890,wildl. biol.,1
7102214519,biol. conserv.,1
7102214519,conserv. biol.,1
7102214519,frontiers ecol. envir.,1
7102214519,j. appl. ecol.,1
7102214519,j. nat. conserv.,1
7102214519,landsc. urban plann.,1
7102214519,trends ecol. evol.,1
56711666600,agric. for. meterol.,1
56711666600,am. nat.,1
56711666600,ann. bot.,1
56711666600,biol. conserv.,1
56711666600,biotropica,1
56711666600,clim. change,1
56711666600,conserv. biol.,1
56711666600,coral reefs,1
56711666600,curr. biol.,1
56711666600,ecol. appl.,1
56711666600,ecol. lett.,1
56711666600,ecology,1
56711666600,ecol. res.,1
56711666600,ecol. soc.,1
56711666600,environ. conserv.,1
56711666600,environ. manage.,1
56711666600,for. ecol. manage.,1
56711666600,forestry,1
56711666600,funct. ecol.,1
56711666600,global change biol.,1
56711666600,global environ. change,1
56711666600,ibis,1
56711666600,j. anim. ecol.,1
56711666600,j. appl. ecol.,1
56711666600,j. ecol.,1
56711666600,j. theor. biol.,1
56711666600,j. veg. sci.,1
56711666600,landsc. urban plann.,1
56711666600,land use policy,1
56711666600,mammal rev.,1
56711666600,mar. policy,1
56711666600,methods ecol. evol.,1
56711666600,new phytol.,1
56711666600,ocean coast. manage.,1
56711666600,oecologia,1
56711666600,philos. trans. r. soc. b biol. sci.,1
56711666600,plant species biol.,1
56711666600,plos one,1
56711666600,proc. natl. acad. sci. u. s. a.,1
56711666600,proc. r. soc. b biol. sci.,1
56711666600,science,1
56711666600,trends ecol. evol.,1
56711666600,vegetatio,1
56711666600,verh. ges. okol.,1
56711666600,weed res.,1
36865408400,bioscience,1
36865408400,ecol. appl.,1
36865408400,ecology,1
36865408400,j. appl. ecol.,1
36865408400,j. comp. physiol. b biochem. syst. environ. physiol.,1
36865408400,j. herpetol.,1
7004543437,afr. j. ecol.,1
7004543437,am. midl. nat.,1
7004543437,austral ecol.,1
7004543437,ecol. model.,1
7004543437,ecology,1
7004543437,frontiers ecol. envir.,1
7004543437,global change biol.,1
7004543437,j. appl. ecol.,1
7004543437,j. arid environ.,1
7004543437,j chem ecol,1
7004543437,j. range manage.,1
7004543437,j. wildl. manage.,1
7004543437,oecologia,1
7004543437,oikos,1
7004543437,plant ecol.,1
7004543437,plant soil,1
7004543437,rangeland ecol. manage.,1
7004543437,science,1
7004543437,vegetatio,1
7004543437,west. north am. nat.,1
7004543437,wildl. soc. bull.,1
14007460800,ecol. appl.,1
14007460800,ecology,1
14007460800,j. appl. ecol.,1
14007460800,landsc. ecol.,1
14007460800,physiol. biochem. zool.,1
7005021300,agric. ecosyst. environ.,1
7005021300,agric. for. entomol.,1
7005021300,appl. soil ecol.,1
7005021300,basic appl. ecol.,1
7005021300,biodiversity conserv.,1
7005021300,biol. conserv.,1
7005021300,bull. entomol. res.,1
7005021300,conserv. lett.,1
7005021300,ecography,1
7005021300,ecol. entomol.,1
7005021300,ecology and evolution,1
7005021300,funct. ecol.,1
7005021300,insect conserv. diversity,1
7005021300,j. anim. ecol.,1
7005021300,j. appl. ecol.,1
7005021300,j. insect conserv.,1
7005021300,j. veg. sci.,1
7005021300,nat. commun.,1
7005021300,oecologia,1
7005021300,oikos,1
7005021300,pest manage. sci.,1
7005021300,plos one,1
7005021300,proc. r. soc. b biol. sci.,1
7005021300,restor. ecol.,1
7005021300,science,1
7005021300,trends ecol. evol.,1
7005021300,weed res.,1
23493976400,agric. ecosyst. environ.,1
23493976400,apidologie,1
23493976400,basic appl. ecol.,1
23493976400,biodiversity conserv.,1
23493976400,biol. invasions,1
23493976400,biol. rev.,1
23493976400,bull. entomol. res.,1
23493976400,ecol. appl.,1
23493976400,ecol. entomol.,1
23493976400,ecol. lett.,1
23493976400,ecol. model.,1
23493976400,ecol. monogr.,1
23493976400,ecol. res.,1
23493976400,insect conserv. diversity,1
23493976400,insect sci.,1
23493976400,int. j. pest manage.,1
23493976400,j. appl. ecol.,1
23493976400,j. ecol.,1
23493976400,j. insect conserv.,1
23493976400,landsc. urban plann.,1
23493976400,new phytol.,1
23493976400,peerj,1
23493976400,plant ecol.,1
23493976400,plos one,1
23493976400,proc. r. soc. b biol. sci.,1
23493760700,agric. ecosyst. environ.,1
23493760700,j. appl. ecol.,1
7202220137,acta oecol.,1
7202220137,acta theriol.,1
7202220137,adv. ecol. res.,1
7202220137,agric. ecosyst. environ.,1
7202220137,ambio,1
7202220137,appl. veg. sci.,1
7202220137,basic appl. ecol.,1
7202220137,biol. conserv.,1
7202220137,biol. j. linn. soc.,1
7202220137,bioscience,1
7202220137,bird study,1
7202220137,bull. entomol. res.,1
7202220137,ecography,1
7202220137,ecol. entomol.,1
7202220137,ecol. lett.,1
7202220137,ecology,1
7202220137,ecol. res.,1
7202220137,entomol. exp. appl.,1
7202220137,eur. j. soil biol.,1
7202220137,for. ecol. manage.,1
7202220137,funct. ecol.,1
7202220137,global change biol.,1
7202220137,insect conserv. diversity,1
7202220137,j. appl. ecol.,1
7202220137,j. ecol.,1
7202220137,j. insect conserv.,1
7202220137,j. nat. hist.,1
7202220137,j. trop. ecol.,1
7202220137,j trop forest sci,1
7202220137,j. veg. sci.,1
7202220137,j. zool.,1
7202220137,new phytol.,1
7202220137,oecologia,1
7202220137,oikos,1
7202220137,pedobiologia,1
7202220137,physiol.entomol.,1
7202220137,plant ecol.,1
7202220137,prog. phys. geogr.,1
7202220137,restor. ecol.,1
7202220137,science,1
7202220137,sociobiology,1
7202220137,trends ecol. evol.,1
7202220137,vegetatio,1
7202220137,weed res.,1
6602811917,agric. ecosyst. environ.,1
6602811917,ann. app. biol.,1
6602811917,appl. veg. sci.,1
6602811917,basic appl. ecol.,1
6602811917,biol. conserv.,1
6602811917,conserv. lett.,1
6602811917,ecol. lett.,1
6602811917,funct. ecol.,1
6602811917,glob chang biol,1
6602811917,grass forage sci.,1
6602811917,ibis,1
6602811917,j. agric. sci.,1
6602811917,j. appl. ecol.,1
6602811917,plant soil,1
6602811917,restor. ecol.,1
6602811917,trends ecol. evol.,1
7201633371,bull. mar. sci.,1
7201633371,can. j. fish. aquatic sci.,1
7201633371,conserv. biol.,1
7201633371,ecol. appl.,1
7201633371,ecol. informatics,1
7201633371,ecol. model.,1
7201633371,ecol. soc.,1
7201633371,environ. conserv.,1
7201633371,fish fish.,1
7201633371,fish. oceanogr.,1
7201633371,global change biol.,1
7201633371,ices j. mar. sci.,1
7201633371,j. appl. ecol.,1
7201633371,mar. policy,1
7201633371,plos one,1
7201633371,prog. oceanogr.,1
7201633371,science,1
7201633371,sci. rep.,1
7201633371,trans. am. fish. soc.,1
12760779000,coral reefs,1
12760779000,environ. biol. fishes,1
12760779000,environ. manage.,1
12760779000,environ. monit. assess.,1
12760779000,fisheries,1
12760779000,j. appl. ecol.,1
12760779000,landsc. ecol.,1
12760779000,mar. ecol. prog. ser.,1
6508041541,can. j. fish. aquatic sci.,1
6508041541,conserv. biol.,1
6508041541,coral reefs,1
6508041541,curr. biol.,1
6508041541,environ. biol. fishes,1
6508041541,estuar. coast. shelf sci.,1
6508041541,estuaries,1
6508041541,j. appl. ecol.,1
6508041541,j. exp. mar. biol. ecol.,1
6508041541,j. fish biol.,1
6508041541,mar. biol.,1
6508041541,mar. ecol. prog. ser.,1
6508041541,nature,1
6508041541,northwest sci.,1
6508041541,oecologia,1
26666488700,ecol. appl.,1
26666488700,fish. bull.,1
26666488700,fish. res.,1
26666488700,j. appl. ecol.,1
26666488700,north am. j. fish. manage.,1
7006742732,am. nat.,1
7006742732,anim. behav.,1
7006742732,anim. conserv.,1
7006742732,ann. rev. ecol. syst.,1
7006742732,behav. ecol.,1
7006742732,biol. conserv.,1
7006742732,biol. rev.,1
7006742732,bioscience,1
7006742732,bull. mar. sci.,1
7006742732,bull. math. biol.,1
7006742732,can. j. fish. aquatic sci.,1
7006742732,can. j. fish. aquat. sci.,1
7006742732,comp. biochem. physiol. a mol. integr. physiol.,1
7006742732,conserv. biol.,1
7006742732,conserv. physol.,1
7006742732,deep-sea res. part ii top. stud. oceanogr.,1
7006742732,ecol. appl.,1
7006742732,ecol. entomol.,1
7006742732,ecol. lett.,1
7006742732,ecol. model.,1
7006742732,ecology,1
7006742732,ecology and evolution,1
7006742732,ecosystems,1
7006742732,entomol. exp. appl.,1
7006742732,ethology,1
7006742732,evol. appl.,1
7006742732,evol ecol,1
7006742732,evol. ecol.,1
7006742732,evol. ecol. res.,1
7006742732,evolution,1
7006742732,fish. bull.,1
7006742732,fisheries,1
7006742732,fish fish.,1
7006742732,fish. res.,1
7006742732,funct. ecol.,1
7006742732,hydrobiologia,1
7006742732,ices j. mar. sci.,1
7006742732,int. j. pest manage.,1
7006742732,isr. j. ecol. evolution,1
7006742732,j. anim. ecol.,1
7006742732,j. appl. ecol.,1
7006742732,j. evol. biol.,1
7006742732,j. fish biol.,1
7006742732,j. math. biol.,1
7006742732,j. theor. biol.,1
7006742732,j. zool.,1
7006742732,limnol. oceanogr.,1
7006742732,mar. ecol. prog. ser.,1
7006742732,mar. policy,1
7006742732,math. biosci.,1
7006742732,methods ecol. evol.,1
7006742732,nature,1
7006742732,ocean coast. manage.,1
7006742732,oecologia,1
7006742732,oikos,1
7006742732,philos. trans. r. soc. b biol. sci.,1
7006742732,plos biol.,1
7006742732,plos comput. biol.,1
7006742732,plos one,1
7006742732,polar biol.,1
7006742732,proc. biol. sci.,1
7006742732,proc. natl. acad. sci. u. s. a.,1
7006742732,proc. r. soc. b biol. sci.,1
7006742732,rev. fish biol. fish.,1
7006742732,science,1
7006742732,theor. ecol.,1
7006742732,theor. popul. biol.,1
7006742732,trans. am. fish. soc.,1
7006742732,trends ecol. evol.,1
23493076500,environ. manage.,1
23493076500,j. appl. ecol.,1
7005488549,am. nat.,1
7005488549,anim. behav.,1
7005488549,anim. conserv.,1
7005488549,behav. ecol.,1
7005488549,behav ecol sociobiol,1
7005488549,behav. ecol. sociobiol.,1
7005488549,biol. conserv.,1
7005488549,biol. invasions,1
7005488549,biol. lett.,1
7005488549,biol. rev. camb. philos. soc.,1
7005488549,bird conserv. int.,1
7005488549,can. j. fish. aquatic sci.,1
7005488549,can. j. zool.,1
7005488549,conserv. biol.,1
7005488549,conserv. lett.,1
7005488549,copeia,1
7005488549,coral reefs,1
7005488549,curr. biol.,1
7005488549,curr. zool.,1
7005488549,ecol. appl.,1
7005488549,ecol. lett.,1
7005488549,ecology,1
7005488549,environ. conserv.,1
7005488549,environ. manage.,1
7005488549,environ. res.,1
7005488549,environ rev,1
7005488549,ethology,1
7005488549,evol. ecol.,1
7005488549,evolution,1
7005488549,fish fish.,1
7005488549,fish. res.,1
7005488549,front. mar. sci.,1
7005488549,global change biol.,1
7005488549,global ecol. biogeogr.,1
7005488549,herpetol. j.,1
7005488549,ices j. mar. sci.,1
7005488549,j. anim. ecol.,1
7005488549,j. appl. ecol.,1
7005488549,j. exp. mar. biol. ecol.,1
7005488549,j. fish biol.,1
7005488549,j. mar. biol. assoc. u.k.,1
7005488549,j. zool.,1
7005488549,mar. biol.,1
7005488549,mar. ecol. prog. ser.,1
7005488549,mar. policy,1
7005488549,mar. pollut. bull.,1
7005488549,methods ecol. evol.,1
7005488549,mol. ecol.,1
7005488549,mol. ecol. notes,1
7005488549,nature,1
7005488549,ocean coast. manage.,1
7005488549,peerj,1
7005488549,philos. trans. r. soc. b biol. sci.,1
7005488549,plos biol.,1
7005488549,plos one,1
7005488549,proc. natl. acad. sci. u. s. a.,1
7005488549,proc. r. soc. b biol. sci.,1
7005488549,science,1
7005488549,sci. rep.,1
7005488549,trends ecol. evol.,1
7005488549,zoo biol.,1
7402197897,afr. j. ecol.,1
7402197897,anim. conserv.,1
7402197897,basic appl. ecol.,1
7402197897,biodiversity conserv.,1
7402197897,biol. conserv.,1
7402197897,biol. rev.,1
7402197897,biotropica,1
7402197897,bird conserv. int.,1
7402197897,conserv. biol.,1
7402197897,conserv. lett.,1
7402197897,diversity distrib.,1
7402197897,ecol. appl.,1
7402197897,ecol. econ.,1
7402197897,ecol. indic.,1
7402197897,ecol. lett.,1
7402197897,ecology,1
7402197897,ecology and evolution,1
7402197897,ecol. soc.,1
7402197897,environ. conserv.,1
7402197897,for. ecol. manage.,1
7402197897,forests,1
7402197897,freshwater sci.,1
7402197897,funct. ecol.,1
7402197897,global biogeochem. cycles,1
7402197897,global change biol.,1
7402197897,glob chang biol,1
7402197897,hum. ecol.,1
7402197897,hydrobiologia,1
7402197897,insect conserv. diversity,1
7402197897,j. appl. ecol.,1
7402197897,j. arachnol.,1
7402197897,j. biogeogr.,1
7402197897,j. insect conserv.,1
7402197897,j. trop. ecol.,1
7402197897,j. veg. sci.,1
7402197897,landsc. ecol.,1
7402197897,land use policy,1
7402197897,methods ecol. evol.,1
7402197897,nature,1
7402197897,oecologia,1
7402197897,ornitol. neotrop.,1
7402197897,oryx,1
7402197897,philos. trans. r. soc. b biol. sci.,1
7402197897,"philos. trans. r. soc. lond., b, biol. sci.",1
7402197897,plos one,1
7402197897,proc. natl. acad. sci. u. s. a.,1
7402197897,proc. r. soc. b biol. sci.,1
7402197897,remote sens.,1
7402197897,science,1
7402197897,sustainability,1
7402197897,trends ecol. evol.,1
35305557700,acta oecol.,1
35305557700,agric. ecosyst. environ.,1
35305557700,ambio,1
35305557700,am. nat.,1
35305557700,anim. conserv.,1
35305557700,appl. soil ecol.,1
35305557700,basic appl. ecol.,1
35305557700,biodiversity conserv.,1
35305557700,biogeosciences,1
35305557700,biol. conserv.,1
35305557700,biol. j. linn. soc.,1
35305557700,bull. entomol. res.,1
35305557700,can. j. for. res.,1
35305557700,conserv. biol.,1
35305557700,conserv. lett.,1
35305557700,ecography,1
35305557700,ecol. appl.,1
35305557700,ecol. indic.,1
35305557700,ecol. informatics,1
35305557700,ecol. lett.,1
35305557700,ecol. model.,1
35305557700,ecol. monogr.,1
35305557700,ecology,1
35305557700,ecology and evolution,1
35305557700,ecosphere,1
35305557700,environ. ecol. stat.,1
35305557700,eur. j. for. res.,1
35305557700,eur. j. wildl. res.,1
35305557700,folia geobot.,1
35305557700,for. ecol. manage.,1
35305557700,forestry,1
35305557700,forests,1
35305557700,fungal ecol.,1
35305557700,insect conserv. diversity,1
35305557700,int. j. appl. earth obs. geoinformation,1
35305557700,j. appl. ecol.,1
35305557700,j. appl. entomol.,1
35305557700,j. biogeogr.,1
35305557700,j. ecol.,1
35305557700,j. insect conserv.,1
35305557700,j. nat. conserv.,1
35305557700,j. ornithol.,1
35305557700,j. plant ecol.,1
35305557700,j. plant nutr. soil sci.,1
35305557700,j. zool.,1
35305557700,landsc. ecol.,1
35305557700,mamm. biol.,1
35305557700,methods ecol. evol.,1
35305557700,nature,1
35305557700,oecologia,1
35305557700,oikos,1
35305557700,oryx,1
35305557700,perspect. plant ecol. evol. syst.,1
35305557700,philos. trans. r. soc. b biol. sci.,1
35305557700,plant soil,1
35305557700,plos one,1
35305557700,preslia,1
35305557700,proc. natl. acad. sci. u. s. a.,1
35305557700,remote sens.,1
35305557700,remote sens. environ.,1
35305557700,rev. ecol. terre vie,1
35305557700,science,1
35305557700,soil biol. biochem.,1
35305557700,vector borne zoonotic dis.,1
35305557700,zootaxa,1
7102770247,ambio,1
7102770247,aquatic ecol.,1
7102770247,biol. lett.,1
7102770247,can. j. fish. aquatic sci.,1
7102770247,can. j. fish. aquat. sci.,1
7102770247,conserv. biol.,1
7102770247,conserv. lett.,1
7102770247,ecol. appl.,1
7102770247,ecol. freshw. fish,1
7102770247,ecol. lett.,1
7102770247,ecol. monogr.,1
7102770247,ecology,1
7102770247,ecol. res.,1
7102770247,ecol. soc.,1
7102770247,ecosphere,1
7102770247,ecosystems,1
7102770247,environ. sci. technol.,1
7102770247,evol. appl.,1
7102770247,fisheries,1
7102770247,freshw. biol.,1
7102770247,frontiers ecol. envir.,1
7102770247,geomorphology,1
7102770247,geophys. res. lett.,1
7102770247,global change biol.,1
7102770247,hydrobiologia,1
7102770247,j. anim. ecol.,1
7102770247,j. appl. ecol.,1
7102770247,j. evol. biol.,1
7102770247,j. fish biol.,1
7102770247,j. geophys. res. biogeosci.,1
7102770247,j. paleolimnol.,1
7102770247,limnol. oceanogr.,1
7102770247,limnol. oceanogr. methods,1
7102770247,mar. ecol. prog. ser.,1
7102770247,mol. ecol.,1
7102770247,nat. clim. change,1
7102770247,nat. commun.,1
7102770247,nature,1
7102770247,oecologia,1
7102770247,oikos,1
7102770247,plos one,1
7102770247,proc. natl. acad. sci. u. s. a.,1
7102770247,proc. r. soc. b biol. sci.,1
7102770247,sci. data,1
7102770247,science,1
7102770247,trans. am. fish. soc.,1
7102770247,trends ecol. evol.,1
7102770247,water res.,1
7003956690,acta oecol.,1
7003956690,ambio,1
7003956690,anim. conserv.,1
7003956690,ann. zool. fenn.,1
7003956690,auk,1
7003956690,austral ecol.,1
7003956690,basic appl. ecol.,1
7003956690,biodiversity conserv.,1
7003956690,biol. conserv.,1
7003956690,biol. lett.,1
7003956690,bioscience,1
7003956690,biotropica,1
7003956690,bird conserv. int.,1
7003956690,clim. res.,1
7003956690,conserv. biol.,1
7003956690,conserv. genet.,1
7003956690,conserv. lett.,1
7003956690,diversity distrib.,1
7003956690,ecography,1
7003956690,ecol. appl.,1
7003956690,ecol. lett.,1
7003956690,ecol. model.,1
7003956690,ecology,1
7003956690,ecology and evolution,1
7003956690,ecol. res.,1
7003956690,ecol. soc.,1
7003956690,ecosphere,1
7003956690,emu,1
7003956690,environ. conserv.,1
7003956690,environ. entomol.,1
7003956690,environ. manage.,1
7003956690,environ. model. softw.,1
7003956690,fish fish.,1
7003956690,for. ecol. manage.,1
7003956690,forests,1
7003956690,frontiers ecol. envir.,1
7003956690,funct. ecol.,1
7003956690,geophys. res. lett.,1
7003956690,global change biol.,1
7003956690,global ecol. biogeogr.,1
7003956690,ibis,1
7003956690,int. j. wildland fire,1
7003956690,j. anim. ecol.,1
7003956690,j. appl. ecol.,1
7003956690,j. biogeogr.,1
7003956690,j. ecol.,1
7003956690,j. environ. manage.,1
7003956690,j. herpetol.,1
7003956690,j. ornithol.,1
7003956690,j. r. soc. interface,1
7003956690,j. trop. ecol.,1
7003956690,j. wildl. manage.,1
7003956690,j. zool.,1
7003956690,landsc. ecol.,1
7003956690,landsc. urban plann.,1
7003956690,mar. freshw. res.,1
7003956690,methods ecol. evol.,1
7003956690,mol. ecol.,1
7003956690,nat. clim. change,1
7003956690,nat. commun.,1
7003956690,nature,1
7003956690,oecologia,1
7003956690,oryx,1
7003956690,pac. conserv. biol.,1
7003956690,pest manage. sci.,1
7003956690,plos biol.,1
7003956690,plos. negl. trop. dis.,1
7003956690,plos one,1
7003956690,popul. ecol.,1
7003956690,proc. natl. acad. sci. u. s. a.,1
7003956690,proc. r. soc. b biol. sci.,1
7003956690,quat. int.,1
7003956690,quat. sci. rev.,1
7003956690,restor. ecol.,1
7003956690,sci. data,1
7003956690,science,1
7003956690,trends ecol. evol.,1
7003956690,wildl. res.,1
14021066400,agric. ecosyst. environ.,1
14021066400,agric. for. entomol.,1
14021066400,agrofor. syst.,1
14021066400,basic appl. ecol.,1
14021066400,biodiversity conserv.,1
14021066400,biol. conserv.,1
14021066400,biol. control,1
14021066400,biol. rev.,1
14021066400,biotropica,1
14021066400,conserv. biol.,1
14021066400,conserv. lett.,1
14021066400,diversity,1
14021066400,diversity distrib.,1
14021066400,ecol. lett.,1
14021066400,ecology,1
14021066400,ecology and evolution,1
14021066400,ecosphere,1
14021066400,environ. ecol. stat.,1
14021066400,front. plant sci.,1
14021066400,global change biol.,1
14021066400,insect conserv. diversity,1
14021066400,j. appl. ecol.,1
14021066400,j. biogeogr.,1
14021066400,j. insect conserv.,1
14021066400,mamm. biol.,1
14021066400,nat. commun.,1
14021066400,nat. ecol. evol.,1
14021066400,new phytol.,1
14021066400,oecologia,1
14021066400,oikos,1
14021066400,perspect. plant ecol. evol. syst.,1
14021066400,philos. trans. r. soc. b biol. sci.,1
14021066400,plant biol.,1
14021066400,plos one,1
14021066400,proc. natl. acad. sci. u. s. a.,1
14021066400,proc. r. soc. b biol. sci.,1
14021066400,raffles bull. zool.,1
14021066400,science,1
35305626000,anim. behav.,1
35305626000,ann. zool. fenn.,1
35305626000,aquaculture,1
35305626000,behav. ecol.,1
35305626000,behav. ecol. sociobiol.,1
35305626000,biol. lett.,1
35305626000,bioscience,1
35305626000,ecol. appl.,1
35305626000,ecol. freshw. fish,1
35305626000,environ. biol. fishes,1
35305626000,ethology,1
35305626000,evol. ecol.,1
35305626000,evolution,1
35305626000,gen. comp. endocrinol.,1
35305626000,horm. behav.,1
35305626000,hydrobiologia,1
35305626000,j. anim. ecol.,1
35305626000,j. appl. ecol.,1
35305626000,j. avian biol.,1
35305626000,j. evol. biol.,1
35305626000,j. exp. biol.,1
35305626000,j. fish biol.,1
35305626000,nat. commun.,1
35305626000,plos one,1
35305626000,proc. natl. acad. sci. u. s. a.,1
35305626000,proc. r. soc. b biol. sci.,1
6507591816,aquaculture,1
6507591816,evolution,1
6507591816,gen. comp. endocrinol.,1
6507591816,j. appl. ecol.,1
6507591816,proc. natl. acad. sci. u. s. a.,1
6507591816,trans. am. fish. soc.,1
6603337138,anim. behav.,1
6603337138,ann. zool. fenn.,1
6603337138,auk,1
6603337138,behav. ecol. sociobiol.,1
6603337138,biol. j. linn. soc.,1
6603337138,biol. lett.,1
6603337138,comp. biochem. physiol. a mol. integr. physiol.,1
6603337138,ecol. appl.,1
6603337138,ethology,1
6603337138,evolution,1
6603337138,gen. comp. endocrinol.,1
6603337138,horm. behav.,1
6603337138,j. appl. ecol.,1
6603337138,j. avian biol.,1
6603337138,j. evol. biol.,1
6603337138,j. fish biol.,1
6603337138,j. wildl. dis.,1
6603337138,plos one,1
6603337138,proc. natl. acad. sci. u. s. a.,1
6603337138,proc. r. soc. b biol. sci.,1
6603337138,vector borne zoonotic dis.,1
7102087139,appl. environ. microbiol.,1
7102087139,aquac. res.,1
7102087139,aquaculture,1
7102087139,aquatic toxicol.,1
7102087139,behav. ecol.,1
7102087139,biol. lett.,1
7102087139,bioscience,1
7102087139,bmc evol. biol.,1
7102087139,bmc genomics,1
7102087139,can. j. fish. aquatic sci.,1
7102087139,can. j. fish. aquat. sci.,1
7102087139,can. j. zool.,1
7102087139,comp. biochem. physiol. a mol. integr. physiol.,1
7102087139,comp. biochem. physiol. b biochem. mol. biol.,1
7102087139,conserv. genet.,1
7102087139,conserv. gen. res.,1
7102087139,dis. aquatic org.,1
7102087139,ecol. appl.,1
7102087139,environ. biol. fishes,1
7102087139,environ. conserv.,1
7102087139,environ. health perspect.,1
7102087139,environ. int.,1
7102087139,environ. toxicol. chem.,1
7102087139,ethology,1
7102087139,evol. appl.,1
7102087139,evol. ecol.,1
7102087139,evolution,1
7102087139,funct. ecol.,1
7102087139,g3 genes genome genet.,1
7102087139,gen. comp. endocrinol.,1
7102087139,genetica,1
7102087139,genetics,1
7102087139,genome,1
7102087139,genome res.,1
7102087139,heredity,1
7102087139,horm. behav.,1
7102087139,j. agric. food chem.,1
7102087139,j. appl. ecol.,1
7102087139,j. comp. physiol. b biochem. syst. environ. physiol.,1
7102087139,j. exp. biol.,1
7102087139,j. exp. mar. biol. ecol.,1
7102087139,j. exp. zool.,1
7102087139,j. fish biol.,1
7102087139,j. great lakes res.,1
7102087139,j. mol. evol.,1
7102087139,j. parasitol.,1
7102087139,mol. ecol.,1
7102087139,nature,1
7102087139,nucleic acids res.,1
7102087139,plos one,1
7102087139,proc. natl. acad. sci. u. s. a.,1
7102087139,proc. r. soc. b biol. sci.,1
7102087139,trans. am. fish. soc.,1
7102087139,zool. sci.,1
24462454400,anim. conserv.,1
24462454400,biol. conserv.,1
24462454400,conserv. biol.,1
24462454400,ecol. appl.,1
24462454400,ecol. econ.,1
24462454400,ecol. model.,1
24462454400,j. appl. ecol.,1
24462454400,methods ecol. evol.,1
24462454400,plos one,1
24462454400,theor. ecol.,1
7402061574,acta oecol.,1
7402061574,am. nat.,1
7402061574,amphib. reptilia,1
7402061574,anim. conserv.,1
7402061574,ann. new york acad. sci.,1
7402061574,austral ecol.,1
7402061574,basic appl. ecol.,1
7402061574,biodiversity conserv.,1
7402061574,biol. conserv.,1
7402061574,biol. invasions,1
7402061574,bioscience,1
7402061574,conserv. biol.,1
7402061574,conserv. lett.,1
7402061574,diversity distrib.,1
7402061574,ecography,1
7402061574,ecol. appl.,1
7402061574,ecol. econ.,1
7402061574,ecol. lett.,1
7402061574,ecol. manage. restor.,1
7402061574,ecol. model.,1
7402061574,ecology,1
7402061574,ecology and evolution,1
7402061574,ecol. soc.,1
7402061574,ecosphere,1
7402061574,environ. manage.,1
7402061574,environmetrics,1
7402061574,for. ecol. manage.,1
7402061574,frontiers ecol. envir.,1
7402061574,global ecol. biogeogr.,1
7402061574,herpetol. rev.,1
7402061574,int. j. wildland fire,1
7402061574,j. anim. ecol.,1
7402061574,j. appl. ecol.,1
7402061574,j. biogeogr.,1
7402061574,j. ecol.,1
7402061574,j. environ. manage.,1
7402061574,j. insect conserv.,1
7402061574,j. mammal.,1
7402061574,j. theor. biol.,1
7402061574,j. wildl. manage.,1
7402061574,landsc. urban plann.,1
7402061574,methods ecol. evol.,1
7402061574,ncasi tech bull,1
7402061574,oikos,1
7402061574,pac. conserv. biol.,1
7402061574,philos. trans. r. soc. b biol. sci.,1
7402061574,"philos. trans. r. soc. lond., b, biol. sci.",1
7402061574,plos one,1
7402061574,proc. natl. acad. sci. u. s. a.,1
7402061574,trans. am. fish. soc.,1
7402061574,wildl. res.,1
7004551662,am. nat.,1
7004551662,biodiversity conserv.,1
7004551662,biotropica,1
7004551662,conserv. biol.,1
7004551662,ecol. appl.,1
7004551662,environ. conserv.,1
7004551662,j. appl. ecol.,1
7004551662,j. biogeogr.,1
7004551662,j. sustainable for.,1
7004551662,nature,1
7004551662,plos one,1
7004551662,science,1
22035739600,conserv. biol.,1
22035739600,ecol. appl.,1
22035739600,environ. conserv.,1
22035739600,j. appl. ecol.,1
22035739600,j. sustainable for.,1
7005085103,am. j. primatol.,1
7005085103,anim. conserv.,1
7005085103,ann. new york acad. sci.,1
7005085103,behav. ecol.,1
7005085103,behav ecol sociobiol,1
7005085103,behaviour,1
7005085103,biodiversity conserv.,1
7005085103,biol. conserv.,1
7005085103,biol. rev.,1
7005085103,biotropica,1
7005085103,bird conserv. int.,1
7005085103,conserv. biol.,1
7005085103,conserv. lett.,1
7005085103,curr. biol.,1
7005085103,diversity distrib.,1
7005085103,ecol. appl.,1
7005085103,ecol. lett.,1
7005085103,ecology,1
7005085103,ecology and evolution,1
7005085103,ecol. soc.,1
7005085103,environ. conserv.,1
7005085103,for. ecol. manage.,1
7005085103,freshw. biol.,1
7005085103,global change biol.,1
7005085103,global ecol. biogeogr.,1
7005085103,global environ. change,1
7005085103,global planet. change,1
7005085103,glob. ecol. conserv.,1
7005085103,int. j. primatol.,1
7005085103,j. appl. ecol.,1
7005085103,j. biogeogr.,1
7005085103,j. ecol.,1
7005085103,j. mammal.,1
7005085103,j. nat. hist.,1
7005085103,j. trop. ecol.,1
7005085103,j. zool.,1
7005085103,mammalia,1
7005085103,nat. clim. change,1
7005085103,nature,1
7005085103,oecologia,1
7005085103,oikos,1
7005085103,oryx,1
7005085103,peerj,1
7005085103,philos. trans. r. soc. b biol. sci.,1
7005085103,plant ecol.,1
7005085103,plos one,1
7005085103,proc. natl. acad. sci. u. s. a.,1
7005085103,remote sens. environ.,1
7005085103,r. soc. open sci.,1
7005085103,science,1
7005085103,sci. rep.,1
7005085103,trends ecol. evol.,1
7005085103,trop. conserv. sci.,1
7005085103,wilson bull.,1
7404666206,am. j. primatol.,1
7404666206,am. nat.,1
7404666206,anim. behav.,1
7404666206,behav. ecol.,1
7404666206,behav. ecol. sociobiol.,1
7404666206,biol. j. linn. soc.,1
7404666206,biotropica,1
7404666206,bmc biol.,1
7404666206,conserv. biol.,1
7404666206,ecol. appl.,1
7404666206,ecol. indic.,1
7404666206,ecol. lett.,1
7404666206,ecol. monogr.,1
7404666206,ecology,1
7404666206,ecology and evolution,1
7404666206,ecosyst. serv.,1
7404666206,entomol. exp. appl.,1
7404666206,environ. conserv.,1
7404666206,evol. ecol. res.,1
7404666206,evolution,1
7404666206,frontiers ecol. envir.,1
7404666206,front. microbiol.,1
7404666206,front. zool.,1
7404666206,genome biol.,1
7404666206,insectes sociaux,1
7404666206,j. anim. ecol.,1
7404666206,j. appl. ecol.,1
7404666206,j. biogeogr.,1
7404666206,j. mammal.,1
7404666206,j. sustainable for.,1
7404666206,methods ecol. evol.,1
7404666206,mol. ecol.,1
7404666206,mol. ecol. notes,1
7404666206,mol. ecol. resour.,1
7404666206,nat. commun.,1
7404666206,nature,1
7404666206,oikos,1
7404666206,plos biol.,1
7404666206,plos one,1
7404666206,proc. natl. acad. sci. u. s. a.,1
7404666206,proc. r. soc. b biol. sci.,1
7404666206,science,1
7404666206,sci. rep.,1
7404666206,trends ecol. evol.,1
7004666031,acta oecol.,1
7004666031,agric. ecosyst. environ.,1
7004666031,am. j. bot.,1
7004666031,ann. bot.,1
7004666031,aquatic bot.,1
7004666031,arctic antarct. alp. res.,1
7004666031,basic appl. ecol.,1
7004666031,biochem. syst. ecol.,1
7004666031,biol. conserv.,1
7004666031,biol. j. linn. soc.,1
7004666031,bioscience,1
7004666031,bmc genomics,1
7004666031,bot. j. linn. soc.,1
7004666031,can. j. bot.,1
7004666031,conserv. genet.,1
7004666031,conserv. gen. res.,1
7004666031,ecography,1
7004666031,ecol. appl.,1
7004666031,ecol. lett.,1
7004666031,ecology,1
7004666031,ecology and evolution,1
7004666031,ecol. soc.,1
7004666031,eur. j. entomol.,1
7004666031,evol. ecol.,1
7004666031,evol. ecol. res.,1
7004666031,evolution,1
7004666031,flora morphol. distrib. funct. ecol. plants.,1
7004666031,folia geobot.,1
7004666031,for. ecol. manage.,1
7004666031,freshw. biol.,1
7004666031,genetics,1
7004666031,global ecol. biogeogr.,1
7004666031,heredity,1
7004666031,insect conserv. diversity,1
7004666031,int. j. plant sci.,1
7004666031,j. appl. ecol.,1
7004666031,j. biogeogr.,1
7004666031,j. ecol.,1
7004666031,j. environ. manage.,1
7004666031,j. evol. biol.,1
7004666031,j. hered.,1
7004666031,j. herpetol.,1
7004666031,j. nat. conserv.,1
7004666031,j. veg. sci.,1
7004666031,landsc. ecol.,1
7004666031,methods mol. biol.,1
7004666031,mol. ecol.,1
7004666031,mol. ecol. resour.,1
7004666031,new phytol.,1
7004666031,nord. j. bot.,1
7004666031,oecologia,1
7004666031,perspect. plant ecol. evol. syst.,1
7004666031,plant ecol.,1
7004666031,plant ecol. diversity,1
7004666031,plant syst. evol.,1
7004666031,plos one,1
7004666031,restor. ecol.,1
7004666031,theor. appl. genet.,1
7004666031,trees struct. funct.,1
7004666031,trends ecol. evol.,1
7004666031,trends plant sci.,1
7004666031,weed res.,1
56271208800,adv. ecol. res.,1
56271208800,aquatic conserv. mar. freshw. ecosyst.,1
56271208800,aquatic invasions,1
56271208800,aquat. toxicol.,1
56271208800,austral ecol.,1
56271208800,chemosphere,1
56271208800,conserv. biol.,1
56271208800,diversity distrib.,1
56271208800,ecol. appl.,1
56271208800,ecol. eng.,1
56271208800,ecol. lett.,1
56271208800,ecol. manage. restor.,1
56271208800,ecology,1
56271208800,ecology and evolution,1
56271208800,ecotoxicology,1
56271208800,environ. microbiol.,1
56271208800,environ. pollut.,1
56271208800,environ. res.,1
56271208800,environ. toxicol. chem.,1
56271208800,frontiers ecol. envir.,1
56271208800,front. microbiol.,1
56271208800,global change biol.,1
56271208800,j. anim. ecol.,1
56271208800,j. appl. ecol.,1
56271208800,j. environ. manage.,1
56271208800,j. environ. monit.,1
56271208800,j. exp. mar. biol. ecol.,1
56271208800,j. nat. hist.,1
56271208800,mar. biol.,1
56271208800,mar. ecol. prog. ser.,1
56271208800,mar. environ. res.,1
56271208800,mar. freshw. res.,1
56271208800,mar. policy,1
56271208800,mar. pollut. bull.,1
56271208800,nature,1
56271208800,oikos,1
56271208800,pac. conserv. biol.,1
56271208800,plos one,1
56271208800,polar biol.,1
56271208800,restor. ecol.,1
56271208800,sci. rep.,1
56271208800,sci. total environ.,1
56271208800,water res.,1
23059656900,bird conserv. int.,1
23059656900,ethology,1
23059656900,ibis,1
23059656900,j. appl. ecol.,1
23059656900,ostrich,1
7004440617,acta chiropterologica,1
7004440617,afr. j. ecol.,1
7004440617,afr. zool.,1
7004440617,anim. conserv.,1
7004440617,aquatic conserv. mar. freshw. ecosyst.,1
7004440617,biodiversity conserv.,1
7004440617,biol. conserv.,1
7004440617,bird conserv. int.,1
7004440617,bird study,1
7004440617,conserv. lett.,1
7004440617,curr. zool.,1
7004440617,diversity distrib.,1
7004440617,ecol. indic.,1
7004440617,ethology,1
7004440617,global change biol.,1
7004440617,ibis,1
7004440617,int. j. pest manage.,1
7004440617,ital. j. zool.,1
7004440617,j. appl. ecol.,1
7004440617,j. herpetol.,1
7004440617,j. wildl. dis.,1
7004440617,j. zool.,1
7004440617,landsc. ecol.,1
7004440617,mammalia,1
7004440617,mamm. biol.,1
7004440617,oryx,1
7004440617,ostrich,1
7004440617,plos one,1
7004440617,proc. biol. sci.,1
7004440617,proc. r. soc. b biol. sci.,1
7004440617,s. afr. j. sci.,1
7004440617,wildl. res.,1
7004440617,zool. j. linn. soc.,1
7004440617,zootaxa,1
7404766208,am. nat.,1
7404766208,auk,1
7404766208,behav. ecol.,1
7404766208,ecology,1
7404766208,evolution,1
7404766208,funct. ecol.,1
7404766208,int. j. remote sens.,1
7404766208,j. appl. ecol.,1
7404766208,j. arid environ.,1
7404766208,j. wildl. dis.,1
7404766208,j. zool.,1
7404766208,oecologia,1
7404766208,ostrich,1
7404766208,proc. r. soc. b biol. sci.,1
7404766208,s. afr. j. sci.,1
7404766208,vet. rec.,1
6506064105,behav. processes,1
6506064105,biol. lett.,1
6506064105,bird conserv. int.,1
6506064105,ecology and evolution,1
6506064105,j. appl. ecol.,1
6506064105,ostrich,1
26767532200,j. appl. ecol.,1
26767532200,ostrich,1
26767540400,j. appl. ecol.,1
26767540400,ostrich,1
22986706000,j. appl. ecol.,1
22986706000,j. nat. conserv.,1
22986706000,j. ornithol.,1
22986706000,ostrich,1
7005656756,am. nat.,1
7005656756,anim. behav.,1
7005656756,appl. anim. behav. sci.,1
7005656756,behav. ecol.,1
7005656756,behav. ecol. sociobiol.,1
7005656756,behaviour,1
7005656756,biol. control,1
7005656756,biol. j. linn. soc.,1
7005656756,biol. lett.,1
7005656756,bull. entomol. res.,1
7005656756,bull. math. biol.,1
7005656756,ecol. entomol.,1
7005656756,ecol. lett.,1
7005656756,entomol. exp. appl.,1
7005656756,ethology,1
7005656756,evol. ecol. res.,1
7005656756,gcb bioenergy,1
7005656756,global ecol. biogeogr.,1
7005656756,ibis,1
7005656756,j. anim. ecol.,1
7005656756,j. appl. ecol.,1
7005656756,j. insect sci.,1
7005656756,j. pest sci.,1
7005656756,j. theor. biol.,1
7005656756,nat. commun.,1
7005656756,nature,1
7005656756,oecologia,1
7005656756,oikos,1
7005656756,ostrich,1
7005656756,pest manage. sci.,1
7005656756,plos one,1
7005656756,proc. r. soc. b biol. sci.,1
7005656756,sci. rep.,1
7005656756,trends ecol. evol.,1
26768407500,biol. conserv.,1
26768407500,biol. invasions,1
26768407500,ecol. econ.,1
26768407500,j. appl. ecol.,1
26768407500,plos one,1
26768407500,science,1
8928241600,am. nat.,1
8928241600,anim. behav.,1
8928241600,anim. conserv.,1
8928241600,ann. rev. ecol. evol. syst.,1
8928241600,ardeola,1
8928241600,behav. ecol.,1
8928241600,biol. conserv.,1
8928241600,biol. invasions,1
8928241600,biol. j. linn. soc.,1
8928241600,biol. lett.,1
8928241600,biol. rev.,1
8928241600,bird study,1
8928241600,can. j. zool.,1
8928241600,condor,1
8928241600,conserv. biol.,1
8928241600,diversity distrib.,1
8928241600,ecography,1
8928241600,ecol. entomol.,1
8928241600,ecol. lett.,1
8928241600,ecology,1
8928241600,evolution,1
8928241600,global ecol. biogeogr.,1
8928241600,ibis,1
8928241600,j. appl. ecol.,1
8928241600,j. evol. biol.,1
8928241600,j. parasitol.,1
8928241600,mar. biol.,1
8928241600,mari. mamm. sci.,1
8928241600,nat. commun.,1
8928241600,oecologia,1
8928241600,oikos,1
8928241600,parasitol. res.,1
8928241600,philos. trans. r. soc. b biol. sci.,1
8928241600,"philos. trans. r. soc. lond., b, biol. sci.",1
8928241600,plos one,1
8928241600,proc. natl. acad. sci. u. s. a.,1
8928241600,proc. r. soc. b biol. sci.,1
8928241600,science,1
8928241600,sci. rep.,1
8928241600,trends ecol. evol.,1
23669951600,biol. conserv.,1
23669951600,can. j. fish. aquatic sci.,1
23669951600,conserv. biol.,1
23669951600,ecography,1
23669951600,ecol. appl.,1
23669951600,ecology,1
23669951600,ecology and evolution,1
23669951600,ecosphere,1
23669951600,environ. manage.,1
23669951600,fisheries,1
23669951600,for. ecol. manage.,1
23669951600,global change biol.,1
23669951600,global ecol. biogeogr.,1
23669951600,j. appl. ecol.,1
23669951600,j. wildl. manage.,1
23669951600,methods ecol. evol.,1
23669951600,oecologia,1
23669951600,plos one,1
23669951600,proc. r. soc. b biol. sci.,1
23669951600,trends ecol. evol.,1
26767561800,biol. conserv.,1
26767561800,ecology,1
26767561800,ecol. res.,1
26767561800,j. appl. ecol.,1
26767561800,plos one,1
26767561800,ursus,1
26767561800,waterbirds,1
26767812100,behav. ecol. sociobiol.,1
26767812100,biol. conserv.,1
26767812100,conserv. biol.,1
26767812100,j. appl. ecol.,1
23029064500,biodiversity conserv.,1
23029064500,bioinformatics,1
23029064500,biol. conserv.,1
23029064500,bmc biol.,1
23029064500,chemosphere,1
23029064500,conserv. genet.,1
23029064500,ecol. model.,1
23029064500,environ. model. softw.,1
23029064500,environ. sci. policy,1
23029064500,genetics,1
23029064500,genome res.,1
23029064500,heredity,1
23029064500,ieee j. sel. top. appl. earth obs. remote sens.,1
23029064500,int. j. appl. earth obs. geoinformation,1
23029064500,j. appl. ecol.,1
23029064500,j. hydrol.,1
23029064500,landsc. ecol.,1
23029064500,mol. biol. evol.,1
23029064500,mol. ecol.,1
23029064500,mol. ecol. notes,1
23029064500,mol. ecol. resour.,1
23029064500,nature,1
23029064500,plos genet.,1
23029064500,proc. natl. acad. sci. u. s. a.,1
23029064500,r. soc. open sci.,1
23029064500,sci. data,1
23029064500,science,1
23029064500,sci. rep.,1
23029064500,trends ecol. evol.,1
13403382600,dig int geosci remote sens symp (igarss),1
13403382600,earth surf. processes landf.,1
13403382600,eos,1
13403382600,geomorphology,1
13403382600,geophys. res. lett.,1
13403382600,holocene,1
13403382600,int. j. appl. earth obs. geoinformation,1
13403382600,int. j. remote sens.,1
13403382600,j. appl. ecol.,1
13403382600,j. coast. res.,1
13403382600,j. quat. sci.,1
13403382600,proc spie int soc opt eng,1
13403382600,remote sens.,1
13403382600,remote sens. environ.,1
13403382600,science,1
13403382600,water resour. res.,1
56248839200,catena,1
56248839200,dig int geosci remote sens symp (igarss),1
56248839200,earth plan. sci. lett.,1
56248839200,earth surf. processes landf.,1
56248839200,eos,1
56248839200,geochim. cosmochim. acta,1
56248839200,geomorphology,1
56248839200,geophys. res. lett.,1
56248839200,global planet. change,1
56248839200,int. j. remote sens.,1
56248839200,j. appl. ecol.,1
56248839200,j. coast. res.,1
56248839200,proc spie int soc opt eng,1
56248839200,remote sens.,1
56248839200,remote sens. environ.,1
56248839200,science,1
56248839200,sci. total environ.,1
26767976600,ecohydrology,1
26767976600,ecol. appl.,1
26767976600,ecosystems,1
26767976600,for. ecol. manage.,1
26767976600,j. appl. ecol.,1
26767976600,j. torrey bot. soc.,1
26767770000,j. appl. ecol.,1
26767770000,nat. geosci.,1
26767770000,restor. ecol.,1
7801592065,ann. bot. fenn.,1
7801592065,biol. conserv.,1
7801592065,can. j. for. res.,1
7801592065,for. ecol. manage.,1
7801592065,fungal ecol.,1
7801592065,j. appl. ecol.,1
7801592065,nord. j. bot.,1
7801592065,plos one,1
7801592065,restor. ecol.,1
7801592065,silva fenn.,1
6701544380,afr. j. ecol.,1
6701544380,am. j. primatol.,1
6701544380,anim. behav.,1
6701544380,auk,1
6701544380,aust. j. zool.,1
6701544380,austral ecol.,1
6701544380,behav. ecol.,1
6701544380,behav ecol sociobiol,1
6701544380,behav. ecol. sociobiol.,1
6701544380,behaviour,1
6701544380,biol. conserv.,1
6701544380,biol. lett.,1
6701544380,conserv. biol.,1
6701544380,conserv. genet.,1
6701544380,conserv. gen. res.,1
6701544380,crop prot.,1
6701544380,curr. biol.,1
6701544380,ecology and evolution,1
6701544380,emu,1
6701544380,evolution,1
6701544380,heredity,1
6701544380,horm. behav.,1
6701544380,ibis,1
6701544380,integr. zool.,1
6701544380,int. j. primatol.,1
6701544380,j. acoust. soc. am.,1
6701544380,j. anim. ecol.,1
6701544380,j. appl. ecol.,1
6701544380,j. avian biol.,1
6701544380,j. biogeogr.,1
6701544380,j. mammal.,1
6701544380,j. raptor res.,1
6701544380,j. wildl. dis.,1
6701544380,j. wildl. manage.,1
6701544380,j. zool.,1
6701544380,landsc. ecol.,1
6701544380,mar. ecol. prog. ser.,1
6701544380,mari. mamm. sci.,1
6701544380,mol. ecol.,1
6701544380,mol. phylogenet. evol.,1
6701544380,naturwissenschaften,1
6701544380,oryx,1
6701544380,parasitology,1
6701544380,plos one,1
6701544380,polar biol.,1
6701544380,proc. r. soc. b biol. sci.,1
6701544380,trends ecol. evol.,1
6701544380,wildl. res.,1
7003420718,agric. ecosyst. environ.,1
7003420718,agric. syst.,1
7003420718,appl. geogr.,1
7003420718,austral ecol.,1
7003420718,biodiversity conserv.,1
7003420718,biol. conserv.,1
7003420718,biol. invasions,1
7003420718,biol. rev.,1
7003420718,bull. am. meteorol. soc.,1
7003420718,clim. change,1
7003420718,conserv. biol.,1
7003420718,conserv. lett.,1
7003420718,curr. opin. environ. sustainability,1
7003420718,diversity distrib.,1
7003420718,ecography,1
7003420718,ecohydrology,1
7003420718,ecol. complex.,1
7003420718,ecol. manage. restor.,1
7003420718,ecology,1
7003420718,ecology and evolution,1
7003420718,ecol. soc.,1
7003420718,ecosystems,1
7003420718,ecosyst. serv.,1
7003420718,emu,1
7003420718,environ. conserv.,1
7003420718,environ. manage.,1
7003420718,environ. sci. policy,1
7003420718,for. ecol. manage.,1
7003420718,frontiers ecol. envir.,1
7003420718,geophys. res. lett.,1
7003420718,global change biol.,1
7003420718,global ecol. biogeogr.,1
7003420718,global environ. change,1
7003420718,global planet. change,1
7003420718,ibis,1
7003420718,int. j. climatol.,1
7003420718,int. j. remote sens.,1
7003420718,int. j. wildland fire,1
7003420718,j. anim. ecol.,1
7003420718,j. appl. ecol.,1
7003420718,j. environ. manage.,1
7003420718,j. hydrol.,1
7003420718,j. wildl. manage.,1
7003420718,j. zool.,1
7003420718,landsc. ecol.,1
7003420718,landsc. urban plann.,1
7003420718,mar. ecol. prog. ser.,1
7003420718,mol. ecol.,1
7003420718,mov. ecol.,1
7003420718,nat. clim. change,1
7003420718,ocean coast. manage.,1
7003420718,oecologia,1
7003420718,pac. conserv. biol.,1
7003420718,plos one,1
7003420718,remote sens.,1
7003420718,remote sens. environ.,1
7003420718,sci. rep.,1
7003420718,sci. total environ.,1
7003420718,trends ecol. evol.,1
7003420718,wildl. res.,1
23019387900,atmos. environ.,1
23019387900,austral ecol.,1
23019387900,biol. conserv.,1
23019387900,conserv. biol.,1
23019387900,crop prot.,1
23019387900,curr. biol.,1
23019387900,ecol. lett.,1
23019387900,ecology,1
23019387900,ecology and evolution,1
23019387900,environ. ecol. stat.,1
23019387900,environmetrics,1
23019387900,environ. model. softw.,1
23019387900,integr. environ. assess. manage.,1
23019387900,j. agric. biol. environ.,1
23019387900,j. appl. ecol.,1
23019387900,plos one,1
7102401251,acta oecol.,1
7102401251,am. j. bot.,1
7102401251,am. nat.,1
7102401251,ann. bot.,1
7102401251,ardea,1
7102401251,ardeola,1
7102401251,basic appl. ecol.,1
7102401251,biodiversity conserv.,1
7102401251,biol. conserv.,1
7102401251,biol. j. linn. soc.,1
7102401251,bot.,1
7102401251,condor,1
7102401251,ecography,1
7102401251,ecology,1
7102401251,ecoscience,1
7102401251,evol. ecol.,1
7102401251,evolution,1
7102401251,funct. ecol.,1
7102401251,j. appl. ecol.,1
7102401251,j. arid environ.,1
7102401251,j. avian biol.,1
7102401251,j. ecol.,1
7102401251,j. evol. biol.,1
7102401251,j. field ornithol.,1
7102401251,j. plant ecol.,1
7102401251,j. veg. sci.,1
7102401251,mol. ecol.,1
7102401251,new phytol.,1
7102401251,oecologia,1
7102401251,oikos,1
7102401251,perspect. plant ecol. evol. syst.,1
7102401251,physiol. biochem. zool.,1
7102401251,plant biol.,1
7102401251,plant ecol.,1
7102401251,plant syst. evol.,1
7102401251,plos one,1
7102401251,proc. natl. acad. sci. u. s. a.,1
7102401251,restor. ecol.,1
7102401251,theor. ecol.,1
25622006000,acta oecol.,1
25622006000,agric. ecosyst. environ.,1
25622006000,basic appl. ecol.,1
25622006000,j. appl. ecol.,1
25622006000,j. ecol.,1
25622006000,restor. ecol.,1
26638726100,aqua. biol.,1
26638726100,austral ecol.,1
26638726100,biodiversity conserv.,1
26638726100,biol. conserv.,1
26638726100,biol. j. linn. soc.,1
26638726100,biol. lett.,1
26638726100,community ecol.,1
26638726100,conserv. lett.,1
26638726100,diversity distrib.,1
26638726100,ecography,1
26638726100,ecol. appl.,1
26638726100,ecol. lett.,1
26638726100,fems microbiol. ecol.,1
26638726100,folia geobot.,1
26638726100,global change biol.,1
26638726100,insect conserv. diversity,1
26638726100,j. appl. ecol.,1
26638726100,j. biogeogr.,1
26638726100,j. ecol.,1
26638726100,j. veg. sci.,1
26638726100,methods ecol. evol.,1
26638726100,new phytol.,1
26638726100,oecologia,1
26638726100,oikos,1
26638726100,proc. natl. acad. sci. u. s. a.,1
26638726100,proc. r. soc. b biol. sci.,1
16306699600,biodiversity conserv.,1
16306699600,biol. conserv.,1
16306699600,biol. lett.,1
16306699600,bioscience,1
16306699600,conserv. lett.,1
16306699600,ecol. appl.,1
16306699600,ecol. lett.,1
16306699600,ecology and evolution,1
16306699600,ecol. soc.,1
16306699600,ecosyst. serv.,1
16306699600,environ. conserv.,1
16306699600,global change biol.,1
16306699600,global ecol. biogeogr.,1
16306699600,global environ. change,1
16306699600,j. appl. ecol.,1
16306699600,landsc. ecol.,1
16306699600,landsc. urban plann.,1
16306699600,methods ecol. evol.,1
16306699600,nature,1
16306699600,philos. trans. r. soc. b biol. sci.,1
16306699600,"philos. trans. r. soc. lond., b, biol. sci.",1
16306699600,proc. natl. acad. sci. u. s. a.,1
16306699600,proc. r. soc. b biol. sci.,1
16306699600,sci. total environ.,1
16306699600,trends ecol. evol.,1
6603620093,ardea,1
6603620093,auk,1
6603620093,biol. conserv.,1
6603620093,biol. j. linn. soc.,1
6603620093,bioscience,1
6603620093,bird study,1
6603620093,clim. change,1
6603620093,conserv. lett.,1
6603620093,ecography,1
6603620093,ecol. appl.,1
6603620093,ecol. lett.,1
6603620093,global change biol.,1
6603620093,global ecol. biogeogr.,1
6603620093,ibis,1
6603620093,int. j. geogr. inf. sci.,1
6603620093,j. anim. ecol.,1
6603620093,j. appl. ecol.,1
6603620093,j. environ. manage.,1
6603620093,j. ornithol.,1
6603620093,landsc. urban plann.,1
6603620093,methods ecol. evol.,1
6603620093,oecologia,1
6603620093,ornis fenn.,1
6603620093,plos one,1
6603620093,proc. r. soc. b biol. sci.,1
6603620093,vet. rec.,1
7402439363,ann. bot. fenn.,1
7402439363,ann. zool. fenn.,1
7402439363,aquatic conserv. mar. freshw. ecosyst.,1
7402439363,biocontrol,1
7402439363,biodiversity conserv.,1
7402439363,biol. conserv.,1
7402439363,biol. j. linn. soc.,1
7402439363,biol. lett.,1
7402439363,biometrics,1
7402439363,conserv. biol.,1
7402439363,conserv. lett.,1
7402439363,diversity distrib.,1
7402439363,ecography,1
7402439363,ecol. appl.,1
7402439363,ecol. entomol.,1
7402439363,ecol. indic.,1
7402439363,ecol. lett.,1
7402439363,ecology,1
7402439363,frontiers ecol. envir.,1
7402439363,global change biol.,1
7402439363,global ecol. biogeogr.,1
7402439363,hydrobiologia,1
7402439363,insect conserv. diversity,1
7402439363,int. j. biometeorol.,1
7402439363,j. agric. biol. environ.,1
7402439363,j. anim. ecol.,1
7402439363,j. appl. ecol.,1
7402439363,j. biogeogr.,1
7402439363,j. environ. manage.,1
7402439363,j. environ. monit.,1
7402439363,j. insect conserv.,1
7402439363,j. nat. conserv.,1
7402439363,j. nat. hist.,1
7402439363,j. veg. sci.,1
7402439363,landsc. ecol.,1
7402439363,methods ecol. evol.,1
7402439363,nat. clim. change,1
7402439363,nat. commun.,1
7402439363,nature,1
7402439363,oecologia,1
7402439363,oikos,1
7402439363,philos. trans. r. soc. b biol. sci.,1
7402439363,plos one,1
7402439363,preslia,1
7402439363,proc. natl. acad. sci. u. s. a.,1
7402439363,proc. r. soc. b biol. sci.,1
7402439363,science,1
7402439363,sci. rep.,1
7402439363,seed sci. res.,1
7402439363,trends ecol. evol.,1
7402439363,water air soil pollut,1
26532657300,biol. conserv.,1
26532657300,flora morphol. distrib. funct. ecol. plants.,1
26532657300,j. appl. ecol.,1
26532657300,j. mar. syst.,1
26532657300,sci. rep.,1
26532657300,trees struct. funct.,1
9437059600,appl. environ. microbiol.,1
9437059600,aquatic microb. ecol.,1
9437059600,aquatic sci.,1
9437059600,biogeochemistry,1
9437059600,biogeosciences,1
9437059600,chemosphere,1
9437059600,ecol. model.,1
9437059600,ecosystems,1
9437059600,freshw. biol.,1
9437059600,geochim. cosmochim. acta,1
9437059600,geoscientific model dev.,1
9437059600,global biogeochem. cycles,1
9437059600,hydrobiologia,1
9437059600,j. appl. ecol.,1
9437059600,j. exp. mar. biol. ecol.,1
9437059600,j. fish biol.,1
9437059600,j. geophys. res. g biogeosci.,1
9437059600,j. great lakes res.,1
9437059600,j. plankton res.,1
9437059600,limnol. oceanogr.,1
9437059600,microb. ecol.,1
9437059600,nat. geosci.,1
9437059600,oecologia,1
9437059600,oikos,1
9437059600,plos one,1
9437059600,sci. rep.,1
9437059600,sci. total environ.,1
7101714308,acta hortic.,1
7101714308,acta trop.,1
7101714308,afr. j. ecol.,1
7101714308,agric. ecosyst. environ.,1
7101714308,agric. syst.,1
7101714308,agrofor. syst.,1
7101714308,am. j. bot.,1
7101714308,ann. bot.,1
7101714308,appl. veg. sci.,1
7101714308,biocontrol sci. technol.,1
7101714308,biodiversity conserv.,1
7101714308,biol. conserv.,1
7101714308,comput. electron. agric.,1
7101714308,ecohealth,1
7101714308,ecol. model.,1
7101714308,ecosyst. serv.,1
7101714308,environ. exp. bot.,1
7101714308,environ. monit. assess.,1
7101714308,environ.res.lett.,1
7101714308,euphytica,1
7101714308,flora morphol. distrib. funct. ecol. plants.,1
7101714308,for. ecol. manage.,1
7101714308,forests,1
7101714308,for. policy econ.,1
7101714308,front. plant sci.,1
7101714308,hum. ecol.,1
7101714308,int. j. pest manage.,1
7101714308,j. agric. food chem.,1
7101714308,j. appl. ecol.,1
7101714308,j. appl. entomol.,1
7101714308,j. arid environ.,1
7101714308,j. nat. conserv.,1
7101714308,j trop forest sci,1
7101714308,mol. phylogenet. evol.,1
7101714308,new for.,1
7101714308,photosynthetica,1
7101714308,plos one,1
7101714308,theor. appl. genet.,1
7101714308,trees struct. funct.,1
7101714308,trop. conserv. sci.,1
7101714308,vet. parasitol.,1
7101714308,weed technol.,1
7101714308,wetlands ecol. manage.,1
12768739300,agric. ecosyst. environ.,1
12768739300,agron. sustainable dev.,1
12768739300,ann. app. biol.,1
12768739300,basic appl. ecol.,1
12768739300,biol. conserv.,1
12768739300,ecology and evolution,1
12768739300,funct. ecol.,1
12768739300,ibis,1
12768739300,j. appl. ecol.,1
12768739300,j. ecol.,1
12768739300,peerj,1
12768739300,restor. ecol.,1
12768739300,weed res.,1
7401755975,acta ornithol.,1
7401755975,adv. ecol. res.,1
7401755975,agric. ecosyst. environ.,1
7401755975,agric. for. entomol.,1
7401755975,agron. sustainable dev.,1
7401755975,ann. app. biol.,1
7401755975,arthropod-plant interact.,1
7401755975,biocontrol,1
7401755975,biodiversity conserv.,1
7401755975,biol. conserv.,1
7401755975,biol. control,1
7401755975,bird study,1
7401755975,bull. entomol. res.,1
7401755975,can. entomol.,1
7401755975,crop prot.,1
7401755975,ecol. entomol.,1
7401755975,ecol. informatics,1
7401755975,ecol. lett.,1
7401755975,entomol. exp. appl.,1
7401755975,environ. toxicol. chem.,1
7401755975,ibis,1
7401755975,insect conserv. diversity,1
7401755975,j. anim. ecol.,1
7401755975,j. appl. ecol.,1
7401755975,j. appl. entomol.,1
7401755975,j. ecol.,1
7401755975,j. insect conserv.,1
7401755975,j. nat. conserv.,1
7401755975,mol. ecol.,1
7401755975,oecologia,1
7401755975,pedobiologia,1
7401755975,plos one,1
7401755975,restor. ecol.,1
7401755975,sustainability,1
7401755975,weed res.,1
7403404641,agric. ecosyst. environ.,1
7403404641,biol. conserv.,1
7403404641,bird conserv. int.,1
7403404641,bird study,1
7403404641,conserv. gen. res.,1
7403404641,ibis,1
7403404641,j. appl. ecol.,1
7403404641,j. ornithol.,1
7403404641,parasitology,1
6506950390,bird study,1
6506950390,bmc evol. biol.,1
6506950390,condor,1
6506950390,gen. comp. endocrinol.,1
6506950390,horm. behav.,1
6506950390,ibis,1
6506950390,j. appl. ecol.,1
6506950390,j. avian biol.,1
6506950390,j. exp. biol.,1
6506950390,mar. ecol. prog. ser.,1
6506950390,oecologia,1
6506950390,plos one,1
6506950390,rev. ecol. terre vie,1
6506950390,ringing migr.,1
6506950390,wilson j. ornithol.,1
6506695807,acta ornithol.,1
6506695807,am. nat.,1
6506695807,avian conserv. ecology,1
6506695807,bird study,1
6506695807,can. field-nat.,1
6506695807,can. j. for. res.,1
6506695807,condor,1
6506695807,conserv. biol.,1
6506695807,ecol. appl.,1
6506695807,ecoscience,1
6506695807,endanger. species res.,1
6506695807,eur. j. wildl. res.,1
6506695807,for. ecol. manage.,1
6506695807,j. appl. ecol.,1
6506695807,j. avian biol.,1
6506695807,j. field ornithol.,1
6506695807,j. ornithol.,1
6506695807,j. raptor res.,1
6506695807,landsc. ecol.,1
6506695807,mar. ecol. prog. ser.,1
6506695807,oecologia,1
6506695807,plos one,1
6506695807,waterbirds,1
6506695807,wildl. soc. bull.,1
6506695807,wilson j. ornithol.,1
7003470434,anal. chem.,1
7003470434,appl. environ. microbiol.,1
7003470434,appl. geochem.,1
7003470434,auk,1
7003470434,biol. lett.,1
7003470434,can. j. fish. aquatic sci.,1
7003470434,can. j. zool.,1
7003470434,condor,1
7003470434,diversity distrib.,1
7003470434,ecography,1
7003470434,ecol. appl.,1
7003470434,ecol. freshw. fish,1
7003470434,ecol. indic.,1
7003470434,ecology and evolution,1
7003470434,environ. int.,1
7003470434,environ. sci. technol.,1
7003470434,environ. toxicol. chem.,1
7003470434,estuar. coast. shelf sci.,1
7003470434,freshw. biol.,1
7003470434,front. zool.,1
7003470434,funct. ecol.,1
7003470434,geochim. cosmochim. acta,1
7003470434,geology,1
7003470434,global biogeochem. cycles,1
7003470434,global change biol.,1
7003470434,hydrol. earth syst. sci.,1
7003470434,hydrol. processes,1
7003470434,isot. environ. health stud.,1
7003470434,j. appl. ecol.,1
7003470434,j. avian biol.,1
7003470434,j. environ. qual.,1
7003470434,j. great lakes res.,1
7003470434,j. hydrol.,1
7003470434,j. ornithol.,1
7003470434,j. raptor res.,1
7003470434,j. wildl. manage.,1
7003470434,limnol. oceanogr.,1
7003470434,mar. ecol. prog. ser.,1
7003470434,methods ecol. evol.,1
7003470434,microb. ecol.,1
7003470434,mov. ecol.,1
7003470434,oecologia,1
7003470434,org. geochem.,1
7003470434,palaeogeogr. palaeoclimatol. palaeoecol.,1
7003470434,physiol. biochem. zool.,1
7003470434,plos one,1
7003470434,proc. natl. acad. sci. u. s. a.,1
7003470434,proc. r. soc. b biol. sci.,1
7003470434,rapid commun. mass spectrom.,1
7003470434,sci. rep.,1
7003470434,sci. total environ.,1
7003470434,waterbirds,1
7003470434,water resour. res.,1
7003470434,wildl. soc. bull.,1
7102994865,bird study,1
7102994865,can. j. zool.,1
7102994865,conserv. genet.,1
7102994865,ibis,1
7102994865,j. appl. ecol.,1
7102994865,j. biogeogr.,1
7102994865,j. wildl. manage.,1
7102994865,mammalia,1
7102994865,oecologia,1
7102994865,plos one,1
7102994865,rev. ecol. terre vie,1
7102994865,ringing migr.,1
7102994865,vie milieu,1
12646108500,bioscience,1
12646108500,bmc biol.,1
12646108500,conserv. biol.,1
12646108500,j. appl. ecol.,1
12646108500,oryx,1
12646108500,science,1
7005454038,afr. j. ecol.,1
7005454038,ambio,1
7005454038,aquatic conserv. mar. freshw. ecosyst.,1
7005454038,biol. conserv.,1
7005454038,bioscience,1
7005454038,bull. mar. sci.,1
7005454038,can. j. fish. aquatic sci.,1
7005454038,clim. change,1
7005454038,conserv. biol.,1
7005454038,conserv. lett.,1
7005454038,coral reefs,1
7005454038,curr. biol.,1
7005454038,curr. opin. environ. sustainability,1
7005454038,ecol. appl.,1
7005454038,ecol. eng.,1
7005454038,ecol. lett.,1
7005454038,ecol. model.,1
7005454038,ecol. monogr.,1
7005454038,ecology,1
7005454038,ecol. soc.,1
7005454038,ecosphere,1
7005454038,ecosystems,1
7005454038,environ biol fish,1
7005454038,environ. biol. fishes,1
7005454038,environ. conserv.,1
7005454038,environ. manage.,1
7005454038,environ. sci. policy,1
7005454038,estuar. coast. shelf sci.,1
7005454038,fish fish.,1
7005454038,fish. manage. ecol.,1
7005454038,fish. res.,1
7005454038,geophys. res. lett.,1
7005454038,global change biol.,1
7005454038,global environ. change,1
7005454038,hydrobiologia,1
7005454038,j. appl. ecol.,1
7005454038,j. biogeogr.,1
7005454038,j. exp. biol.,1
7005454038,j. exp. mar. biol. ecol.,1
7005454038,j. fish biol.,1
7005454038,mar. biol.,1
7005454038,mar. ecol.,1
7005454038,mar. ecol. prog. ser.,1
7005454038,mar. environ. res.,1
7005454038,mar. freshw. res.,1
7005454038,mar. policy,1
7005454038,mar. pollut. bull.,1
7005454038,nat. commun.,1
7005454038,nature,1
7005454038,ncasi tech bull,1
7005454038,ocean coast. manage.,1
7005454038,oecologia,1
7005454038,peerj,1
7005454038,philos. trans. r. soc. b biol. sci.,1
7005454038,plos one,1
7005454038,proc. biol. sci.,1
7005454038,proc. natl. acad. sci. u. s. a.,1
7005454038,proc. r. soc. b biol. sci.,1
7005454038,remote sens.,1
7005454038,rev. fish biol. fish.,1
7005454038,science,1
7005454038,vegetatio,1
6602290689,am. nat.,1
6602290689,anim. behav.,1
6602290689,behav. ecol.,1
6602290689,behav. ecol. sociobiol.,1
6602290689,biodiversity conserv.,1
6602290689,biol. conserv.,1
6602290689,bull. mar. sci.,1
6602290689,conserv. gen. res.,1
6602290689,coral reefs,1
6602290689,curr. biol.,1
6602290689,curr. opin. environ. sustainability,1
6602290689,dis. aquatic org.,1
6602290689,diversity,1
6602290689,ecography,1
6602290689,ecol. appl.,1
6602290689,ecology,1
6602290689,ecology and evolution,1
6602290689,environ. biol. fishes,1
6602290689,fish fish.,1
6602290689,funct. ecol.,1
6602290689,global change biol.,1
6602290689,hydrobiologia,1
6602290689,j. appl. ecol.,1
6602290689,j. evol. biol.,1
6602290689,j. exp. biol.,1
6602290689,j. exp. mar. biol. ecol.,1
6602290689,j. fish biol.,1
6602290689,mar. biol.,1
6602290689,mar. ecol. prog. ser.,1
6602290689,mar. environ. res.,1
6602290689,mar. freshw. res.,1
6602290689,mar. policy,1
6602290689,mar. pollut. bull.,1
6602290689,mol. ecol.,1
6602290689,mol. ecol. resour.,1
6602290689,nat. clim. change,1
6602290689,nature,1
6602290689,ocean coast. manage.,1
6602290689,oecologia,1
6602290689,oikos,1
6602290689,oryx,1
6602290689,pac. sci.,1
6602290689,peerj,1
6602290689,physiol. biochem. zool.,1
6602290689,plos biol.,1
6602290689,plos one,1
6602290689,proc. natl. acad. sci. u. s. a.,1
6602290689,proc. r. soc. b biol. sci.,1
6602290689,raffles bull. zool.,1
6602290689,reg. environ. change,1
6602290689,rev. fish biol. fish.,1
6602290689,sci. data,1
6602290689,science,1
6602290689,sci. rep.,1
7404785614,aquatic conserv. mar. freshw. ecosyst.,1
7404785614,biodiversity conserv.,1
7404785614,bioscience,1
7404785614,conserv. biol.,1
7404785614,coral reefs,1
7404785614,curr. biol.,1
7404785614,curr. opin. environ. sustainability,1
7404785614,diversity,1
7404785614,ecol. appl.,1
7404785614,ecol. lett.,1
7404785614,ecol. soc.,1
7404785614,ecosphere,1
7404785614,ecosystems,1
7404785614,environ. biol. fishes,1
7404785614,environ. monit. assess.,1
7404785614,fish fish.,1
7404785614,fish. res.,1
7404785614,funct. ecol.,1
7404785614,global change biol.,1
7404785614,global environ. change,1
7404785614,j. anim. ecol.,1
7404785614,j. appl. ecol.,1
7404785614,j. environ. manage.,1
7404785614,j. exp. biol.,1
7404785614,j. exp. mar. biol. ecol.,1
7404785614,j. fish biol.,1
7404785614,j. nat. conserv.,1
7404785614,limnol. oceanogr.,1
7404785614,limnol. oceanogr. methods,1
7404785614,mar. biol.,1
7404785614,mar. ecol. prog. ser.,1
7404785614,mar. environ. res.,1
7404785614,nature,1
7404785614,ocean coast. manage.,1
7404785614,org. geochem.,1
7404785614,plos biol.,1
7404785614,plos one,1
7404785614,proc. natl. acad. sci. u. s. a.,1
7404785614,proc. r. soc. b biol. sci.,1
7404785614,rev. fish biol. fish.,1
7404785614,science,1
7404785614,sci. rep.,1
26533041700,appl. environ. microbiol.,1
26533041700,bmc genomics,1
26533041700,conserv. biol.,1
26533041700,coral reefs,1
26533041700,ecology and evolution,1
26533041700,elife,1
26533041700,env. microbiol. rep.,1
26533041700,isme j.,1
26533041700,j. appl. ecol.,1
26533041700,j. exp. biol.,1
26533041700,j. exp. mar. biol. ecol.,1
26533041700,nature,1
26533041700,peerj,1
26533041700,plos one,1
15065292300,agric. ecosyst. environ.,1
15065292300,agrofor. syst.,1
15065292300,biodiversity conserv.,1
15065292300,biol. conserv.,1
15065292300,conserv. biol.,1
15065292300,diversity distrib.,1
15065292300,ecol. appl.,1
15065292300,global change biol.,1
15065292300,j. appl. ecol.,1
15065292300,j. mammal.,1
15065292300,j. nat. conserv.,1
15065292300,landsc. ecol.,1
15065292300,nat. clim. change,1
15065292300,philos. trans. r. soc. b biol. sci.,1
15065292300,plos one,1
15065292300,proc. r. soc. b biol. sci.,1
15065292300,reg. environ. change,1
6602551735,basic appl. ecol.,1
6602551735,biol. conserv.,1
6602551735,biol. j. linn. soc.,1
6602551735,can. j. zool.,1
6602551735,conserv. genet.,1
6602551735,ecography,1
6602551735,ethol. ecol. evol.,1
6602551735,eur. j. wildl. res.,1
6602551735,j. appl. ecol.,1
6602551735,j. mammal.,1
6602551735,j. wildl. manage.,1
6602551735,j. zool.,1
6602551735,j. zool. syst. evol. res.,1
6602551735,mammalia,1
6602551735,mammal rev.,1
6602551735,mamm. biol.,1
6602551735,plos one,1
6602551735,popul. ecol.,1
6602551735,proc. natl. acad. sci. u. s. a.,1
6602551735,science,1
6602551735,ursus,1
6602551735,vet. rec.,1
6602551735,wildl. biol.,1
6602551735,wildl. res.,1
6602551735,wildl. soc. bull.,1
15065822300,acta oecol.,1
15065822300,agrofor. syst.,1
15065822300,anim. conserv.,1
15065822300,appl. veg. sci.,1
15065822300,basic appl. ecol.,1
15065822300,biodiversity conserv.,1
15065822300,biol. conserv.,1
15065822300,biol. rev.,1
15065822300,bioscience,1
15065822300,conserv. biol.,1
15065822300,conserv. lett.,1
15065822300,diversity distrib.,1
15065822300,ecography,1
15065822300,ecol. appl.,1
15065822300,ecol. lett.,1
15065822300,ecol. res.,1
15065822300,eur. j. wildl. res.,1
15065822300,fish fish.,1
15065822300,front. plant sci.,1
15065822300,global change biol.,1
15065822300,global ecol. biogeogr.,1
15065822300,ices j. mar. sci.,1
15065822300,integr. zool.,1
15065822300,j. appl. ecol.,1
15065822300,j. appl. ichthyol.,1
15065822300,j. biogeogr.,1
15065822300,j. ecol.,1
15065822300,j. mammal.,1
15065822300,j. nat. conserv.,1
15065822300,j. wildl. manage.,1
15065822300,landsc. ecol.,1
15065822300,mar. ecol.,1
15065822300,mar. ecol. prog. ser.,1
15065822300,mol. ecol.,1
15065822300,nat. clim. change,1
15065822300,naturwissenschaften,1
15065822300,oecologia,1
15065822300,peerj,1
15065822300,philos. trans. r. soc. b biol. sci.,1
15065822300,"philos. trans. r. soc. lond., b, biol. sci.",1
15065822300,plos one,1
15065822300,popul. ecol.,1
15065822300,proc. r. soc. b biol. sci.,1
15065822300,syst. biol.,1
7006532232,eur. j. wildl. res.,1
7006532232,heredity,1
7006532232,j. appl. ecol.,1
7006532232,j. exp. zool.,1
7006532232,j. mammal.,1
7006532232,j. wildl. dis.,1
7006532232,j. zoo wildl. med.,1
7006532232,plos one,1
7006532232,proc. natl. acad. sci. u. s. a.,1
7006532232,ursus,1
6507040651,acta chiropterologica,1
6507040651,acta oecol.,1
6507040651,acta ornithol.,1
6507040651,agric. ecosyst. environ.,1
6507040651,anim. conserv.,1
6507040651,ardeola,1
6507040651,biodiversity conserv.,1
6507040651,biol. conserv.,1
6507040651,bird study,1
6507040651,conserv. biol.,1
6507040651,conserv. genet.,1
6507040651,conserv. lett.,1
6507040651,ecol. econ.,1
6507040651,ecol. eng.,1
6507040651,ecol. indic.,1
6507040651,environ. manage.,1
6507040651,environ. model. softw.,1
6507040651,for. ecol. manage.,1
6507040651,global change biol.,1
6507040651,glob. ecol. conserv.,1
6507040651,ibis,1
6507040651,insect conserv. diversity,1
6507040651,j. appl. ecol.,1
6507040651,j. environ. manage.,1
6507040651,landsc. ecol.,1
6507040651,land use policy,1
6507040651,mamm. biol.,1
6507040651,plos one,1
6507040651,popul. ecol.,1
6507040651,rev. ecol. terre vie,1
6507040651,soc. nat. res.,1
6507040651,urban ecosyst.,1
6507040651,wildl. res.,1
6506970559,acta oecol.,1
6506970559,adv. ecol. res.,1
6506970559,agric. ecosyst. environ.,1
6506970559,anim. conserv.,1
6506970559,biol. conserv.,1
6506970559,conserv. biol.,1
6506970559,conserv. lett.,1
6506970559,ecol. eng.,1
6506970559,ecol. indic.,1
6506970559,ecology and evolution,1
6506970559,global change biol.,1
6506970559,glob. ecol. conserv.,1
6506970559,ibis,1
6506970559,insect conserv. diversity,1
6506970559,j. appl. ecol.,1
6506970559,j. environ. manage.,1
6506970559,landsc. ecol.,1
6506970559,peerj,1
6506970559,popul. ecol.,1
6506970559,rev. ecol. terre vie,1
16302241800,am. nat.,1
16302241800,anim. behav.,1
16302241800,anim. conserv.,1
16302241800,auk,1
16302241800,biodiversity conserv.,1
16302241800,biol. conserv.,1
16302241800,biol. j. linn. soc.,1
16302241800,bmc evol. biol.,1
16302241800,conserv. biol.,1
16302241800,conserv. genet.,1
16302241800,diversity distrib.,1
16302241800,ecol. appl.,1
16302241800,ecol. model.,1
16302241800,ecology,1
16302241800,ecology and evolution,1
16302241800,ecoscience,1
16302241800,ecosphere,1
16302241800,evol. ecol.,1
16302241800,funct. ecol.,1
16302241800,ibis,1
16302241800,j. appl. ecol.,1
16302241800,j. insect conserv.,1
16302241800,j. parasitol.,1
16302241800,j. wildl. manage.,1
16302241800,mol. ecol.,1
16302241800,oecologia,1
16302241800,oikos,1
16302241800,parasitol. res.,1
16302241800,plos one,1
16302241800,popul. ecol.,1
16302241800,proc. biol. sci.,1
16302241800,proc. r. soc. b biol. sci.,1
16302241800,wildl. res.,1
12775372000,agric. ecosyst. environ.,1
12775372000,agron. sustainable dev.,1
12775372000,am. j. bot.,1
12775372000,am. nat.,1
12775372000,ann. bot.,1
12775372000,appl. veg. sci.,1
12775372000,biodiversity conserv.,1
12775372000,biol. conserv.,1
12775372000,bmc evol. biol.,1
12775372000,conserv. genet.,1
12775372000,ecosystems,1
12775372000,environ. ecol. stat.,1
12775372000,evolution,1
12775372000,genetics,1
12775372000,genet. res.,1
12775372000,j. appl. ecol.,1
12775372000,j. ecol.,1
12775372000,j. evol. biol.,1
12775372000,j. theor. biol.,1
12775372000,new phytol.,1
12775372000,plos genet.,1
12775372000,plos one,1
12775372000,trends ecol. evol.,1
56013912000,aquatic living resour.,1
56013912000,ibis,1
56013912000,int. j. climatol.,1
56013912000,int. j. geogr. inf. sci.,1
56013912000,j. appl. ecol.,1
56013912000,j. environ. manage.,1
56013912000,land use policy,1
24449351800,acta oecol.,1
24449351800,adv. ecol. res.,1
24449351800,agric. ecosyst. environ.,1
24449351800,anim. biodiversity conserv.,1
24449351800,anim. conserv.,1
24449351800,appl. anim. behav. sci.,1
24449351800,appl. geogr.,1
24449351800,behav. ecol.,1
24449351800,biodiversity conserv.,1
24449351800,biol. conserv.,1
24449351800,biometrics,1
24449351800,bird study,1
24449351800,clim. res.,1
24449351800,conserv. biol.,1
24449351800,conserv. lett.,1
24449351800,c. r. biol.,1
24449351800,ecol. appl.,1
24449351800,ecol. econ.,1
24449351800,ecol. eng.,1
24449351800,ecol. indic.,1
24449351800,ecol. lett.,1
24449351800,ecology,1
24449351800,ecology and evolution,1
24449351800,ecotoxicology,1
24449351800,environ. ecol. stat.,1
24449351800,environ. manage.,1
24449351800,frontiers ecol. envir.,1
24449351800,global change biol.,1
24449351800,global ecol. biogeogr.,1
24449351800,global environ. change,1
24449351800,ibis,1
24449351800,insect conserv. diversity,1
24449351800,j. anim. ecol.,1
24449351800,j. appl. ecol.,1
24449351800,j. ecol.,1
24449351800,j. environ. manage.,1
24449351800,j. evol. biol.,1
24449351800,j. insect conserv.,1
24449351800,j. parasitol.,1
24449351800,j. wildl. manage.,1
24449351800,landsc. ecol.,1
24449351800,landsc. urban plann.,1
24449351800,methods ecol. evol.,1
24449351800,mol. ecol.,1
24449351800,nat. clim. change,1
24449351800,nat. conserv.,1
24449351800,oecologia,1
24449351800,oikos,1
24449351800,plos one,1
24449351800,popul. ecol.,1
24449351800,proc. r. soc. b biol. sci.,1
24449351800,ringing migr.,1
24449351800,sci. rep.,1
24449351800,wildl. biol.,1
7004854418,ambio,1
7004854418,anim. biodiversity conserv.,1
7004854418,anim. conserv.,1
7004854418,behav. ecol.,1
7004854418,biodiversity conserv.,1
7004854418,biol. conserv.,1
7004854418,biol. lett.,1
7004854418,bird conserv. int.,1
7004854418,can. entomol.,1
7004854418,conserv. biol.,1
7004854418,conserv. lett.,1
7004854418,ecosphere,1
7004854418,environ. manage.,1
7004854418,glob. ecol. conserv.,1
7004854418,hum. ecol.,1
7004854418,j. appl. ecol.,1
7004854418,j. trop. ecol.,1
7004854418,nature,1
7004854418,oryx,1
7004854418,plos biol.,1
7004854418,plos one,1
7004854418,proc. r. soc. b biol. sci.,1
7004854418,raffles bull. zool.,1
7004854418,science,1
7004854418,soc. nat. res.,1
35306025600,bird conserv. int.,1
35306025600,bull. environ. contam. toxicol.,1
35306025600,chinese j. ecol.,1
35306025600,condor,1
35306025600,conserv. genet.,1
35306025600,ethology,1
35306025600,ibis,1
35306025600,j. appl. ecol.,1
35306025600,j. avian biol.,1
35306025600,j. ornithol.,1
35306025600,mol. ecol.,1
35306025600,mol. phylogenet. evol.,1
35306025600,oryx,1
35306025600,parasitol. res.,1
35306025600,plos one,1
35306025600,plos pathog.,1
35306025600,shengtai xuebao acta ecol. sin.,1
35306025600,wilson j. ornithol.,1
35306025600,zookeys,1
35306025600,zool. sci.,1
35306025600,zool. scr.,1
12767296600,bmc biol.,1
12767296600,bmc evol. biol.,1
12767296600,ecol. lett.,1
12767296600,ecology,1
12767296600,ecology and evolution,1
12767296600,estuar. coast. shelf sci.,1
12767296600,global change biol.,1
12767296600,global ecol. biogeogr.,1
12767296600,j. appl. ecol.,1
12767296600,j. evol. biol.,1
12767296600,j. nat. hist.,1
12767296600,j. plankton res.,1
12767296600,mar. ecol. prog. ser.,1
12767296600,methods ecol. evol.,1
12767296600,nat. commun.,1
12767296600,nature,1
12767296600,philos. trans. r. soc. b biol. sci.,1
12767296600,plos one,1
12767296600,proc. r. soc. b biol. sci.,1
12767296600,science,1
12767296600,trends ecol. evol.,1
12766447500,agric. ecosyst. environ.,1
12766447500,agric. for. meterol.,1
12766447500,agric. syst.,1
12766447500,agron. sustainable dev.,1
12766447500,ann. app. biol.,1
12766447500,biochem. syst. ecol.,1
12766447500,biocontrol,1
12766447500,crop prot.,1
12766447500,entomol. exp. appl.,1
12766447500,eur. j. agron.,1
12766447500,j. appl. ecol.,1
12766447500,j. insect conserv.,1
12766447500,landsc. ecol.,1
12766447500,plant soil,1
12766447500,weed res.,1
7005078185,adv. study behav.,1
7005078185,anim. behav.,1
7005078185,anim. cogn.,1
7005078185,behav. ecol.,1
7005078185,behav ecol sociobiol,1
7005078185,behav. ecol. sociobiol.,1
7005078185,behaviour,1
7005078185,biol. conserv.,1
7005078185,biol. j. linn. soc.,1
7005078185,biol. lett.,1
7005078185,biotropica,1
7005078185,bmc biol.,1
7005078185,bmc ecol.,1
7005078185,bmc evol. biol.,1
7005078185,can. j. zool.,1
7005078185,crustaceana,1
7005078185,curr. biol.,1
7005078185,ecography,1
7005078185,ecol. lett.,1
7005078185,ecology,1
7005078185,ecology and evolution,1
7005078185,ecosphere,1
7005078185,environ. biol. fishes,1
7005078185,environ. ecol. stat.,1
7005078185,ethology,1
7005078185,evol. ecol.,1
7005078185,fish fish.,1
7005078185,fish. manage. ecol.,1
7005078185,flora morphol. distrib. funct. ecol. plants.,1
7005078185,folia geobot.,1
7005078185,funct. ecol.,1
7005078185,genetica,1
7005078185,global ecol. biogeogr.,1
7005078185,j. appl. ecol.,1
7005078185,j. evol. biol.,1
7005078185,j. fish biol.,1
7005078185,mar. biol.,1
7005078185,methods ecol. evol.,1
7005078185,mol. ecol. notes,1
7005078185,mol. phylogenet. evol.,1
7005078185,nat. commun.,1
7005078185,nature,1
7005078185,oikos,1
7005078185,philos. trans. r. soc. b biol. sci.,1
7005078185,plos one,1
7005078185,proc. natl. acad. sci. u. s. a.,1
7005078185,proc. r. soc. b biol. sci.,1
7005078185,r. soc. open sci.,1
7005078185,science,1
7005078185,trends ecol. evol.,1
6603138372,agric. ecosyst. environ.,1
6603138372,agron. sustainable dev.,1
6603138372,ann. app. biol.,1
6603138372,appl. soil ecol.,1
6603138372,biol. fertil. soils,1
6603138372,eur. j. agron.,1
6603138372,field crops res.,1
6603138372,j. appl. ecol.,1
6603138372,plant soil,1
6603138372,soil tillage res.,1
6603138372,weed res.,1
6603138372,weed sci.,1
35253939400,ambio,1
35253939400,ardea,1
35253939400,auk,1
35253939400,austral ecol.,1
35253939400,biodiversity conserv.,1
35253939400,biol. conserv.,1
35253939400,biol. invasions,1
35253939400,bird conserv. int.,1
35253939400,ecol. eng.,1
35253939400,ecol. model.,1
35253939400,ecol. res.,1
35253939400,emu,1
35253939400,environ. manage.,1
35253939400,estuar. coast. shelf sci.,1
35253939400,ibis,1
35253939400,j. appl. ecol.,1
35253939400,j. avian biol.,1
35253939400,j. exp. biol.,1
35253939400,j. field ornithol.,1
35253939400,landsc. ecol.,1
35253939400,land use policy,1
35253939400,plos one,1
35253939400,science,1
35253939400,sci. rep.,1
35253939400,shengtai xuebao acta ecol. sin.,1
35253939400,wetlands,1
35253939400,wilson bull.,1
55719043100,ambio,1
55719043100,biol. conserv.,1
55719043100,ecol. soc.,1
55719043100,environ. conserv.,1
55719043100,environ. manage.,1
55719043100,environ. monit. assess.,1
55719043100,frontiers ecol. envir.,1
55719043100,j. appl. ecol.,1
55719043100,j. environ. manage.,1
55719043100,land use policy,1
55719043100,rangeland ecol. manage.,1
7501879668,acta oecol.,1
7501879668,agric. ecosyst. environ.,1
7501879668,agric. for. meterol.,1
7501879668,ambio,1
7501879668,ann. app. biol.,1
7501879668,appl. soil ecol.,1
7501879668,aquatic bot.,1
7501879668,arch. hydrobiol.,1
7501879668,ardea,1
7501879668,atmos. environ.,1
7501879668,auk,1
7501879668,biochem. syst. ecol.,1
7501879668,biodiversity conserv.,1
7501879668,biol. invasions,1
7501879668,biol. lett.,1
7501879668,bird conserv. int.,1
7501879668,bmc genomics,1
7501879668,chemosphere,1
7501879668,chinese j. ecol.,1
7501879668,chin. j. appl. ecol.,1
7501879668,chin. sci. bull.,1
7501879668,ecography,1
7501879668,ecol. eng.,1
7501879668,ecology,1
7501879668,ecol. res.,1
7501879668,ecoscience,1
7501879668,ecosystems,1
7501879668,environ. exp. bot.,1
7501879668,environ. int.,1
7501879668,environ. manage.,1
7501879668,environ. pollut.,1
7501879668,estuar. coast. shelf sci.,1
7501879668,evol. ecol.,1
7501879668,folia geobot.,1
7501879668,for. ecol. manage.,1
7501879668,front. plant sci.,1
7501879668,funct. plant biol.,1
7501879668,genetica,1
7501879668,geoderma,1
7501879668,global ecol. biogeogr.,1
7501879668,hydrobiologia,1
7501879668,j. agric. sci.,1
7501879668,j. appl. ecol.,1
7501879668,j. arid environ.,1
7501879668,j. exp. bot.,1
7501879668,j. fish biol.,1
7501879668,j. freshw. ecol.,1
7501879668,j. gen. virol.,1
7501879668,j. geophys. res. d atmos.,1
7501879668,j. plant ecol.,1
7501879668,j. theor. biol.,1
7501879668,landsc. ecol.,1
7501879668,land use policy,1
7501879668,mar. ecol. prog. ser.,1
7501879668,mol. ecol.,1
7501879668,mol. ecol. resour.,1
7501879668,mol. phylogenet. evol.,1
7501879668,new for.,1
7501879668,new phytol.,1
7501879668,oecologia,1
7501879668,physiol. plant.,1
7501879668,plant cell environ.,1
7501879668,plant ecol.,1
7501879668,plant species biol.,1
7501879668,plos one,1
7501879668,shengtai xuebao acta ecol. sin.,1
7501879668,soil biol. biochem.,1
7501879668,theor. appl. genet.,1
7501879668,tree physiol.,1
7501879668,wetlands,1
14630293400,am. nat.,1
14630293400,anim. behav.,1
14630293400,behav. ecol. sociobiol.,1
14630293400,biol. conserv.,1
14630293400,biol. rev.,1
14630293400,can. j. fish. aquatic sci.,1
14630293400,can. j. zool.,1
14630293400,ecol. appl.,1
14630293400,ecol. lett.,1
14630293400,ecol. monogr.,1
14630293400,ecology,1
14630293400,funct. ecol.,1
14630293400,global ecol. biogeogr.,1
14630293400,j. anim. ecol.,1
14630293400,j. appl. ecol.,1
14630293400,j. evol. biol.,1
14630293400,j. wildl. manage.,1
14630293400,methods ecol. evol.,1
14630293400,oecologia,1
14630293400,oikos,1
14630293400,west. north am. nat.,1
8842913500,acta theriol.,1
8842913500,adv. ecol. res.,1
8842913500,am. nat.,1
8842913500,anim. behav.,1
8842913500,behav. ecol.,1
8842913500,biol. conserv.,1
8842913500,biol. j. linn. soc.,1
8842913500,can. j. zool.,1
8842913500,diversity distrib.,1
8842913500,ecol. appl.,1
8842913500,ecol. indic.,1
8842913500,ecol. monogr.,1
8842913500,ecology,1
8842913500,ecology and evolution,1
8842913500,eur. j. wildl. res.,1
8842913500,front. microbiol.,1
8842913500,j. anim. ecol.,1
8842913500,j. appl. ecol.,1
8842913500,j. mammal.,1
8842913500,j. wildl. manage.,1
8842913500,j. zool.,1
8842913500,mammalia,1
8842913500,mammal rev.,1
8842913500,oecologia,1
8842913500,parasites vectors,1
8842913500,plos one,1
8842913500,polar biol.,1
8842913500,proc. r. soc. b biol. sci.,1
8842913500,wildl. biol.,1
8842913500,wildl. soc. bull.,1
7005924250,acta theriol.,1
7005924250,adv. ecol. res.,1
7005924250,am. nat.,1
7005924250,anim. behav.,1
7005924250,anim. biodiversity conserv.,1
7005924250,anim. conserv.,1
7005924250,ann. rev. ecol. syst.,1
7005924250,appl. anim. behav. sci.,1
7005924250,behav. ecol.,1
7005924250,behav. ecol. sociobiol.,1
7005924250,behav. processes,1
7005924250,biol. conserv.,1
7005924250,biol. lett.,1
7005924250,biol. rev.,1
7005924250,can. j. zool.,1
7005924250,clim. res.,1
7005924250,conserv. biol.,1
7005924250,conserv. genet.,1
7005924250,ecol. appl.,1
7005924250,ecol. lett.,1
7005924250,ecol. monogr.,1
7005924250,ecology,1
7005924250,ecology and evolution,1
7005924250,ecoscience,1
7005924250,ethology,1
7005924250,evol. appl.,1
7005924250,evolution,1
7005924250,funct. ecol.,1
7005924250,heredity,1
7005924250,horm. behav.,1
7005924250,j. anim. ecol.,1
7005924250,j. appl. ecol.,1
7005924250,j. evol. biol.,1
7005924250,j. mammal.,1
7005924250,j. theor. biol.,1
7005924250,j. wildl. dis.,1
7005924250,j. wildl. manage.,1
7005924250,j. zool.,1
7005924250,mammalia,1
7005924250,mammal rev.,1
7005924250,mamm. biol.,1
7005924250,methods ecol. evol.,1
7005924250,mol. ecol.,1
7005924250,nature,1
7005924250,oecologia,1
7005924250,oikos,1
7005924250,philos. trans. r. soc. b biol. sci.,1
7005924250,"philos. trans. r. soc. lond., b, biol. sci.",1
7005924250,plos one,1
7005924250,proc. natl. acad. sci. u. s. a.,1
7005924250,proc. r. soc. b biol. sci.,1
7005924250,science,1
7005924250,trends ecol. evol.,1
7005924250,wildl. biol.,1
7005924250,wildl. res.,1
7005924250,wildl. soc. bull.,1
36047626100,acta oecol.,1
36047626100,acta theriol.,1
36047626100,adv. ecol. res.,1
36047626100,afr. j. ecol.,1
36047626100,am. j. primatol.,1
36047626100,am. nat.,1
36047626100,anim. behav.,1
36047626100,anim. biodiversity conserv.,1
36047626100,anim. conserv.,1
36047626100,ann. rev. ecol. syst.,1
36047626100,behav. ecol.,1
36047626100,behav ecol sociobiol,1
36047626100,behav. ecol. sociobiol.,1
36047626100,biol. j. linn. soc.,1
36047626100,biol. lett.,1
36047626100,biol. rev.,1
36047626100,biometrics,1
36047626100,can. j. zool.,1
36047626100,clim. res.,1
36047626100,conserv. biol.,1
36047626100,conserv. genet.,1
36047626100,curr. biol.,1
36047626100,ecography,1
36047626100,ecol. appl.,1
36047626100,ecol. indic.,1
36047626100,ecol. lett.,1
36047626100,ecol. model.,1
36047626100,ecol. monogr.,1
36047626100,ecology,1
36047626100,ecoscience,1
36047626100,ecosphere,1
36047626100,ethol. ecol. evol.,1
36047626100,eur. j. wildl. res.,1
36047626100,evol. ecol. res.,1
36047626100,evolution,1
36047626100,for. ecol. manage.,1
36047626100,funct. ecol.,1
36047626100,j. anim. ecol.,1
36047626100,j. appl. ecol.,1
36047626100,j. archaeol. sci.,1
36047626100,j. evol. biol.,1
36047626100,j. mammal.,1
36047626100,j. ornithol.,1
36047626100,j. trop. ecol.,1
36047626100,j. wildl. manage.,1
36047626100,j. zool.,1
36047626100,mammalia,1
36047626100,methods ecol. evol.,1
36047626100,nature,1
36047626100,oecologia,1
36047626100,oikos,1
36047626100,oryx,1
36047626100,philos. trans. r. soc. b biol. sci.,1
36047626100,"philos. trans. r. soc. lond., b, biol. sci.",1
36047626100,plos biol.,1
36047626100,plos one,1
36047626100,polar biol.,1
36047626100,popul. ecol.,1
36047626100,proc. natl. acad. sci. u. s. a.,1
36047626100,proc. r. soc. b biol. sci.,1
36047626100,rev. ecol. terre vie,1
36047626100,science,1
36047626100,sci. rep.,1
36047626100,theor. popul. biol.,1
36047626100,trends ecol. evol.,1
36047626100,vet. parasitol.,1
36047626100,wildl. biol.,1
36047626100,wildl. res.,1
36047626100,wildl. soc. bull.,1
7006183995,afr. j. ecol.,1
7006183995,am. nat.,1
7006183995,anim. behav.,1
7006183995,anim. conserv.,1
7006183995,ann. rev. ecol. evol. syst.,1
7006183995,arctic,1
7006183995,behav. ecol.,1
7006183995,behav. ecol. sociobiol.,1
7006183995,behaviour,1
7006183995,biodiversity conserv.,1
7006183995,biol. conserv.,1
7006183995,biol. lett.,1
7006183995,can. field-nat.,1
7006183995,can. j. for. res.,1
7006183995,can. j. zool.,1
7006183995,conserv. biol.,1
7006183995,conserv. genet.,1
7006183995,ecography,1
7006183995,ecol. appl.,1
7006183995,ecol. indic.,1
7006183995,ecol. monogr.,1
7006183995,ecology,1
7006183995,ecology and evolution,1
7006183995,ecoscience,1
7006183995,ecosphere,1
7006183995,ethology,1
7006183995,evolution,1
7006183995,for. ecol. manage.,1
7006183995,global change biol.,1
7006183995,j. anim. ecol.,1
7006183995,j. appl. ecol.,1
7006183995,j. avian biol.,1
7006183995,j. exp. biol.,1
7006183995,j. hered.,1
7006183995,j. mammal.,1
7006183995,j. wildl. dis.,1
7006183995,j. wildl. manage.,1
7006183995,mammalia,1
7006183995,mar. ecol. prog. ser.,1
7006183995,methods ecol. evol.,1
7006183995,mol. ecol.,1
7006183995,mol. ecol. notes,1
7006183995,mol. ecol. resour.,1
7006183995,mov. ecol.,1
7006183995,nat. clim. change,1
7006183995,oecologia,1
7006183995,oikos,1
7006183995,philos. trans. r. soc. b biol. sci.,1
7006183995,plos one,1
7006183995,polar biol.,1
7006183995,proc. r. soc. b biol. sci.,1
7006183995,rangeland ecol. manage.,1
7006183995,trends ecol. evol.,1
7006183995,west. north am. nat.,1
7006183995,wildl. biol.,1
7006183995,wildl. soc. bull.,1
56689276200,can. j. fish. aquatic sci.,1
56689276200,can. j. zool.,1
56689276200,conserv. biol.,1
56689276200,conserv. lett.,1
56689276200,ecol. appl.,1
56689276200,ecol. indic.,1
56689276200,ecol. informatics,1
56689276200,ecol. lett.,1
56689276200,ecol. model.,1
56689276200,ecology,1
56689276200,ecology and evolution,1
56689276200,ecosphere,1
56689276200,environ. biol. fishes,1
56689276200,environmetrics,1
56689276200,environ. sci. technol.,1
56689276200,fish fish.,1
56689276200,fish. res.,1
56689276200,freshw. biol.,1
56689276200,front. zool.,1
56689276200,geoderma,1
56689276200,global change biol.,1
56689276200,ices j. mar. sci.,1
56689276200,j. acoust. soc. am.,1
56689276200,j. anim. ecol.,1
56689276200,j. appl. ecol.,1
56689276200,j. hered.,1
56689276200,mar. ecol. prog. ser.,1
56689276200,mari. mamm. sci.,1
56689276200,methods ecol. evol.,1
56689276200,north am. j. fish. manage.,1
56689276200,oikos,1
56689276200,peerj,1
56689276200,plos one,1
56689276200,proc. natl. acad. sci. u. s. a.,1
56689276200,proc. r. soc. b biol. sci.,1
56689276200,science,1
56689276200,sci. rep.,1
56689276200,trans. am. fish. soc.,1
56689276200,wildl. soc. bull.,1
7201667382,am. nat.,1
7201667382,biol. conserv.,1
7201667382,conserv. biol.,1
7201667382,ecol. appl.,1
7201667382,ecol. lett.,1
7201667382,ecology,1
7201667382,ecology and evolution,1
7201667382,environ. model. softw.,1
7201667382,front. zool.,1
7201667382,global change biol.,1
7201667382,j. appl. ecol.,1
7201667382,limnol. oceanogr. methods,1
7201667382,mar. ecol. prog. ser.,1
7201667382,oikos,1
7201667382,plos one,1
7201667382,proc. natl. acad. sci. u. s. a.,1
6602515433,anim. behav.,1
6602515433,biol. conserv.,1
6602515433,biol. lett.,1
6602515433,can. j. zool.,1
6602515433,conserv. biol.,1
6602515433,curr. biol.,1
6602515433,ecosphere,1
6602515433,endanger. species res.,1
6602515433,fish. bull.,1
6602515433,front. zool.,1
6602515433,j. appl. ecol.,1
6602515433,j. hered.,1
6602515433,j. mammal.,1
6602515433,mar. ecol. prog. ser.,1
6602515433,mari. mamm. sci.,1
6602515433,mol. ecol.,1
6602515433,plos one,1
6602515433,proc. r. soc. b biol. sci.,1
6602515433,science,1
6602515433,sci. rep.,1
6603173368,afr. j. ecol.,1
6603173368,agric. ecosyst. environ.,1
6603173368,anim. conserv.,1
6603173368,biol. lett.,1
6603173368,bioscience,1
6603173368,biotropica,1
6603173368,bird conserv. int.,1
6603173368,conserv. biol.,1
6603173368,conserv. lett.,1
6603173368,diversity distrib.,1
6603173368,ecography,1
6603173368,ecol. econ.,1
6603173368,ecol. lett.,1
6603173368,ecology and evolution,1
6603173368,ecol. soc.,1
6603173368,ecosyst. serv.,1
6603173368,environ. pollut.,1
6603173368,global environ. change,1
6603173368,j. appl. ecol.,1
6603173368,j. avian biol.,1
6603173368,j. nat. conserv.,1
6603173368,j. zool.,1
6603173368,land use policy,1
6603173368,mammalia,1
6603173368,mol. ecol.,1
6603173368,oryx,1
6603173368,ostrich,1
6603173368,plos one,1
6603173368,theor. ecol.,1
6603173368,trends ecol. evol.,1
14024212600,agric. syst.,1
14024212600,biol. lett.,1
14024212600,ecol. econ.,1
14024212600,ecol. lett.,1
14024212600,j. appl. ecol.,1
14024212600,land use policy,1
8561037800,avian conserv. ecology,1
8561037800,can. j. fish. aquatic sci.,1
8561037800,can. j. zool.,1
8561037800,ecology and evolution,1
8561037800,global change biol.,1
8561037800,j. appl. ecol.,1
8561037800,j. wildl. manage.,1
8561037800,oecologia,1
8561037800,plos one,1
8561037800,waterbirds,1
8670049400,anim. biodiversity conserv.,1
8670049400,behav. ecol. sociobiol.,1
8670049400,biol. conserv.,1
8670049400,biometrics,1
8670049400,environ. ecol. stat.,1
8670049400,for. ecol. manage.,1
8670049400,j. appl. ecol.,1
8670049400,lancet,1
8670049400,methods ecol. evol.,1
8670049400,proc. r. soc. b biol. sci.,1
6603341226,can. j. fish. aquatic sci.,1
6603341226,deep-sea res. part ii top. stud. oceanogr.,1
6603341226,ecography,1
6603341226,ecol. appl.,1
6603341226,ecol. model.,1
6603341226,ecology,1
6603341226,ecology and evolution,1
6603341226,ecol. soc.,1
6603341226,ecosystems,1
6603341226,endanger. species res.,1
6603341226,environmetrics,1
6603341226,fish. res.,1
6603341226,front. mar. sci.,1
6603341226,funct. ecol.,1
6603341226,j. anim. ecol.,1
6603341226,j. appl. ecol.,1
6603341226,j. avian biol.,1
6603341226,j. exp. biol.,1
6603341226,landsc. ecol.,1
6603341226,mar. ecol. prog. ser.,1
6603341226,methods ecol. evol.,1
6603341226,mov. ecol.,1
6603341226,nat. clim. change,1
6603341226,nature,1
6603341226,oecologia,1
6603341226,oikos,1
6603341226,plos one,1
6603341226,proc. r. soc. b biol. sci.,1
6603341226,sci. rep.,1
6603341226,trends ecol. evol.,1
9939105300,biol. conserv.,1
9939105300,biometrics,1
9939105300,bioscience,1
9939105300,can. j. fish. aquatic sci.,1
9939105300,conserv. biol.,1
9939105300,ecol. model.,1
9939105300,ecology,1
9939105300,ecology and evolution,1
9939105300,ecotoxicology,1
9939105300,environmetrics,1
9939105300,fish fish.,1
9939105300,front. mar. sci.,1
9939105300,j. appl. ecol.,1
9939105300,j. soils sed.,1
9939105300,limnol. oceanogr. methods,1
9939105300,mar. ecol. prog. ser.,1
9939105300,mov. ecol.,1
9939105300,oecologia,1
9939105300,plos one,1
9939105300,science,1
9939105300,sci. rep.,1
7003502036,acta hortic.,1
7003502036,agric. for. entomol.,1
7003502036,am. nat.,1
7003502036,aquatic ecol.,1
7003502036,avian conserv. ecology,1
7003502036,biol. control,1
7003502036,biol. j. linn. soc.,1
7003502036,bmc evol. biol.,1
7003502036,can. entomol.,1
7003502036,diversity distrib.,1
7003502036,ecography,1
7003502036,ecol. entomol.,1
7003502036,ecology,1
7003502036,environ. biol. fishes,1
7003502036,environ. entomol.,1
7003502036,ethol. ecol. evol.,1
7003502036,exp. appl. acarol.,1
7003502036,freshw. biol.,1
7003502036,global change biol.,1
7003502036,global ecol. biogeogr.,1
7003502036,hydrobiologia,1
7003502036,j. anim. ecol.,1
7003502036,j. appl. ecol.,1
7003502036,j. fish biol.,1
7003502036,j. north am. benthological soc.,1
7003502036,j. pest sci.,1
7003502036,mar. freshw. res.,1
7003502036,mol. ecol.,1
7003502036,mol. ecol. resour.,1
7003502036,ncasi tech bull,1
7003502036,oecologia,1
7003502036,oikos,1
7003502036,proc. r. soc. b biol. sci.,1
7003502036,theor. popul. biol.,1
55127619900,auk,1
55127619900,avian conserv. ecology,1
55127619900,behav. ecol.,1
55127619900,behav. ecol. sociobiol.,1
55127619900,biol. conserv.,1
55127619900,biol. lett.,1
55127619900,bmc ecol.,1
55127619900,can. entomol.,1
55127619900,can. j. bot.,1
55127619900,can. j. zool.,1
55127619900,condor,1
55127619900,ecography,1
55127619900,ecol. appl.,1
55127619900,ecol. entomol.,1
55127619900,ecol. soc.,1
55127619900,ecoscience,1
55127619900,environ. entomol.,1
55127619900,environ. model. softw.,1
55127619900,global change biol.,1
55127619900,ibis,1
55127619900,j. anim. ecol.,1
55127619900,j. appl. ecol.,1
55127619900,j. avian biol.,1
55127619900,j. environ. manage.,1
55127619900,j. field ornithol.,1
55127619900,j. ornithol.,1
55127619900,j. wildl. manage.,1
55127619900,landsc. ecol.,1
55127619900,mar. ecol. prog. ser.,1
55127619900,mov. ecol.,1
55127619900,nature,1
55127619900,ncasi tech bull,1
55127619900,oecologia,1
55127619900,oikos,1
55127619900,peerj,1
55127619900,plos one,1
55127619900,proc. r. soc. b biol. sci.,1
55127619900,reg. environ. change,1
55127619900,sci. rep.,1
55127619900,waterbirds,1
55127619900,wildl. biol.,1
55127619900,wilson bull.,1
55127619900,wilson j. ornithol.,1
7405667303,am. nat.,1
7405667303,anim. conserv.,1
7405667303,aust. j. bot.,1
7405667303,aust. j. zool.,1
7405667303,austral ecol.,1
7405667303,behav. ecol.,1
7405667303,behav ecol sociobiol,1
7405667303,behav. ecol. sociobiol.,1
7405667303,biodiversity conserv.,1
7405667303,biol. conserv.,1
7405667303,biol. lett.,1
7405667303,biol. rev.,1
7405667303,conserv. biol.,1
7405667303,conserv. genet.,1
7405667303,conserv. lett.,1
7405667303,diversity distrib.,1
7405667303,ecography,1
7405667303,ecol. lett.,1
7405667303,ecol. manage. restor.,1
7405667303,ecol. monogr.,1
7405667303,ecology,1
7405667303,ecology and evolution,1
7405667303,evol. ecol. res.,1
7405667303,front. zool.,1
7405667303,funct. ecol.,1
7405667303,global ecol. biogeogr.,1
7405667303,holocene,1
7405667303,j. anim. ecol.,1
7405667303,j. appl. ecol.,1
7405667303,j. biogeogr.,1
7405667303,j. zool.,1
7405667303,mammal rev.,1
7405667303,methods ecol. evol.,1
7405667303,mol. ecol.,1
7405667303,mycol. res.,1
7405667303,nat. commun.,1
7405667303,nature,1
7405667303,oecologia,1
7405667303,oikos,1
7405667303,pac. conserv. biol.,1
7405667303,philos. trans. r. soc. b biol. sci.,1
7405667303,plos one,1
7405667303,proc. natl. acad. sci. u. s. a.,1
7405667303,proc. r. soc. b biol. sci.,1
7405667303,quat. int.,1
7405667303,quat. sci. rev.,1
7405667303,restor. ecol.,1
7405667303,sci. data,1
7405667303,science,1
7405667303,sci. rep.,1
7405667303,trends ecol. evol.,1
7405667303,urban ecosyst.,1
7405667303,vet. parasitol.,1
7405667303,wildl. res.,1
24588327400,acta chiropterologica,1
24588327400,am. nat.,1
24588327400,austral ecol.,1
24588327400,biol. conserv.,1
24588327400,biol. j. linn. soc.,1
24588327400,biol. lett.,1
24588327400,clim. change,1
24588327400,conserv. biol.,1
24588327400,diversity distrib.,1
24588327400,ecography,1
24588327400,ecol. appl.,1
24588327400,ecol. lett.,1
24588327400,ecol. model.,1
24588327400,ecology and evolution,1
24588327400,environ. manage.,1
24588327400,environ. model. softw.,1
24588327400,global change biol.,1
24588327400,global ecol. biogeogr.,1
24588327400,int. j. geogr. inf. sci.,1
24588327400,j. appl. ecol.,1
24588327400,j. biogeogr.,1
24588327400,j. trop. ecol.,1
24588327400,lect. notes comput. sci.,1
24588327400,mol. ecol.,1
24588327400,nat. clim. change,1
24588327400,philos. trans. r. soc. b biol. sci.,1
24588327400,plos one,1
24588327400,proc. natl. acad. sci. u. s. a.,1
24588327400,proc. r. soc. b biol. sci.,1
24588327400,rangeland ecol. manage.,1
8725138200,acta trop.,1
8725138200,ann. new york acad. sci.,1
8725138200,dis. aquatic org.,1
8725138200,ecol. lett.,1
8725138200,frontiers ecol. envir.,1
8725138200,hydrobiologia,1
8725138200,j. appl. ecol.,1
8725138200,j. exp. biol.,1
8725138200,j. theor. biol.,1
8725138200,philos. trans. r. soc. b biol. sci.,1
8725138200,plos. negl. trop. dis.,1
8725138200,plos one,1
8725138200,proc. natl. acad. sci. u. s. a.,1
8725138200,sci. rep.,1
8725138200,trends parasitol.,1
7101667257,am. j. trop. med. hyg.,1
7101667257,conserv. biol.,1
7101667257,emerg. infect. dis.,1
7101667257,environ. manage.,1
7101667257,exp. appl. acarol.,1
7101667257,hydrobiologia,1
7101667257,j. anim. ecol.,1
7101667257,j. appl. ecol.,1
7101667257,j. med. entomol.,1
7101667257,j. vector ecol.,1
7101667257,j. wildl. dis.,1
7101667257,mol. biol. evol.,1
7101667257,plos one,1
7101667257,proc. r. soc. b biol. sci.,1
7101667257,vector borne zoonotic dis.,1
7101667257,vet. parasitol.,1
7402872921,acta trop.,1
7402872921,am. j. trop. med. hyg.,1
7402872921,ann. new york acad. sci.,1
7402872921,appl. environ. microbiol.,1
7402872921,biol. conserv.,1
7402872921,can. j. zool.,1
7402872921,conserv. biol.,1
7402872921,conserv. genet.,1
7402872921,dis. aquatic org.,1
7402872921,ecohealth,1
7402872921,ecol. indic.,1
7402872921,ecology and evolution,1
7402872921,ecosphere,1
7402872921,emerg. infect. dis.,1
7402872921,exp. appl. acarol.,1
7402872921,frontiers ecol. envir.,1
7402872921,hydrobiologia,1
7402872921,int. j. syst. evol. microbiol.,1
7402872921,isme j.,1
7402872921,j. appl. ecol.,1
7402872921,j. clin. microbiol.,1
7402872921,j. med. entomol.,1
7402872921,j. parasitol.,1
7402872921,j. vector ecol.,1
7402872921,j. wildl. dis.,1
7402872921,microb. ecol.,1
7402872921,mol. biol. evol.,1
7402872921,parasites vectors,1
7402872921,parasitology,1
7402872921,plos one,1
7402872921,prev. vet. med.,1
7402872921,proc. r. soc. b biol. sci.,1
7402872921,trends parasitol.,1
7402872921,vector borne zoonotic dis.,1
7402872921,vet. microbiol.,1
7402872921,vet. parasitol.,1
7402872921,vet. rec.,1
7402872921,wildl. soc. bull.,1
7102581412,am. nat.,1
7102581412,ann. rev. ecol. syst.,1
7102581412,ann. rev. entomol.,1
7102581412,ann. zool. fenn.,1
7102581412,biogeosciences,1
7102581412,biol. conserv.,1
7102581412,biol. j. linn. soc.,1
7102581412,biol. lett.,1
7102581412,bioscience,1
7102581412,bull. mar. sci.,1
7102581412,bull. math. biol.,1
7102581412,can. j. fish. aquatic sci.,1
7102581412,conserv. biol.,1
7102581412,conserv. lett.,1
7102581412,deep-sea res. part ii top. stud. oceanogr.,1
7102581412,ecol. appl.,1
7102581412,ecol. complex.,1
7102581412,ecol. econ.,1
7102581412,ecol. lett.,1
7102581412,ecol. model.,1
7102581412,ecol. monogr.,1
7102581412,ecology,1
7102581412,ecosphere,1
7102581412,eos,1
7102581412,evol. ecol. res.,1
7102581412,evolution,1
7102581412,fish fish.,1
7102581412,fish. oceanogr.,1
7102581412,fish. res.,1
7102581412,frontiers ecol. envir.,1
7102581412,genetics,1
7102581412,genet. res.,1
7102581412,ices j. mar. sci.,1
7102581412,int. j. remote sens.,1
7102581412,j. anim. ecol.,1
7102581412,j. appl. ecol.,1
7102581412,j. geophys. res. g biogeosci.,1
7102581412,j. hered.,1
7102581412,j. math. biol.,1
7102581412,j. r. soc. interface,1
7102581412,j. theor. biol.,1
7102581412,mar. ecol. prog. ser.,1
7102581412,math. biosci.,1
7102581412,nat. commun.,1
7102581412,nature,1
7102581412,oceanogr.,1
7102581412,oikos,1
7102581412,phys rev lett,1
7102581412,plos one,1
7102581412,popul. ecol.,1
7102581412,proc. natl. acad. sci. u. s. a.,1
7102581412,proc. r. soc. b biol. sci.,1
7102581412,remote sens. environ.,1
7102581412,restor. ecol.,1
7102581412,science,1
7102581412,theor. ecol.,1
7102581412,theor. popul. biol.,1
7102581412,trends ecol. evol.,1
7202866771,appl. environ. microbiol.,1
7202866771,bioscience,1
7202866771,bull. mar. sci.,1
7202866771,coral reefs,1
7202866771,dis. aquatic org.,1
7202866771,environ. microbiol.,1
7202866771,fems microbiol. ecol.,1
7202866771,fems microbiol. lett.,1
7202866771,hydrobiologia,1
7202866771,int. j. syst. evol. microbiol.,1
7202866771,j. appl. ecol.,1
7202866771,j. exp. mar. biol. ecol.,1
7202866771,j. great lakes res.,1
7202866771,j. invertebr. pathol.,1
7202866771,limnol. oceanogr.,1
7202866771,mar. ecol.,1
7202866771,mar. ecol. prog. ser.,1
7202866771,microb. ecol.,1
7202866771,nature,1
7202866771,plos one,1
7202866771,proc spie int soc opt eng,1
7202866771,rev. biol. trop.,1
7202866771,trends ecol. evol.,1
6507942387,clim. res.,1
6507942387,ecol. model.,1
6507942387,freshw. biol.,1
6507942387,global change biol.,1
6507942387,hydrobiologia,1
6507942387,inland waters,1
6507942387,j. appl. ecol.,1
6507942387,j. plankton res.,1
6507942387,mar. biol.,1
6507942387,nat. clim. change,1
6507942387,plos one,1
6507942387,rapid commun. mass spectrom.,1
6507942387,water resour. res.,1
6603962625,aquatic bot.,1
6603962625,aquatic conserv. mar. freshw. ecosyst.,1
6603962625,freshw. biol.,1
6603962625,fundam. appl. limnol.,1
6603962625,j. appl. ecol.,1
6603962625,j. plankton res.,1
6603962625,limnol. oceanogr.,1
7006173350,aquatic conserv. mar. freshw. ecosyst.,1
7006173350,bull. environ. contam. toxicol.,1
7006173350,ecol. eng.,1
7006173350,ecotoxicol. environ. saf.,1
7006173350,environ. pollut.,1
7006173350,fundam. appl. limnol.,1
7006173350,geoderma,1
7006173350,j. appl. ecol.,1
7006173350,j. environ. manage.,1
7006173350,j. plankton res.,1
7006173350,mar. environ. res.,1
7006173350,mar. pollut. bull.,1
6602989733,entomol. exp. appl.,1
6602989733,freshw. biol.,1
6602989733,j. appl. ecol.,1
6602989733,j. environ. manage.,1
6602989733,limnol. oceanogr.,1
7202340315,adv. ecol. res.,1
7202340315,aquatic bot.,1
7202340315,aquatic conserv. mar. freshw. ecosyst.,1
7202340315,aquatic ecol.,1
7202340315,arch. hydrobiol.,1
7202340315,basic appl. ecol.,1
7202340315,biol. conserv.,1
7202340315,biol. rev. camb. philos. soc.,1
7202340315,bioscience,1
7202340315,clim. res.,1
7202340315,ecol. indic.,1
7202340315,environ. biol. fishes,1
7202340315,environ. conserv.,1
7202340315,environ. sci. technol.,1
7202340315,eur. j. phycol.,1
7202340315,freshw. biol.,1
7202340315,fundam. appl. limnol.,1
7202340315,global change biol.,1
7202340315,hydrobiologia,1
7202340315,inland waters,1
7202340315,j. appl. ecol.,1
7202340315,j. ecol.,1
7202340315,j. exp. mar. biol. ecol.,1
7202340315,j. freshw. ecol.,1
7202340315,j. phycol.,1
7202340315,j. plankton res.,1
7202340315,j. trop. ecol.,1
7202340315,limnol. oceanogr.,1
7202340315,mar. pollut. bull.,1
7202340315,nat. clim. change,1
7202340315,new phytol.,1
7202340315,oecologia,1
7202340315,oikos,1
7202340315,philos. trans. r. soc. b biol. sci.,1
7202340315,sci. total environ.,1
7202340315,trends ecol. evol.,1
7202340315,water resour. res.,1
7202340315,water sci. technol.,1
7103367250,anim. behav.,1
7103367250,aquatic bot.,1
7103367250,biol. j. linn. soc.,1
7103367250,ecography,1
7103367250,ecol. entomol.,1
7103367250,ecology,1
7103367250,entomol. exp. appl.,1
7103367250,environ. monit. assess.,1
7103367250,eur. j. entomol.,1
7103367250,freshw. biol.,1
7103367250,global change biol.,1
7103367250,hydrobiologia,1
7103367250,j. anim. ecol.,1
7103367250,j. appl. ecol.,1
7103367250,j. insect behav.,1
7103367250,j. plankton res.,1
7103367250,j. theor. biol.,1
7103367250,limnol. oceanogr.,1
7103367250,mol. ecol. notes,1
7103367250,new zealand j. zool.,1
7103367250,philos. trans. r. soc. b biol. sci.,1
7103367250,proc. r. soc. b biol. sci.,1
25227267900,biol. conserv.,1
25227267900,chin. sci. bull.,1
25227267900,conserv. biol.,1
25227267900,diversity distrib.,1
25227267900,ecography,1
25227267900,j. appl. ecol.,1
25227267900,j. mammal.,1
25227267900,oryx,1
25227267900,science,1
6506562001,biol. bull.,1
6506562001,ethology,1
6506562001,j. appl. ecol.,1
6506562001,ursus,1
35387029600,aquatic toxicol.,1
35387029600,aquat. toxicol.,1
35387029600,ecol. lett.,1
35387029600,ecology and evolution,1
35387029600,evol. ecol. res.,1
35387029600,evolution,1
35387029600,freshw. biol.,1
35387029600,heredity,1
35387029600,j. appl. ecol.,1
35387029600,j. evol. biol.,1
35387029600,mar. ecol. prog. ser.,1
35387029600,mol. ecol.,1
35387029600,mol. ecol. resour.,1
35387029600,nat. commun.,1
35387029600,nature,1
35387029600,oecologia,1
35387029600,rev. palaeobot. palynol.,1
35387029600,sci. rep.,1
35387029600,trends parasitol.,1
26533075900,j. appl. ecol.,1
7004062809,acta ornithol.,1
7004062809,am. nat.,1
7004062809,ardea,1
7004062809,behav. ecol.,1
7004062809,biodiversity conserv.,1
7004062809,biol. invasions,1
7004062809,can. j. fish. aquatic sci.,1
7004062809,can. j. zool.,1
7004062809,conserv. genet.,1
7004062809,diversity distrib.,1
7004062809,ecol. freshw. fish,1
7004062809,ecology and evolution,1
7004062809,ecol. res.,1
7004062809,environ. biol. fishes,1
7004062809,evol. appl.,1
7004062809,fisheries,1
7004062809,fish. res.,1
7004062809,freshw. biol.,1
7004062809,hydrobiologia,1
7004062809,j. appl. ecol.,1
7004062809,j. avian biol.,1
7004062809,j. ethol.,1
7004062809,j. fish biol.,1
7004062809,j. freshw. ecol.,1
7004062809,j. zool.,1
7004062809,mol. ecol.,1
7004062809,plos one,1
7004062809,popul. ecol.,1
7004062809,wilson j. ornithol.,1
7004062809,zool. sci.,1
7004006972,aquaculture,1
7004006972,aquatic invasions,1
7004006972,aquatic living resour.,1
7004006972,aquatic toxicol.,1
7004006972,aquat. toxicol.,1
7004006972,behaviour,1
7004006972,biol. invasions,1
7004006972,biol. j. linn. soc.,1
7004006972,bmc genomics,1
7004006972,bull. environ. contam. toxicol.,1
7004006972,bull. mar. sci.,1
7004006972,can. j. fish. aquatic sci.,1
7004006972,comp. biochem. physiol. b biochem. mol. biol.,1
7004006972,conserv. genet.,1
7004006972,deep-sea res. part ii top. stud. oceanogr.,1
7004006972,dis. aquatic org.,1
7004006972,ecology and evolution,1
7004006972,environ.res.lett.,1
7004006972,evol. ecol. res.,1
7004006972,evolution,1
7004006972,freshw. biol.,1
7004006972,genetics,1
7004006972,genome,1
7004006972,heredity,1
7004006972,ices j. mar. sci.,1
7004006972,infec. genet. evol.,1
7004006972,int. j. parasitol.,1
7004006972,j. agric. food chem.,1
7004006972,j. appl. ecol.,1
7004006972,j. appl. ichthyol.,1
7004006972,j. archaeol. sci.,1
7004006972,j. biogeogr.,1
7004006972,j. evol. biol.,1
7004006972,j. exp. mar. biol. ecol.,1
7004006972,j. fish biol.,1
7004006972,j. mar. biol. assoc. u.k.,1
7004006972,j. parasitol.,1
7004006972,j. sea res.,1
7004006972,mar. biol.,1
7004006972,mar. ecol. prog. ser.,1
7004006972,mar. pollut. bull.,1
7004006972,mol. ecol.,1
7004006972,mol. ecol. notes,1
7004006972,mol. ecol. resour.,1
7004006972,mol. phylogenet. evol.,1
7004006972,nat. commun.,1
7004006972,ocean coast. manage.,1
7004006972,parasitology,1
7004006972,parasitol. res.,1
7004006972,plos. negl. trop. dis.,1
7004006972,plos one,1
7004006972,polar biol.,1
7004006972,proc. natl. acad. sci. u. s. a.,1
7004006972,proc. r. soc. b biol. sci.,1
7004006972,sci. rep.,1
7004006972,zootaxa,1
13608844700,am. midl. nat.,1
13608844700,am. nat.,1
13608844700,behav. ecol.,1
13608844700,biol. conserv.,1
13608844700,biol. invasions,1
13608844700,biol. j. linn. soc.,1
13608844700,bioscience,1
13608844700,can. j. zool.,1
13608844700,chemosphere,1
13608844700,conserv. biol.,1
13608844700,copeia,1
13608844700,dis. aquatic org.,1
13608844700,ecohealth,1
13608844700,ecol. appl.,1
13608844700,ecol. lett.,1
13608844700,ecotoxicology,1
13608844700,emerg. infect. dis.,1
13608844700,environ. pollut.,1
13608844700,environ. sci. technol.,1
13608844700,environ. toxicol. chem.,1
13608844700,for. ecol. manage.,1
13608844700,global ecol. biogeogr.,1
13608844700,herpetol. conserv. biol.,1
13608844700,herpetologica,1
13608844700,herpetol. rev.,1
13608844700,j. appl. ecol.,1
13608844700,j. herpetol.,1
13608844700,j. wildl. manage.,1
13608844700,j. zool.,1
13608844700,mar. pollut. bull.,1
13608844700,oecologia,1
13608844700,plos one,1
13608844700,proc. r. soc. b biol. sci.,1
13608844700,southeast. nat.,1
13608844700,west. north am. nat.,1
13608844700,wildl. res.,1
11139738900,amphib. reptilia,1
11139738900,anim. behav.,1
11139738900,biol. invasions,1
11139738900,can. j. fish. aquatic sci.,1
11139738900,curr. zool.,1
11139738900,ecology and evolution,1
11139738900,ethology,1
11139738900,freshw. biol.,1
11139738900,front. microbiol.,1
11139738900,herpetol. rev.,1
11139738900,integr. comp. biol.,1
11139738900,j. appl. ecol.,1
11139738900,j. fish biol.,1
11139738900,j. freshw. ecol.,1
11139738900,j. herpetol.,1
11139738900,oecologia,1
11139738900,southeast. nat.,1
7201472917,am. midl. nat.,1
7201472917,amphib. reptilia,1
7201472917,anim. conserv.,1
7201472917,aquatic conserv. mar. freshw. ecosyst.,1
7201472917,arch. environ. contam. toxicol.,1
7201472917,biol. conserv.,1
7201472917,biol. invasions,1
7201472917,biol. j. linn. soc.,1
7201472917,bioscience,1
7201472917,can. j. zool.,1
7201472917,conserv. biol.,1
7201472917,copeia,1
7201472917,ecology,1
7201472917,ecotoxicology,1
7201472917,environ biol fish,1
7201472917,environ. manage.,1
7201472917,environ. monit. assess.,1
7201472917,environ. toxicol. chem.,1
7201472917,evol. ecol.,1
7201472917,for. ecol. manage.,1
7201472917,herpetol. conserv. biol.,1
7201472917,herpetologica,1
7201472917,j. anim. ecol.,1
7201472917,j. appl. ecol.,1
7201472917,j. fish biol.,1
7201472917,j. herpetol.,1
7201472917,j. therm. biol.,1
7201472917,j. wildl. dis.,1
7201472917,j. wildl. manage.,1
7201472917,j. zool.,1
7201472917,ncasi tech bull,1
7201472917,oecologia,1
7201472917,oikos,1
7201472917,plos one,1
7201472917,proc. natl. acad. sci. u. s. a.,1
7201472917,southeast. nat.,1
7201472917,syst. biol.,1
7201472917,wetlands,1
7004062156,am. j. bot.,1
7004062156,am. midl. nat.,1
7004062156,am. nat.,1
7004062156,ann. new york acad. sci.,1
7004062156,biol. conserv.,1
7004062156,bioscience,1
7004062156,can. j. zool.,1
7004062156,conserv. biol.,1
7004062156,ecol. appl.,1
7004062156,ecol. lett.,1
7004062156,ecology,1
7004062156,ecology and evolution,1
7004062156,ecol. res.,1
7004062156,ecosphere,1
7004062156,evolution,1
7004062156,for. ecol. manage.,1
7004062156,global change biol.,1
7004062156,isr. j. ecol. evolution,1
7004062156,j. anim. ecol.,1
7004062156,j. appl. ecol.,1
7004062156,j. chem. ecol.,1
7004062156,j. ecol.,1
7004062156,j. insect conserv.,1
7004062156,landsc. ecol.,1
7004062156,methods ecol. evol.,1
7004062156,nat. areas j.,1
7004062156,nat. clim. change,1
7004062156,new phytol.,1
7004062156,oecologia,1
7004062156,oikos,1
7004062156,popul. ecol.,1
7004062156,proc. r. soc. b biol. sci.,1
7004062156,restor. ecol.,1
7004062156,theor. popul. biol.,1
7003988899,am. nat.,1
7003988899,can. j. for. res.,1
7003988899,ecol. lett.,1
7003988899,ecology,1
7003988899,ecol. restor.,1
7003988899,j. appl. ecol.,1
7003988899,j. ecol.,1
7003988899,northwest sci.,1
7003988899,plant ecol.,1
7003988899,restor. ecol.,1
7402462982,am. nat.,1
7402462982,biol. conserv.,1
7402462982,biol. control,1
7402462982,biol. invasions,1
7402462982,can. field-nat.,1
7402462982,can. j. zool.,1
7402462982,ecol. appl.,1
7402462982,ecol. lett.,1
7402462982,ecology,1
7402462982,frontiers ecol. envir.,1
7402462982,funct. ecol.,1
7402462982,invasive plant sci. manage.,1
7402462982,j. appl. ecol.,1
7402462982,j. ecol.,1
7402462982,j. wildl. manage.,1
7402462982,northwest sci.,1
7402462982,oecologia,1
7402462982,plos one,1
7402462982,proc. r. soc. b biol. sci.,1
7402462982,rangeland ecol. manage.,1
7402462982,trends ecol. evol.,1
7402462982,wildl. soc. bull.,1
12244799100,agron. sustainable dev.,1
12244799100,ambio,1
12244799100,biol. conserv.,1
12244799100,bioscience,1
12244799100,chinese j. ecol.,1
12244799100,chin. j. appl. ecol.,1
12244799100,ecol. econ.,1
12244799100,ecol. eng.,1
12244799100,environ.res.lett.,1
12244799100,environ. sci. technol.,1
12244799100,for. policy econ.,1
12244799100,j. appl. ecol.,1
12244799100,j. arid environ.,1
12244799100,j. environ. manage.,1
12244799100,land degrad. dev.,1
12244799100,landsc. urban plann.,1
12244799100,land use policy,1
12244799100,nature,1
12244799100,proc. natl. acad. sci. u. s. a.,1
12244799100,reg. environ. change,1
12244799100,science,1
12244799100,sci. rep.,1
12244799100,shengtai xuebao acta ecol. sin.,1
12244799100,soc. nat. res.,1
7409437069,j. gen. virol.,1
7409437069,j. virol.,1
7409437069,nat. genet.,1
7409437069,plos one,1
8710885400,agric. for. meterol.,1
8710885400,ambio,1
8710885400,biogeosciences,1
8710885400,can. j. for. res.,1
8710885400,catena,1
8710885400,chemosphere,1
8710885400,chinese j. ecol.,1
8710885400,chin. j. appl. ecol.,1
8710885400,earth surf. processes landf.,1
8710885400,ecology and evolution,1
8710885400,environ. earth sci.,1
8710885400,environ. pollut.,1
8710885400,for. chron.,1
8710885400,geoderma,1
8710885400,geomorphology,1
8710885400,hydrol. earth syst. sci.,1
8710885400,hydrol. processes,1
8710885400,j. appl. ecol.,1
8710885400,j. for. res.,1
8710885400,j. hydrol.,1
8710885400,j. soils sed.,1
8710885400,j. soil water conserv.,1
8710885400,plos one,1
8710885400,reg. environ. change,1
8710885400,sci. rep.,1
8710885400,sci. total environ.,1
8710885400,shengtai xuebao acta ecol. sin.,1
8710885400,theor. appl. climatol.,1
57193932733,agric. ecosyst. environ.,1
57193932733,ecology,1
57193932733,j. appl. ecol.,1
57193932733,j. ecol.,1
15128196300,agric. ecosyst. environ.,1
15128196300,appl. veg. sci.,1
15128196300,basic appl. ecol.,1
15128196300,ecology and evolution,1
15128196300,ecol. restor.,1
15128196300,global change biol.,1
15128196300,j. appl. ecol.,1
15128196300,j. ecol.,1
15128196300,j. plant ecol.,1
15128196300,j. veg. sci.,1
15128196300,new phytol.,1
15128196300,oecologia,1
15128196300,perspect. plant ecol. evol. syst.,1
15128196300,plant ecol.,1
15128196300,plant soil,1
15128196300,weed res.,1
7005590464,agric. ecosyst. environ.,1
7005590464,agron. j.,1
7005590464,ambio,1
7005590464,ann. bot.,1
7005590464,ann. new york acad. sci.,1
7005590464,appl. environ. microbiol.,1
7005590464,appl. soil ecol.,1
7005590464,biogeochemistry,1
7005590464,biogeosciences,1
7005590464,biol. fertil. soils,1
7005590464,chemosphere,1
7005590464,commun. soil sci. plant anal.,1
7005590464,ecol. appl.,1
7005590464,ecology and evolution,1
7005590464,environ. monit. assess.,1
7005590464,environ. sci. technol.,1
7005590464,eur. j. agron.,1
7005590464,eur. j. soil sci.,1
7005590464,fems microbiol. ecol.,1
7005590464,for. ecol. manage.,1
7005590464,front. plant sci.,1
7005590464,funct. plant biol.,1
7005590464,geochim. cosmochim. acta,1
7005590464,geoderma,1
7005590464,global change biol.,1
7005590464,grass forage sci.,1
7005590464,hydrol. earth syst. sci.,1
7005590464,isot. environ. health stud.,1
7005590464,j. agric. food chem.,1
7005590464,j. agric. sci.,1
7005590464,j. appl. ecol.,1
7005590464,j. environ. qual.,1
7005590464,j. exp. bot.,1
7005590464,j. plant nutr. soil sci.,1
7005590464,land use policy,1
7005590464,microb. ecol.,1
7005590464,mol. ecol.,1
7005590464,mycol. res.,1
7005590464,mycorrhiza,1
7005590464,new phytol.,1
7005590464,nutr. cycl. agroecosyst.,1
7005590464,plant biol.,1
7005590464,plant biosyst.,1
7005590464,plant soil,1
7005590464,plos one,1
7005590464,rapid commun. mass spectrom.,1
7005590464,sci. total environ.,1
7005590464,soil biol. biochem.,1
7005590464,soil sci.,1
7005590464,soil sci. soc. am. j.,1
7005590464,soil tillage res.,1
7005590464,soil use manage.,1
7005590464,sustainability,1
7005590464,tree physiol.,1
7005590464,trees struct. funct.,1
7005590464,water res.,1
7401794987,adv. exp. med. biol.,1
7401794987,agric. ecosyst. environ.,1
7401794987,am. nat.,1
7401794987,ann. bot.,1
7401794987,ecol. model.,1
7401794987,environ. microbiol.,1
7401794987,eur. j. soil biol.,1
7401794987,fems microbiol. ecol.,1
7401794987,j. appl. ecol.,1
7401794987,j. ecol.,1
7401794987,mol. ecol. resour.,1
7401794987,nutr. cycl. agroecosyst.,1
7401794987,oecologia,1
7401794987,pedobiologia,1
7401794987,plant soil,1
7401794987,soil biol. biochem.,1
7401794987,weed res.,1
7003851430,acta oecol.,1
7003851430,adv. ecol. res.,1
7003851430,agric. ecosyst. environ.,1
7003851430,ann. bot.,1
7003851430,appl. veg. sci.,1
7003851430,biocontrol,1
7003851430,biodiversity conserv.,1
7003851430,biogeosciences,1
7003851430,crop sci.,1
7003851430,ecology,1
7003851430,euphytica,1
7003851430,eur. j. agron.,1
7003851430,field crops res.,1
7003851430,funct. ecol.,1
7003851430,global change biol.,1
7003851430,grass forage sci.,1
7003851430,j. agric. food chem.,1
7003851430,j. appl. ecol.,1
7003851430,j. ecol.,1
7003851430,j. exp. bot.,1
7003851430,j. nat. conserv.,1
7003851430,land use policy,1
7003851430,mov. ecol.,1
7003851430,new phytol.,1
7003851430,oecologia,1
7003851430,physiol. plant.,1
7003851430,plant cell environ.,1
7003851430,plant ecol.,1
7003851430,plant physiol.,1
7003851430,plant soil,1
7003851430,plos one,1
7003851430,soil biol. biochem.,1
7003851430,theor. appl. genet.,1
7003851430,weed res.,1
8678395500,agric. ecosyst. environ.,1
8678395500,ann. rev. entomol.,1
8678395500,behav. ecol.,1
8678395500,biol. conserv.,1
8678395500,bioscience,1
8678395500,conserv. biol.,1
8678395500,copeia,1
8678395500,ecol. appl.,1
8678395500,ecol. lett.,1
8678395500,ecology,1
8678395500,j. anim. ecol.,1
8678395500,j. appl. ecol.,1
8678395500,j. ecol.,1
8678395500,mol. ecol. resour.,1
8678395500,nature,1
8678395500,philos. trans. r. soc. b biol. sci.,1
8678395500,plos biol.,1
8678395500,plos one,1
8678395500,proc. natl. acad. sci. u. s. a.,1
8678395500,proc. r. soc. b biol. sci.,1
8678395500,science,1
7403217282,anim. behav.,1
7403217282,anim. conserv.,1
7403217282,aust. j. zool.,1
7403217282,austral ecol.,1
7403217282,behav. ecol.,1
7403217282,behav. ecol. sociobiol.,1
7403217282,behaviour,1
7403217282,biol. conserv.,1
7403217282,biol. j. linn. soc.,1
7403217282,biol. lett.,1
7403217282,bmc evol. biol.,1
7403217282,conserv. genet.,1
7403217282,copeia,1
7403217282,curr. zool.,1
7403217282,diversity distrib.,1
7403217282,ecol. appl.,1
7403217282,ecol. manage. restor.,1
7403217282,ecology,1
7403217282,ecology and evolution,1
7403217282,ecol. res.,1
7403217282,ethology,1
7403217282,evolution,1
7403217282,funct. ecol.,1
7403217282,gen. comp. endocrinol.,1
7403217282,glob chang biol,1
7403217282,herpetologica,1
7403217282,integr. zool.,1
7403217282,j. appl. ecol.,1
7403217282,j. exp. biol.,1
7403217282,j. herpetol.,1
7403217282,j. mammal.,1
7403217282,j. pest sci.,1
7403217282,j. therm. biol.,1
7403217282,j. wildl. manage.,1
7403217282,j. zool.,1
7403217282,mol. ecol. notes,1
7403217282,nature,1
7403217282,oecologia,1
7403217282,oikos,1
7403217282,oryx,1
7403217282,parasitology,1
7403217282,physiol. biochem. zool.,1
7403217282,plos one,1
7403217282,proc. r. soc. b biol. sci.,1
7403217282,q. rev. biol.,1
7403217282,restor. ecol.,1
7403217282,sci. rep.,1
7403217282,wildl. res.,1
13002918700,adv. study behav.,1
13002918700,am. nat.,1
13002918700,amphib. reptilia,1
13002918700,anim. behav.,1
13002918700,anim. cogn.,1
13002918700,anim. conserv.,1
13002918700,ann. rev. ecol. evol. syst.,1
13002918700,aquatic conserv. mar. freshw. ecosyst.,1
13002918700,arch. environ. contam. toxicol.,1
13002918700,aust. j. zool.,1
13002918700,austral ecol.,1
13002918700,behav. ecol.,1
13002918700,behav ecol sociobiol,1
13002918700,behav. ecol. sociobiol.,1
13002918700,behaviour,1
13002918700,behav. processes,1
13002918700,biol. conserv.,1
13002918700,biol. control,1
13002918700,biol. invasions,1
13002918700,biol. j. linn. soc.,1
13002918700,biol. lett.,1
13002918700,biol. rev.,1
13002918700,bioscience,1
13002918700,bmc ecol.,1
13002918700,bmc evol. biol.,1
13002918700,can. j. zool.,1
13002918700,chemoecology,1
13002918700,clim. change,1
13002918700,comp. biochem. physiol. a mol. integr. physiol.,1
13002918700,conserv. biol.,1
13002918700,conserv. genet.,1
13002918700,conserv. lett.,1
13002918700,copeia,1
13002918700,coral reefs,1
13002918700,curr. biol.,1
13002918700,curr. zool.,1
13002918700,diversity distrib.,1
13002918700,ecography,1
13002918700,ecol. appl.,1
13002918700,ecol. entomol.,1
13002918700,ecol. lett.,1
13002918700,ecol. manage. restor.,1
13002918700,ecology,1
13002918700,ecology and evolution,1
13002918700,ecol. res.,1
13002918700,ecol. soc.,1
13002918700,ecosphere,1
13002918700,emu,1
13002918700,endanger. species res.,1
13002918700,ethology,1
13002918700,evol. appl.,1
13002918700,evol. ecol.,1
13002918700,evol. ecol. res.,1
13002918700,evolution,1
13002918700,freshw. biol.,1
13002918700,frontiers ecol. envir.,1
13002918700,funct. ecol.,1
13002918700,gen. comp. endocrinol.,1
13002918700,genetica,1
13002918700,global ecol. biogeogr.,1
13002918700,herpetol. conserv. biol.,1
13002918700,herpetologica,1
13002918700,herpetol. rev.,1
13002918700,horm. behav.,1
13002918700,integr. comp. biol.,1
13002918700,integr. zool.,1
13002918700,int. j. parasitol.,1
13002918700,j. anim. ecol.,1
13002918700,j. appl. ecol.,1
13002918700,j. avian biol.,1
13002918700,j. biogeogr.,1
13002918700,j. chem. ecol.,1
13002918700,j. comp. physiol. b biochem. syst. environ. physiol.,1
13002918700,j. ethol.,1
13002918700,j. evol. biol.,1
13002918700,j. exp. biol.,1
13002918700,j. exp. mar. biol. ecol.,1
13002918700,j. exp. zool. part a ecol. genet. physiol.,1
13002918700,j. herpetol.,1
13002918700,j. morphol.,1
13002918700,j. parasitol.,1
13002918700,j. pest sci.,1
13002918700,j. sea res.,1
13002918700,j. theor. biol.,1
13002918700,j. therm. biol.,1
13002918700,j. trop. ecol.,1
13002918700,j. wildl. dis.,1
13002918700,j. wildl. manage.,1
13002918700,j. zool.,1
13002918700,mar. biol.,1
13002918700,mar. ecol. prog. ser.,1
13002918700,methods ecol. evol.,1
13002918700,mol. ecol.,1
13002918700,mol. ecol. resour.,1
13002918700,mol. phylogenet. evol.,1
13002918700,mov. ecol.,1
13002918700,nature,1
13002918700,oecologia,1
13002918700,oikos,1
13002918700,oryx,1
13002918700,pac. conserv. biol.,1
13002918700,parasitology,1
13002918700,peerj,1
13002918700,philos. trans. r. soc. b biol. sci.,1
13002918700,physiol. biochem. zool.,1
13002918700,plos one,1
13002918700,popul. ecol.,1
13002918700,proc. biol. sci.,1
13002918700,proc. natl. acad. sci. u. s. a.,1
13002918700,proc. r. soc. b biol. sci.,1
13002918700,q. rev. biol.,1
13002918700,restor. ecol.,1
13002918700,r. soc. open sci.,1
13002918700,sci. rep.,1
13002918700,trends ecol. evol.,1
13002918700,wetlands,1
13002918700,wildl. res.,1
7003856583,acta oecol.,1
7003856583,agric. ecosyst. environ.,1
7003856583,ann. app. biol.,1
7003856583,ann. bot.,1
7003856583,appl. geogr.,1
7003856583,appl. veg. sci.,1
7003856583,basic appl. ecol.,1
7003856583,biol. conserv.,1
7003856583,biol. invasions,1
7003856583,biol. lett.,1
7003856583,bird study,1
7003856583,bot.,1
7003856583,community ecol.,1
7003856583,ecography,1
7003856583,ecol. eng.,1
7003856583,ecol. entomol.,1
7003856583,ecol. indic.,1
7003856583,ecol. lett.,1
7003856583,ecology,1
7003856583,ecology and evolution,1
7003856583,ecosphere,1
7003856583,ecosystems,1
7003856583,ecosyst. serv.,1
7003856583,environ. pollut.,1
7003856583,eur. j. agron.,1
7003856583,folia geobot.,1
7003856583,funct. ecol.,1
7003856583,global change biol.,1
7003856583,grass forage sci.,1
7003856583,insect conserv. diversity,1
7003856583,j. anim. ecol.,1
7003856583,j. appl. ecol.,1
7003856583,j. biogeogr.,1
7003856583,j. ecol.,1
7003856583,j. environ. manage.,1
7003856583,j. insect conserv.,1
7003856583,j. veg. sci.,1
7003856583,land degrad. dev.,1
7003856583,landsc. ecol.,1
7003856583,mar. pollut. bull.,1
7003856583,methods ecol. evol.,1
7003856583,new phytol.,1
7003856583,oecologia,1
7003856583,oikos,1
7003856583,perspect. plant ecol. evol. syst.,1
7003856583,plant ecol.,1
7003856583,plant ecol. diversity,1
7003856583,plant soil,1
7003856583,plos one,1
7003856583,popul. ecol.,1
7003856583,proc. r. soc. b biol. sci.,1
7003856583,prog. phys. geogr.,1
7003856583,restor. ecol.,1
7003856583,sci. total environ.,1
7003856583,seed sci. res.,1
7003856583,weed res.,1
37102317500,environmetrics,1
37102317500,environ. pollut.,1
37102317500,eur. j. soil sci.,1
37102317500,global change biol.,1
37102317500,j. appl. ecol.,1
7101653004,biometrics,1
7101653004,bull. mar. sci.,1
7101653004,can. j. fish. aquatic sci.,1
7101653004,condor,1
7101653004,ecol. appl.,1
7101653004,ecol. monogr.,1
7101653004,ecology,1
7101653004,ecology and evolution,1
7101653004,ecosphere,1
7101653004,estuar. coasts,1
7101653004,fish. bull.,1
7101653004,j. appl. ecol.,1
7101653004,j. ornithol.,1
7101653004,j. wildl. manage.,1
7101653004,methods ecol. evol.,1
7101653004,plos one,1
7101653004,prog. oceanogr.,1
7101653004,r. soc. open sci.,1
56063403000,acta trop.,1
56063403000,am. nat.,1
56063403000,anim. biodiversity conserv.,1
56063403000,bioscience,1
56063403000,can. j. fish. aquatic sci.,1
56063403000,condor,1
56063403000,conserv. biol.,1
56063403000,ecol. appl.,1
56063403000,ecol. model.,1
56063403000,ecol. monogr.,1
56063403000,ecology,1
56063403000,funct. ecol.,1
56063403000,global change biol.,1
56063403000,j. anim. ecol.,1
56063403000,j. appl. ecol.,1
56063403000,j. avian biol.,1
56063403000,j. field ornithol.,1
56063403000,j. ornithol.,1
56063403000,j. wildl. dis.,1
56063403000,j. wildl. manage.,1
56063403000,methods ecol. evol.,1
56063403000,oecologia,1
56063403000,oikos,1
56063403000,theor. popul. biol.,1
56063403000,wildfowl,1
56063403000,wildl. soc. bull.,1
7102661832,environ. conserv.,1
7102661832,j. appl. ecol.,1
7102661832,j. environ. manage.,1
7102661832,land use policy,1
7102661832,mammal rev.,1
7102661832,philos. trans. r. soc. b biol. sci.,1
7102661832,vet. rec.,1
26041245900,j. appl. ecol.,1
7006559064,environ. conserv.,1
7006559064,fish. res.,1
7006559064,j. appl. ecol.,1
7006559064,j. environ. manage.,1
7006559064,land degrad. dev.,1
7006559064,land use policy,1
7006559064,mar. policy,1
7006559064,ocean coast. manage.,1
7006559064,philos. trans. r. soc. b biol. sci.,1
7006559064,vet. rec.,1
15519183800,anim. behav.,1
15519183800,behav. ecol. sociobiol.,1
15519183800,biol. conserv.,1
15519183800,biol. invasions,1
15519183800,can. j. zool.,1
15519183800,conserv. biol.,1
15519183800,ecol. entomol.,1
15519183800,front. zool.,1
15519183800,funct. ecol.,1
15519183800,j. anim. ecol.,1
15519183800,j. appl. ecol.,1
15519183800,j. raptor res.,1
15519183800,j. wildl. manage.,1
15519183800,landsc. ecol.,1
15519183800,mol. ecol.,1
15519183800,nature,1
15519183800,oecologia,1
15519183800,peerj,1
15519183800,plos biol.,1
15519183800,plos one,1
15519183800,proc. r. soc. b biol. sci.,1
15519183800,trends ecol. evol.,1
15519183800,wildl. res.,1
7004865209,am. nat.,1
7004865209,anim. conserv.,1
7004865209,ann. zool. fenn.,1
7004865209,austral ecol.,1
7004865209,basic appl. ecol.,1
7004865209,behav. ecol.,1
7004865209,biodiversity conserv.,1
7004865209,biol. conserv.,1
7004865209,biol. invasions,1
7004865209,biol. rev. camb. philos. soc.,1
7004865209,can. j. zool.,1
7004865209,conserv. biol.,1
7004865209,c. r. acad. sci. ser. iii,1
7004865209,ecography,1
7004865209,ecol. appl.,1
7004865209,ecol. lett.,1
7004865209,ecology,1
7004865209,ecology and evolution,1
7004865209,ecoscience,1
7004865209,ecosphere,1
7004865209,environ. conserv.,1
7004865209,epidemiol. infect.,1
7004865209,front. zool.,1
7004865209,funct. ecol.,1
7004865209,global change biol.,1
7004865209,global ecol. biogeogr.,1
7004865209,j. anim. ecol.,1
7004865209,j. appl. ecol.,1
7004865209,j. theor. biol.,1
7004865209,j. wildl. dis.,1
7004865209,j. zool.,1
7004865209,mammalia,1
7004865209,nat. commun.,1
7004865209,nat. conserv.,1
7004865209,nat. ecol. evol.,1
7004865209,nature,1
7004865209,oikos,1
7004865209,peerj,1
7004865209,plos biol.,1
7004865209,plos one,1
7004865209,popul. ecol.,1
7004865209,proc. natl. acad. sci. u. s. a.,1
7004865209,proc. r. soc. b biol. sci.,1
7004865209,science,1
7004865209,sci. rep.,1
7004865209,theor. popul. biol.,1
7004865209,trends ecol. evol.,1
7004865209,wildl. res.,1
26040476600,agron. j.,1
26040476600,appl. soil ecol.,1
26040476600,biol. control,1
26040476600,crop prot.,1
26040476600,ecol. appl.,1
26040476600,j. appl. ecol.,1
26040476600,weed res.,1
26040476600,weed sci.,1
7006763416,agric. ecosyst. environ.,1
7006763416,agric. syst.,1
7006763416,agron. j.,1
7006763416,ann. app. biol.,1
7006763416,appl. soil ecol.,1
7006763416,arthropod-plant interact.,1
7006763416,biol. control,1
7006763416,bull. entomol. res.,1
7006763416,crop prot.,1
7006763416,insectes sociaux,1
7006763416,j. appl. ecol.,1
7006763416,j. invertebr. pathol.,1
7006763416,methods ecol. evol.,1
7006763416,weed res.,1
7006763416,weed sci.,1
7006763416,weed technol.,1
36876296200,agric. ecosyst. environ.,1
36876296200,agron. sustainable dev.,1
36876296200,arthropod-plant interact.,1
36876296200,biodiversity conserv.,1
36876296200,biol. control,1
36876296200,biol. invasions,1
36876296200,crop prot.,1
36876296200,j. appl. ecol.,1
36876296200,plos one,1
36876296200,weed res.,1
36876296200,weed sci.,1
24066899900,agric. ecosyst. environ.,1
24066899900,agric. for. meterol.,1
24066899900,atmos. environ.,1
24066899900,aust. j. bot.,1
24066899900,biogeosciences,1
24066899900,environ. pollut.,1
24066899900,hydrol. processes,1
24066899900,j. appl. ecol.,1
24066899900,soil biol. biochem.,1
8063626400,appl. soil ecol.,1
8063626400,aquatic sci.,1
8063626400,atmos. environ.,1
8063626400,biol. fertil. soils,1
8063626400,ecol. eng.,1
8063626400,ecology and evolution,1
8063626400,ecosystems,1
8063626400,funct. ecol.,1
8063626400,gcb bioenergy,1
8063626400,global biogeochem. cycles,1
8063626400,global change biol.,1
8063626400,j. appl. ecol.,1
8063626400,j. exp. bot.,1
8063626400,limnol. oceanogr.,1
8063626400,nat. clim. change,1
8063626400,new phytol.,1
8063626400,pedobiologia,1
8063626400,plant physiol.,1
8063626400,plant soil,1
8063626400,plos one,1
8063626400,restor. ecol.,1
8063626400,soil biol. biochem.,1
8063626400,soil use manage.,1
8063626400,water air soil pollut.,1
6507208579,afr. j. ecol.,1
6507208579,agric. for. entomol.,1
6507208579,agrofor. syst.,1
6507208579,biodiversity conserv.,1
6507208579,biotropica,1
6507208579,bull. entomol. res.,1
6507208579,crop prot.,1
6507208579,ecol. soc.,1
6507208579,environ. int.,1
6507208579,for. ecol. manage.,1
6507208579,int. j. pest manage.,1
6507208579,j. appl. ecol.,1
6507208579,j. insect conserv.,1
6507208579,j. trop. ecol.,1
6507208579,oecologia,1
6507208579,sociobiology,1
24067792200,environ. sci. policy,1
24067792200,j. appl. ecol.,1
26642961000,agric. ecosyst. environ.,1
26642961000,agric. syst.,1
26642961000,agrofor. syst.,1
26642961000,appl. environ. microbiol.,1
26642961000,appl. geochem.,1
26642961000,appl. soil ecol.,1
26642961000,aquatic sci.,1
26642961000,biogeochemistry,1
26642961000,biol. conserv.,1
26642961000,biol. fertil. soils,1
26642961000,bioresour. technol.,1
26642961000,bmc plant biol.,1
26642961000,bull. math. biol.,1
26642961000,chemosphere,1
26642961000,commun. soil sci. plant anal.,1
26642961000,ecol. eng.,1
26642961000,ecology,1
26642961000,ecology and evolution,1
26642961000,ecosystems,1
26642961000,environ. exp. bot.,1
26642961000,environ. monit. assess.,1
26642961000,environ. pollut.,1
26642961000,environ. sci. policy,1
26642961000,environ. sci. pollut. res.,1
26642961000,environ. sci. technol.,1
26642961000,epidemiol. infect.,1
26642961000,estuar. coast. shelf sci.,1
26642961000,eur. j. soil biol.,1
26642961000,eur. j. soil sci.,1
26642961000,fems microbiol. ecol.,1
26642961000,fems microbiol. lett.,1
26642961000,field crops res.,1
26642961000,for. ecol. manage.,1
26642961000,forests,1
26642961000,front. microbiol.,1
26642961000,funct. ecol.,1
26642961000,gcb bioenergy,1
26642961000,geoderma,1
26642961000,global biogeochem. cycles,1
26642961000,global change biol.,1
26642961000,insect conserv. diversity,1
26642961000,j. agric. sci.,1
26642961000,j. appl. ecol.,1
26642961000,j. environ. manage.,1
26642961000,j. environ. qual.,1
26642961000,j. exp. bot.,1
26642961000,j. plant nutr. soil sci.,1
26642961000,j. shellfish res.,1
26642961000,j. soils sed.,1
26642961000,land use policy,1
26642961000,lect. notes comput. sci.,1
26642961000,limnol. oceanogr.,1
26642961000,microb. ecol.,1
26642961000,mycorrhiza,1
26642961000,nat. clim. change,1
26642961000,new phytol.,1
26642961000,nord. j. bot.,1
26642961000,pedobiologia,1
26642961000,planta,1
26642961000,plant cell environ.,1
26642961000,plant physiol.,1
26642961000,plant. signal. behav.,1
26642961000,plant soil,1
26642961000,plos one,1
26642961000,polar biol.,1
26642961000,restor. ecol.,1
26642961000,sci. rep.,1
26642961000,sci. total environ.,1
26642961000,soil biol. biochem.,1
26642961000,soil sci. soc. am. j.,1
26642961000,soil tillage res.,1
26642961000,soil use manage.,1
26642961000,symbiosis,1
26642961000,trends plant sci.,1
26642961000,vet. rec.,1
26642961000,water air soil pollut.,1
26642961000,water res.,1
25637135400,acta oecol.,1
25637135400,adv. ecol. res.,1
25637135400,agric. ecosyst. environ.,1
25637135400,agric. for. meterol.,1
25637135400,ann. bot.,1
25637135400,appl. veg. sci.,1
25637135400,basic appl. ecol.,1
25637135400,biodiversity conserv.,1
25637135400,biol. conserv.,1
25637135400,biol. invasions,1
25637135400,biol. lett.,1
25637135400,biol. rev.,1
25637135400,conserv. lett.,1
25637135400,ecography,1
25637135400,ecol. appl.,1
25637135400,ecol. entomol.,1
25637135400,ecol. lett.,1
25637135400,ecol. model.,1
25637135400,ecology,1
25637135400,ecosystems,1
25637135400,ecosyst. serv.,1
25637135400,folia geobot.,1
25637135400,for. ecol. manage.,1
25637135400,frontiers ecol. envir.,1
25637135400,funct. ecol.,1
25637135400,global change biol.,1
25637135400,global ecol. biogeogr.,1
25637135400,glob chang biol,1
25637135400,grass forage sci.,1
25637135400,ibis,1
25637135400,j. appl. ecol.,1
25637135400,j. chem. ecol.,1
25637135400,j. ecol.,1
25637135400,j. theor. biol.,1
25637135400,j. veg. sci.,1
25637135400,methods ecol. evol.,1
25637135400,mol. ecol.,1
25637135400,nat. commun.,1
25637135400,new for.,1
25637135400,new phytol.,1
25637135400,oecologia,1
25637135400,oikos,1
25637135400,plant ecol.,1
25637135400,plos one,1
25637135400,proc. natl. acad. sci. u. s. a.,1
25637135400,proc. r. soc. b biol. sci.,1
25637135400,restor. ecol.,1
25637135400,science,1
25637135400,sci. total environ.,1
25637135400,seed sci. res.,1
25637135400,theor. appl. climatol.,1
25637135400,trends ecol. evol.,1
14052860500,agric. ecosyst. environ.,1
14052860500,ambio,1
14052860500,basic appl. ecol.,1
14052860500,biol. conserv.,1
14052860500,diversity distrib.,1
14052860500,ecography,1
14052860500,ecol. entomol.,1
14052860500,ecol. lett.,1
14052860500,ecol. monogr.,1
14052860500,ecology and evolution,1
14052860500,ecol. res.,1
14052860500,ecosphere,1
14052860500,entomol. exp. appl.,1
14052860500,eur. j. entomol.,1
14052860500,global change biol.,1
14052860500,insect conserv. diversity,1
14052860500,j. anim. ecol.,1
14052860500,j. appl. ecol.,1
14052860500,j. ecol.,1
14052860500,j. evol. biol.,1
14052860500,oikos,1
14052860500,peerj,1
14052860500,proc. r. soc. b biol. sci.,1
14052860500,science,1
7403541726,agron. sustainable dev.,1
7403541726,appl. environ. microbiol.,1
7403541726,appl. soil ecol.,1
7403541726,biol. control,1
7403541726,biol. invasions,1
7403541726,ecology,1
7403541726,fems microbiol. ecol.,1
7403541726,fems microbiol. lett.,1
7403541726,funct. ecol.,1
7403541726,fungal ecol.,1
7403541726,j. agric. food chem.,1
7403541726,j. appl. ecol.,1
7403541726,j. chem. ecol.,1
7403541726,j. ecol.,1
7403541726,methods ecol. evol.,1
7403541726,mol. ecol.,1
7403541726,nat. clim. change,1
7403541726,nat. commun.,1
7403541726,nature,1
7403541726,new phytol.,1
7403541726,pedobiologia,1
7403541726,plant cell environ.,1
7403541726,plant soil,1
7403541726,plos biol.,1
7403541726,plos one,1
7403541726,proc. r. soc. b biol. sci.,1
7403541726,soil biol. biochem.,1
7403541726,trends ecol. evol.,1
7403541726,trends plant sci.,1
7403541726,weed res.,1
7403541726,weed sci.,1
6507631175,agric. ecosyst. environ.,1
6507631175,agron. j.,1
6507631175,agron. sustainable dev.,1
6507631175,appl. environ. microbiol.,1
6507631175,appl. soil ecol.,1
6507631175,can. j. bot.,1
6507631175,crop sci.,1
6507631175,environ. sci. pollut. res.,1
6507631175,euphytica,1
6507631175,fems microbiol. lett.,1
6507631175,field crops res.,1
6507631175,j. agric. food chem.,1
6507631175,j. appl. ecol.,1
6507631175,j. exp. bot.,1
6507631175,pedobiologia,1
6507631175,plant dis.,1
6507631175,plant soil,1
6507631175,plos one,1
6507631175,soil biol. biochem.,1
6507631175,weed res.,1
6507631175,weed sci.,1
6507631175,weed technol.,1
6506859904,j. appl. ecol.,1
8727390700,appl. environ. microbiol.,1
8727390700,appl. soil ecol.,1
8727390700,fems microbiol. lett.,1
8727390700,j. agric. food chem.,1
8727390700,j. appl. ecol.,1
8727390700,j. microbiol. methods,1
8727390700,soil biol. biochem.,1
6505851121,acta oecol.,1
6505851121,agron. sustainable dev.,1
6505851121,am. j. bot.,1
6505851121,appl. environ. microbiol.,1
6505851121,appl. soil ecol.,1
6505851121,biol. fertil. soils,1
6505851121,biol. invasions,1
6505851121,bot.,1
6505851121,environ. microbiol.,1
6505851121,fems microbiol. ecol.,1
6505851121,fems microbiol. lett.,1
6505851121,gcb bioenergy,1
6505851121,geoderma,1
6505851121,global change biol.,1
6505851121,j. agric. food chem.,1
6505851121,j. appl. ecol.,1
6505851121,j. ecol.,1
6505851121,j. environ. qual.,1
6505851121,pedobiologia,1
6505851121,plant soil,1
6505851121,plos one,1
6505851121,restor. ecol.,1
6505851121,soil biol. biochem.,1
6505851121,soil sci. soc. am. j.,1
6505851121,water res.,1
6505851121,weed sci.,1
7004344297,acta hortic.,1
7004344297,agron. j.,1
7004344297,bot.,1
7004344297,can. j. bot.,1
7004344297,commun. soil sci. plant anal.,1
7004344297,crop prot.,1
7004344297,j. appl. ecol.,1
7004344297,j. hered.,1
7004344297,soil sci. soc. am. j.,1
7004344297,weed res.,1
7004344297,weed sci.,1
7004344297,weed technol.,1
7201807282,agric. ecosyst. environ.,1
7201807282,agron. sustainable dev.,1
7201807282,appl. environ. microbiol.,1
7201807282,appl. soil ecol.,1
7201807282,biol. fertil. soils,1
7201807282,bot.,1
7201807282,can. j. bot.,1
7201807282,ecol. lett.,1
7201807282,fems microbiol. ecol.,1
7201807282,frontiers ecol. envir.,1
7201807282,front. microbiol.,1
7201807282,funct. ecol.,1
7201807282,j. agric. food chem.,1
7201807282,j. appl. ecol.,1
7201807282,j. microbiol. methods,1
7201807282,mol. ecol.,1
7201807282,mycologia,1
7201807282,mycorrhiza,1
7201807282,nat. ecol. evol.,1
7201807282,nature,1
7201807282,new phytol.,1
7201807282,pedobiologia,1
7201807282,peerj,1
7201807282,plant soil,1
7201807282,plos one,1
7201807282,proc. r. soc. b biol. sci.,1
7201807282,restor. ecol.,1
7201807282,sci. data,1
7201807282,science,1
7201807282,soil biol. biochem.,1
7201807282,symbiosis,1
7201807282,trends ecol. evol.,1
7201807282,water air soil pollut.,1
8441730000,acta hortic.,1
8441730000,crop prot.,1
8441730000,field crops res.,1
8441730000,j. appl. ecol.,1
8441730000,pest manage. sci.,1
8441730000,plant ecol.,1
8441730000,weed res.,1
8441730000,weed sci.,1
8441730000,weed technol.,1
7005912774,agric. ecosyst. environ.,1
7005912774,agric. for. meterol.,1
7005912774,agric. syst.,1
7005912774,agron. j.,1
7005912774,agron. sustainable dev.,1
7005912774,appl. environ. microbiol.,1
7005912774,appl. soil ecol.,1
7005912774,biodiversity conserv.,1
7005912774,bot.,1
7005912774,can. j. for. res.,1
7005912774,crop prot.,1
7005912774,crop sci.,1
7005912774,fems microbiol. lett.,1
7005912774,field crops res.,1
7005912774,for. ecol. manage.,1
7005912774,j. agric. food chem.,1
7005912774,j. appl. ecol.,1
7005912774,j. ecol.,1
7005912774,j. exp. bot.,1
7005912774,j. plant physiol.,1
7005912774,pedobiologia,1
7005912774,pest manage. sci.,1
7005912774,planta,1
7005912774,r. soc. open sci.,1
7005912774,soil biol. biochem.,1
7005912774,soil tillage res.,1
7005912774,weed res.,1
7005912774,weed sci.,1
7005912774,weed technol.,1
35509089400,agric. ecosyst. environ.,1
35509089400,agron. sustainable dev.,1
35509089400,ann. rev. ecol. evol. syst.,1
35509089400,appl. environ. microbiol.,1
35509089400,appl. soil ecol.,1
35509089400,biol. fertil. soils,1
35509089400,biol. invasions,1
35509089400,bioscience,1
35509089400,bot.,1
35509089400,can. j. bot.,1
35509089400,chemosphere,1
35509089400,ecol. appl.,1
35509089400,ecol. lett.,1
35509089400,ecology,1
35509089400,ecology and evolution,1
35509089400,ecoscience,1
35509089400,environ. pollut.,1
35509089400,fems microbiol. ecol.,1
35509089400,fems microbiol. lett.,1
35509089400,funct. ecol.,1
35509089400,fungal ecol.,1
35509089400,global change biol.,1
35509089400,isme j.,1
35509089400,j. agric. food chem.,1
35509089400,j. appl. ecol.,1
35509089400,j. ecol.,1
35509089400,j. microbiol. methods,1
35509089400,microb. ecol.,1
35509089400,mycologia,1
35509089400,mycorrhiza,1
35509089400,nature,1
35509089400,new phytol.,1
35509089400,oecologia,1
35509089400,oikos,1
35509089400,pedobiologia,1
35509089400,plant cell environ.,1
35509089400,plant ecol.,1
35509089400,plant. signal. behav.,1
35509089400,plant soil,1
35509089400,plos biol.,1
35509089400,plos one,1
35509089400,proc. r. soc. b biol. sci.,1
35509089400,restor. ecol.,1
35509089400,r. soc. open sci.,1
35509089400,science,1
35509089400,soil biol. biochem.,1
35509089400,soil sci. soc. am. j.,1
35509089400,trends ecol. evol.,1
35509089400,trends plant sci.,1
35509089400,weed sci.,1
7202946573,ambio,1
7202946573,ann. bot.,1
7202946573,appl. veg. sci.,1
7202946573,basic appl. ecol.,1
7202946573,biol. conserv.,1
7202946573,biol. rev.,1
7202946573,bioscience,1
7202946573,can. j. for. res.,1
7202946573,conserv. biol.,1
7202946573,diversity distrib.,1
7202946573,ecography,1
7202946573,ecohydrology,1
7202946573,ecol. appl.,1
7202946573,ecol. model.,1
7202946573,ecol. monogr.,1
7202946573,ecology,1
7202946573,ecology and evolution,1
7202946573,ecol. soc.,1
7202946573,ecosphere,1
7202946573,ecosystems,1
7202946573,environ. manage.,1
7202946573,for. ecol. manage.,1
7202946573,freshw. biol.,1
7202946573,frontiers ecol. envir.,1
7202946573,geomorphology,1
7202946573,global change biol.,1
7202946573,hydrobiologia,1
7202946573,hydrol. processes,1
7202946573,j. appl. ecol.,1
7202946573,j. biogeogr.,1
7202946573,j. clim.,1
7202946573,j. ecol.,1
7202946573,j. environ. qual.,1
7202946573,j. hydrol.,1
7202946573,j. plant ecol.,1
7202946573,j. veg. sci.,1
7202946573,landsc. ecol.,1
7202946573,nature,1
7202946573,nord. j. bot.,1
7202946573,oikos,1
7202946573,plant ecol.,1
7202946573,plant soil,1
7202946573,plos one,1
7202946573,restor. ecol.,1
7202946573,river res. appl.,1
7202946573,science,1
7202946573,sci. total environ.,1
7007160007,ann. rev. ecol. syst.,1
7007160007,basic appl. ecol.,1
7007160007,biol. rev.,1
7007160007,diversity distrib.,1
7007160007,ecohydrology,1
7007160007,ecol. appl.,1
7007160007,ecol. lett.,1
7007160007,ecol. model.,1
7007160007,ecol. monogr.,1
7007160007,ecology,1
7007160007,ecology and evolution,1
7007160007,ecol. soc.,1
7007160007,ecosystems,1
7007160007,environ. manage.,1
7007160007,evolution,1
7007160007,for. ecol. manage.,1
7007160007,freshw. biol.,1
7007160007,funct. ecol.,1
7007160007,global change biol.,1
7007160007,j. appl. ecol.,1
7007160007,j. biogeogr.,1
7007160007,j. ecol.,1
7007160007,j. environ. qual.,1
7007160007,j. veg. sci.,1
7007160007,landsc. ecol.,1
7007160007,new phytol.,1
7007160007,plant ecol.,1
7007160007,plos one,1
7007160007,proc. natl. acad. sci. u. s. a.,1
7007160007,proc. r. soc. b biol. sci.,1
7007160007,science,1
15753693400,agric. for. meterol.,1
15753693400,biol. invasions,1
15753693400,biol. j. linn. soc.,1
15753693400,diversity distrib.,1
15753693400,ecography,1
15753693400,ecology,1
15753693400,ecol. soc.,1
15753693400,for. ecol. manage.,1
15753693400,funct. ecol.,1
15753693400,global change biol.,1
15753693400,global ecol. biogeogr.,1
15753693400,glob chang biol,1
15753693400,insect conserv. diversity,1
15753693400,j. anim. ecol.,1
15753693400,j. appl. ecol.,1
15753693400,j. biogeogr.,1
15753693400,j. ecol.,1
15753693400,land use policy,1
15753693400,lect. notes comput. sci.,1
15753693400,methods ecol. evol.,1
15753693400,oecologia,1
15753693400,oikos,1
15753693400,plos one,1
15753693400,sci. total environ.,1
15753693400,theor. appl. climatol.,1
8202525200,afr. j. ecol.,1
8202525200,appl. geogr.,1
8202525200,biodiversity conserv.,1
8202525200,biol. invasions,1
8202525200,ecol. econ.,1
8202525200,ecol. soc.,1
8202525200,ecosyst. serv.,1
8202525200,environ. manage.,1
8202525200,for. ecol. manage.,1
8202525200,for. policy econ.,1
8202525200,j. appl. ecol.,1
8202525200,j. environ. manage.,1
8202525200,land degrad. dev.,1
8202525200,land use policy,1
8202525200,ocean coast. manage.,1
8202525200,reg. environ. change,1
8202525200,sustainability,1
22937731400,ecol. soc.,1
22937731400,j. appl. ecol.,1
22937731400,land use policy,1
22937731400,lect. notes comput. sci.,1
6602394803,biodiversity conserv.,1
6602394803,biogeochemistry,1
6602394803,biol. conserv.,1
6602394803,bioscience,1
6602394803,conserv. biol.,1
6602394803,earth surf. processes landf.,1
6602394803,ecography,1
6602394803,ecol. indic.,1
6602394803,ecol. lett.,1
6602394803,ecol. soc.,1
6602394803,ecosyst. serv.,1
6602394803,j. appl. ecol.,1
6602394803,j. biogeogr.,1
6602394803,j. environ. manage.,1
6602394803,j. hydrol.,1
6602394803,land use policy,1
6602394803,oecologia,1
6602394803,proc. r. soc. b biol. sci.,1
6602394803,river res. appl.,1
6602394803,sci. total environ.,1
6602394803,trends ecol. evol.,1
6602394803,verh. ges. okol.,1
26643367400,adv. exp. med. biol.,1
26643367400,am. nat.,1
26643367400,conserv. lett.,1
26643367400,ecol. appl.,1
26643367400,ecol. lett.,1
26643367400,ecology,1
26643367400,ecol. soc.,1
26643367400,evolution,1
26643367400,heredity,1
26643367400,int. j. parasitol.,1
26643367400,j. anim. ecol.,1
26643367400,j. appl. ecol.,1
26643367400,j. biogeogr.,1
26643367400,j. math. biol.,1
26643367400,land use policy,1
26643367400,methods ecol. evol.,1
26643367400,nature,1
26643367400,oikos,1
26643367400,phys rev lett,1
26643367400,plos biol.,1
26643367400,plos comput. biol.,1
26643367400,plos one,1
26643367400,prev. vet. med.,1
26643367400,proc. natl. acad. sci. u. s. a.,1
26643367400,proc. r. soc. b biol. sci.,1
26643367400,science,1
26643367400,theor. ecol.,1
26643367400,theor. popul. biol.,1
26643367400,trends ecol. evol.,1
26643367400,trends parasitol.,1
8323188600,agric. for. meterol.,1
8323188600,appl. geogr.,1
8323188600,clim. change,1
8323188600,ecol. complex.,1
8323188600,ecol. econ.,1
8323188600,ecol. soc.,1
8323188600,environ.res.lett.,1
8323188600,environ. sci. policy,1
8323188600,fish. manage. ecol.,1
8323188600,global environ. change,1
8323188600,j. appl. ecol.,1
8323188600,j. environ. manage.,1
8323188600,j. exp. bot.,1
8323188600,j. hydrol.,1
8323188600,land use policy,1
8323188600,nature,1
8323188600,reg. environ. change,1
8323188600,sustainability,1
8881185000,afr. j. ecol.,1
8881185000,agric. ecosyst. environ.,1
8881185000,appl. geogr.,1
8881185000,biol. conserv.,1
8881185000,clim. change,1
8881185000,conserv. lett.,1
8881185000,ecol. appl.,1
8881185000,ecol. econ.,1
8881185000,ecol. soc.,1
8881185000,ecosyst. serv.,1
8881185000,environ. conserv.,1
8881185000,environ. manage.,1
8881185000,environ. sci. policy,1
8881185000,frontiers ecol. envir.,1
8881185000,global environ. change,1
8881185000,j. appl. ecol.,1
8881185000,j. arid environ.,1
8881185000,j. environ. manage.,1
8881185000,land degrad. dev.,1
8881185000,land use policy,1
8881185000,reg. environ. change,1
8881185000,restor. ecol.,1
8881185000,sci. total environ.,1
8881185000,soc. nat. res.,1
12797560900,ambio,1
12797560900,conserv. biol.,1
12797560900,ecol. econ.,1
12797560900,j. appl. ecol.,1
12797560900,mar. policy,1
7003993079,appl. geogr.,1
7003993079,j. appl. ecol.,1
7003993079,plos one,1
25654830100,agric. ecosyst. environ.,1
25654830100,anim. conserv.,1
25654830100,biol. conserv.,1
25654830100,bird conserv. int.,1
25654830100,bird study,1
25654830100,ecol. lett.,1
25654830100,ibis,1
25654830100,j. appl. ecol.,1
25654830100,oikos,1
25654830100,philos. trans. r. soc. b biol. sci.,1
7004199432,adv. ecol. res.,1
7004199432,agric. ecosyst. environ.,1
7004199432,am. nat.,1
7004199432,anim. behav.,1
7004199432,ann. zool. fenn.,1
7004199432,behav. ecol.,1
7004199432,behav ecol sociobiol,1
7004199432,behav. ecol. sociobiol.,1
7004199432,biol. conserv.,1
7004199432,biol. fertil. soils,1
7004199432,biol. j. linn. soc.,1
7004199432,biol. rev.,1
7004199432,biol. rev. camb. philos. soc.,1
7004199432,bird study,1
7004199432,bmc ecol.,1
7004199432,diversity distrib.,1
7004199432,ecography,1
7004199432,ecol. econ.,1
7004199432,ecol. lett.,1
7004199432,ecology,1
7004199432,ecology and evolution,1
7004199432,eur. j. soil biol.,1
7004199432,evol ecol,1
7004199432,evol. ecol. res.,1
7004199432,evolution,1
7004199432,for. ecol. manage.,1
7004199432,global change biol.,1
7004199432,ibis,1
7004199432,j. anim. ecol.,1
7004199432,j. appl. ecol.,1
7004199432,j. ecol.,1
7004199432,j. math. biol.,1
7004199432,j. parasitol.,1
7004199432,j. theor. biol.,1
7004199432,j. zool.,1
7004199432,land use policy,1
7004199432,med. vet. entomol.,1
7004199432,methods ecol. evol.,1
7004199432,nat. clim. change,1
7004199432,nature,1
7004199432,oecologia,1
7004199432,oikos,1
7004199432,philos. trans. r. soc. b biol. sci.,1
7004199432,plos one,1
7004199432,proc. natl. acad. sci. u. s. a.,1
7004199432,proc. r. soc. b biol. sci.,1
7004199432,proc spie int soc opt eng,1
7004199432,science,1
7004199432,sustainability,1
7004199432,theor. popul. biol.,1
7004199432,trends ecol. evol.,1
7102027477,am. j. trop. med. hyg.,1
7102027477,anim. behav.,1
7102027477,ann. new york acad. sci.,1
7102027477,ann. zool. fenn.,1
7102027477,behav. ecol. sociobiol.,1
7102027477,conserv. biol.,1
7102027477,ecohealth,1
7102027477,ecol. appl.,1
7102027477,ecol. lett.,1
7102027477,ecol. model.,1
7102027477,ecol. monogr.,1
7102027477,ecology,1
7102027477,ecosphere,1
7102027477,epidemiol. infect.,1
7102027477,evol. appl.,1
7102027477,j. anim. ecol.,1
7102027477,j. appl. ecol.,1
7102027477,j. fish wildl. manage.,1
7102027477,j. hered.,1
7102027477,j. r. soc. interface,1
7102027477,j. wildl. dis.,1
7102027477,j. wildl. manage.,1
7102027477,landsc. ecol.,1
7102027477,mamm. biol.,1
7102027477,nat. commun.,1
7102027477,oecologia,1
7102027477,philos. trans. r. soc. b biol. sci.,1
7102027477,plos biol.,1
7102027477,plos one,1
7102027477,proc. biol. sci.,1
7102027477,proc. natl. acad. sci. u. s. a.,1
7102027477,proc. r. soc. b biol. sci.,1
7102027477,r. soc. open sci.,1
7102027477,trends ecol. evol.,1
7102027477,vet. microbiol.,1
7102027477,vet. parasitol.,1
7102027477,wildl. biol.,1
7102027477,wildl. soc. bull.,1
7006933490,anim. conserv.,1
7006933490,behav. ecol. sociobiol.,1
7006933490,biometrics,1
7006933490,can. j. zool.,1
7006933490,ecol. appl.,1
7006933490,ecol. monogr.,1
7006933490,ecology,1
7006933490,ecology and evolution,1
7006933490,emerg. infect. dis.,1
7006933490,environ. manage.,1
7006933490,infec. genet. evol.,1
7006933490,j. appl. ecol.,1
7006933490,j. virol.,1
7006933490,j. wildl. dis.,1
7006933490,j. wildl. manage.,1
7006933490,j. zoo wildl. med.,1
7006933490,landsc. ecol.,1
7006933490,limnol. oceanogr.,1
7006933490,methods mol. biol.,1
7006933490,north am. j. fish. manage.,1
7006933490,physiol. biochem. zool.,1
7006933490,plos one,1
7006933490,southeast. nat.,1
7006933490,trans. am. fish. soc.,1
7402758680,ann. zool. fenn.,1
7402758680,j. appl. ecol.,1
7402758680,j. wildl. manage.,1
7103355678,ann. zool. fenn.,1
7103355678,j. anim. ecol.,1
7103355678,j. appl. ecol.,1
7103355678,j. wildl. manage.,1
26041198400,j. appl. ecol.,1
26041198400,j. wildl. dis.,1
23089952100,afr. zool.,1
23089952100,comp. biochem. physiol. a mol. integr. physiol.,1
23089952100,ecosphere,1
23089952100,emerg. infect. dis.,1
23089952100,j. appl. ecol.,1
23089952100,j. mammal.,1
23089952100,j. wildl. dis.,1
23089952100,j. wildl. manage.,1
23089952100,j. zoo wildl. med.,1
23089952100,plos one,1
23089952100,vet. microbiol.,1
23089952100,vet. parasitol.,1
6603054418,anim. conserv.,1
6603054418,ann. zool. fenn.,1
6603054418,ecosphere,1
6603054418,emerg. infect. dis.,1
6603054418,epidemiol. infect.,1
6603054418,j. appl. ecol.,1
6603054418,j. mammal.,1
6603054418,j. wildl. manage.,1
6603054418,j. zool.,1
6603054418,j. zoo wildl. med.,1
6603054418,plos one,1
6603054418,s. afr. j. bot.,1
6603054418,vet. microbiol.,1
6603054418,vet. rec.,1
7006765736,adv. ecol. res.,1
7006765736,afr. j. ecol.,1
7006765736,ambio,1
7006765736,am. nat.,1
7006765736,anim. behav.,1
7006765736,anim. conserv.,1
7006765736,ann. rev. ecol. syst.,1
7006765736,appl. anim. behav. sci.,1
7006765736,behaviour,1
7006765736,biodiversity conserv.,1
7006765736,biol. conserv.,1
7006765736,conserv. biol.,1
7006765736,ecography,1
7006765736,ecol. appl.,1
7006765736,ecol. indic.,1
7006765736,ecology,1
7006765736,ecol. soc.,1
7006765736,ecoscience,1
7006765736,ecosphere,1
7006765736,ecosystems,1
7006765736,estuar. coast. shelf sci.,1
7006765736,j. anim. ecol.,1
7006765736,j. appl. ecol.,1
7006765736,j. arid environ.,1
7006765736,j. mammal.,1
7006765736,j. trop. ecol.,1
7006765736,j. wildl. dis.,1
7006765736,j. wildl. manage.,1
7006765736,j. zool.,1
7006765736,oecologia,1
7006765736,oryx,1
7006765736,plos one,1
7006765736,rangeland ecol. manage.,1
7006765736,s. afr. j. sci.,1
7006765736,science,1
7006765736,southwest. nat.,1
7006765736,trends ecol. evol.,1
7006765736,vet. rec.,1
7006765736,wildl. biol.,1
15078209200,biol. conserv.,1
15078209200,diversity distrib.,1
15078209200,ecol. appl.,1
15078209200,ecol. manage. restor.,1
15078209200,j. appl. ecol.,1
15078209200,j. veg. sci.,1
15078209200,oecologia,1
15078209200,pac. conserv. biol.,1
15078209200,plant ecol.,1
15078209200,plos one,1
56406155000,agric. ecosyst. environ.,1
56406155000,aust. j. bot.,1
56406155000,aust. j. ecol.,1
56406155000,aust. j. zool.,1
56406155000,austral ecol.,1
56406155000,biol. conserv.,1
56406155000,biol. invasions,1
56406155000,conserv. physol.,1
56406155000,diversity distrib.,1
56406155000,ecol. manage. restor.,1
56406155000,ecol. model.,1
56406155000,ecology,1
56406155000,emu,1
56406155000,environ. toxicol. chem.,1
56406155000,estuar. coast. shelf sci.,1
56406155000,for. ecol. manage.,1
56406155000,funct. ecol.,1
56406155000,global change biol.,1
56406155000,j. appl. ecol.,1
56406155000,j. comp. physiol. b biochem. syst. environ. physiol.,1
56406155000,j. ecol.,1
56406155000,j. insect conserv.,1
56406155000,j. veg. sci.,1
56406155000,landsc. ecol.,1
56406155000,landsc. urban plann.,1
56406155000,oecologia,1
56406155000,oikos,1
56406155000,pac. conserv. biol.,1
56406155000,parasitol. res.,1
56406155000,peerj,1
56406155000,pest manage. sci.,1
56406155000,plant ecol.,1
56406155000,plant soil,1
56406155000,plos one,1
56406155000,urban ecosyst.,1
56406155000,weed res.,1
56406155000,wildl. res.,1
6701337182,ann. bot.,1
6701337182,ann. new york acad. sci.,1
6701337182,aust. j. ecol.,1
6701337182,austral ecol.,1
6701337182,biocontrol sci. technol.,1
6701337182,biol. conserv.,1
6701337182,biol. invasions,1
6701337182,bioscience,1
6701337182,conserv. biol.,1
6701337182,curr. opin. environ. sustainability,1
6701337182,ecol. appl.,1
6701337182,ecol. lett.,1
6701337182,ecology,1
6701337182,environ. sci. policy,1
6701337182,j. appl. ecol.,1
6701337182,j. biogeogr.,1
6701337182,j. environ. manage.,1
6701337182,j. trop. ecol.,1
6701337182,new phytol.,1
6701337182,oecologia,1
6701337182,pac. conserv. biol.,1
6701337182,plos biol.,1
6701337182,plos one,1
6701337182,weed res.,1
12781515300,agric. ecosyst. environ.,1
12781515300,biol. conserv.,1
12781515300,ecol. appl.,1
12781515300,ecol. lett.,1
12781515300,gcb bioenergy,1
12781515300,global change biol.,1
12781515300,j. appl. ecol.,1
12781515300,j. ecol.,1
12781515300,land use policy,1
12781515300,methods ecol. evol.,1
12781515300,perspect. plant ecol. evol. syst.,1
12781515300,proc. r. soc. b biol. sci.,1
7003773444,appl. geochem.,1
7003773444,appl. geogr.,1
7003773444,biodiversity conserv.,1
7003773444,biomass bioenergy,1
7003773444,conserv. biol.,1
7003773444,earth surf. processes landf.,1
7003773444,ecol. soc.,1
7003773444,environ. manage.,1
7003773444,for. sci.,1
7003773444,geomorphology,1
7003773444,global ecol. biogeogr.,1
7003773444,int. j. geogr. inf. sci.,1
7003773444,j. appl. ecol.,1
7003773444,j. environ. manage.,1
7003773444,j. for.,1
7003773444,landsc. urban plann.,1
7005244605,j. appl. ecol.,1
35557426900,acta oecol.,1
35557426900,am. nat.,1
35557426900,appl. environ. microbiol.,1
35557426900,biol. conserv.,1
35557426900,biol. control,1
35557426900,biol. lett.,1
35557426900,biol. rev.,1
35557426900,diversity distrib.,1
35557426900,ecol. entomol.,1
35557426900,ecol. lett.,1
35557426900,ecology,1
35557426900,ecology and evolution,1
35557426900,funct. ecol.,1
35557426900,global change biol.,1
35557426900,j. anim. ecol.,1
35557426900,j. appl. ecol.,1
35557426900,j. ecol.,1
35557426900,j. insect physiol.,1
35557426900,j. invertebr. pathol.,1
35557426900,landsc. ecol.,1
35557426900,land use policy,1
35557426900,mol. ecol.,1
35557426900,nature,1
35557426900,oecologia,1
35557426900,oikos,1
35557426900,philos. trans. r. soc. b biol. sci.,1
35557426900,plos one,1
35557426900,proc. r. soc. b biol. sci.,1
35557426900,trends ecol. evol.,1
7202304630,ambio,1
7202304630,biol. lett.,1
7202304630,biol. rev.,1
7202304630,can. j. zool.,1
7202304630,conserv. biol.,1
7202304630,ecosphere,1
7202304630,ecosyst. serv.,1
7202304630,eur. j. wildl. res.,1
7202304630,global change biol.,1
7202304630,int. j. parasitol.,1
7202304630,j. anim. ecol.,1
7202304630,j. appl. ecol.,1
7202304630,j. environ. manage.,1
7202304630,j. parasitol.,1
7202304630,j. wildl. manage.,1
7202304630,j. zool.,1
7202304630,land use policy,1
7202304630,mol. ecol.,1
7202304630,nat. clim. change,1
7202304630,oecologia,1
7202304630,oikos,1
7202304630,parasitology,1
7202304630,plos one,1
7202304630,polar biol.,1
7202304630,proc. r. soc. b biol. sci.,1
7202304630,vet. rec.,1
7202304630,wildl. biol.,1
7202304630,wildl. res.,1
7202304630,wildl. soc. bull.,1
23485858900,behav. ecol.,1
23485858900,behav. processes,1
23485858900,eur. j. wildl. res.,1
23485858900,for. ecol. manage.,1
23485858900,j. appl. ecol.,1
23485858900,mol. ecol.,1
56248088300,j. appl. ecol.,1
7006223825,can. j. zool.,1
7006223825,for. ecol. manage.,1
7006223825,j. appl. ecol.,1
7003877518,acta theriol.,1
7003877518,ambio,1
7003877518,appl. veg. sci.,1
7003877518,arctic antarct. alp. res.,1
7003877518,ardea,1
7003877518,behav. ecol. sociobiol.,1
7003877518,biogeochemistry,1
7003877518,biol. conserv.,1
7003877518,biol. lett.,1
7003877518,can. j. zool.,1
7003877518,conserv. biol.,1
7003877518,ecography,1
7003877518,ecol. lett.,1
7003877518,ecology,1
7003877518,ecology and evolution,1
7003877518,ecoscience,1
7003877518,ecosphere,1
7003877518,ecosystems,1
7003877518,environ. conserv.,1
7003877518,environ. pollut.,1
7003877518,environ. sci. policy,1
7003877518,eur. j. soil biol.,1
7003877518,eur. j. wildl. res.,1
7003877518,funct. ecol.,1
7003877518,global change biol.,1
7003877518,hum. ecol.,1
7003877518,j. appl. ecol.,1
7003877518,j. avian biol.,1
7003877518,j. biogeogr.,1
7003877518,j. coast. res.,1
7003877518,j. ecol.,1
7003877518,j. environ. manage.,1
7003877518,j. veg. sci.,1
7003877518,landsc. urban plann.,1
7003877518,land use policy,1
7003877518,new phytol.,1
7003877518,oecologia,1
7003877518,pedobiologia,1
7003877518,perspect. plant ecol. evol. syst.,1
7003877518,plant soil,1
7003877518,plos one,1
7003877518,polar biol.,1
7003877518,restor. ecol.,1
7003877518,science,1
7003877518,soil biol. biochem.,1
8314705100,biol. conserv.,1
8314705100,bioscience,1
8314705100,conserv. biol.,1
8314705100,diversity distrib.,1
8314705100,ecol. econ.,1
8314705100,j. appl. ecol.,1
8314705100,j. insect conserv.,1
8314705100,mol. ecol.,1
8314705100,water res.,1
23973542900,appl. geogr.,1
23973542900,ecol. econ.,1
23973542900,field crops res.,1
23973542900,j. appl. ecol.,1
23973542900,j. environ. manage.,1
23973542900,land degrad. dev.,1
23973542900,land use policy,1
23973542900,soil use manage.,1
7202603756,bird conserv. int.,1
7202603756,ibis,1
7202603756,j. appl. ecol.,1
7202603756,land use policy,1
15751289900,agric. ecosyst. environ.,1
15751289900,agric. syst.,1
15751289900,ecol. econ.,1
15751289900,ecol. eng.,1
15751289900,ecosyst. serv.,1
15751289900,environ. sci. technol.,1
15751289900,geoderma,1
15751289900,hydrobiologia,1
15751289900,j. appl. ecol.,1
15751289900,j. environ. manage.,1
15751289900,landsc. urban plann.,1
15751289900,land use policy,1
15751289900,sci. total environ.,1
7006656184,acta chiropterologica,1
7006656184,biol. j. linn. soc.,1
7006656184,biometrics,1
7006656184,conserv. genet.,1
7006656184,diversity distrib.,1
7006656184,ecology and evolution,1
7006656184,eur. j. wildl. res.,1
7006656184,heredity,1
7006656184,herpetol. j.,1
7006656184,int. j. parasitol.,1
7006656184,j. anim. ecol.,1
7006656184,j. appl. ecol.,1
7006656184,j. hered.,1
7006656184,j. mammal.,1
7006656184,j. ornithol.,1
7006656184,mamm. biol.,1
7006656184,med. vet. entomol.,1
7006656184,mol. ecol.,1
7006656184,parasitol. res.,1
7006656184,plos one,1
7006656184,proc. r. soc. b biol. sci.,1
7006656184,wildl. biol.,1
26221072900,biol. j. linn. soc.,1
26221072900,j. appl. ecol.,1
26221072900,pest manage. sci.,1
23767006200,eur. j. wildl. res.,1
23767006200,j. appl. ecol.,1
23767006200,mol. ecol.,1
6508112014,j. appl. ecol.,1
7402596202,acta hortic.,1
7402596202,agric. ecosyst. environ.,1
7402596202,agric. syst.,1
7402596202,biodiversity conserv.,1
7402596202,earth surf. processes landf.,1
7402596202,ecol. econ.,1
7402596202,environ. sci. policy,1
7402596202,j. appl. ecol.,1
7402596202,j. environ. manage.,1
7402596202,j. environ. qual.,1
7402596202,land use policy,1
7402596202,plos one,1
7402596202,prev. vet. med.,1
7402596202,soil tillage res.,1
26041193600,agric. syst.,1
26041193600,bioresour. technol.,1
26041193600,clim. change,1
26041193600,environ. res.,1
26041193600,j. appl. ecol.,1
26041193600,sci. total environ.,1
9235703200,agric. ecosyst. environ.,1
9235703200,agric. syst.,1
9235703200,agrofor. syst.,1
9235703200,agron. sustainable dev.,1
9235703200,ann. forest sci.,1
9235703200,ecol. econ.,1
9235703200,ecol. eng.,1
9235703200,ecol. model.,1
9235703200,ecosyst. serv.,1
9235703200,environ. model. softw.,1
9235703200,j. appl. ecol.,1
9235703200,j. environ. manage.,1
9235703200,landsc. urban plann.,1
9235703200,land use policy,1
9235703200,sci. total environ.,1
7201906436,agric. ecosyst. environ.,1
7201906436,anim. conserv.,1
7201906436,ardea,1
7201906436,auk,1
7201906436,biol. conserv.,1
7201906436,bioscience,1
7201906436,biotropica,1
7201906436,bird conserv. int.,1
7201906436,bird study,1
7201906436,condor,1
7201906436,diversity distrib.,1
7201906436,ecography,1
7201906436,environ rev,1
7201906436,ibis,1
7201906436,j. anim. ecol.,1
7201906436,j. appl. ecol.,1
7201906436,j. avian biol.,1
7201906436,j. insect conserv.,1
7201906436,j. ornithol.,1
7201906436,mar. biol.,1
7201906436,mar. ecol. prog. ser.,1
7201906436,mar. policy,1
7201906436,mov. ecol.,1
7201906436,nat. commun.,1
7201906436,nature,1
7201906436,ostrich,1
7201906436,plos one,1
7201906436,proc. r. soc. b biol. sci.,1
7003470045,agric. for. meterol.,1
7003470045,am. nat.,1
7003470045,anim. conserv.,1
7003470045,ann. rev. ecol. evol. syst.,1
7003470045,auk,1
7003470045,behav. ecol. sociobiol.,1
7003470045,biol. conserv.,1
7003470045,biol. j. linn. soc.,1
7003470045,biol. lett.,1
7003470045,bird study,1
7003470045,curr. biol.,1
7003470045,ecol. lett.,1
7003470045,ecology,1
7003470045,ecology and evolution,1
7003470045,evolution,1
7003470045,funct. ecol.,1
7003470045,global ecol. biogeogr.,1
7003470045,j. anim. ecol.,1
7003470045,j. appl. ecol.,1
7003470045,j. biogeogr.,1
7003470045,j. ecol.,1
7003470045,j. evol. biol.,1
7003470045,methods ecol. evol.,1
7003470045,mol. biol. evol.,1
7003470045,nat. commun.,1
7003470045,nat. rev. microbiol.,1
7003470045,nature,1
7003470045,nature plants,1
7003470045,oecologia,1
7003470045,oikos,1
7003470045,pest manage. sci.,1
7003470045,philos. trans. r. soc. b biol. sci.,1
7003470045,"philos. trans. r. soc. lond., b, biol. sci.",1
7003470045,plos biol.,1
7003470045,plos one,1
7003470045,proc. natl. acad. sci. u. s. a.,1
7003470045,proc. r. soc. b biol. sci.,1
7003470045,science,1
7003470045,sustainability,1
7003470045,trends ecol. evol.,1
7003470045,weed res.,1
7003470045,weed sci.,1
6701653585,acta chiropterologica,1
6701653585,ann. bot. fenn.,1
6701653585,ann. zool. fenn.,1
6701653585,appl. veg. sci.,1
6701653585,conserv. genet.,1
6701653585,ecol. indic.,1
6701653585,ecology,1
6701653585,ecosystems,1
6701653585,environ. pollut.,1
6701653585,folia geobot.,1
6701653585,folia zool.,1
6701653585,freshw. biol.,1
6701653585,global change biol.,1
6701653585,global ecol. biogeogr.,1
6701653585,holocene,1
6701653585,hydrobiologia,1
6701653585,j. appl. ecol.,1
6701653585,j. arid environ.,1
6701653585,j. biogeogr.,1
6701653585,j. limnol.,1
6701653585,j. mammal.,1
6701653585,j. quat. sci.,1
6701653585,j. veg. sci.,1
6701653585,j. zool.,1
6701653585,mamm. biol.,1
6701653585,mol. ecol. notes,1
6701653585,naturwissenschaften,1
6701653585,new phytol.,1
6701653585,oikos,1
6701653585,oryx,1
6701653585,palaeogeogr. palaeoclimatol. palaeoecol.,1
6701653585,perspect. plant ecol. evol. syst.,1
6701653585,plant ecol.,1
6701653585,preslia,1
6701653585,quat. int.,1
6701653585,quat. sci. rev.,1
35616588400,acta oecol.,1
35616588400,ann. bot. fenn.,1
35616588400,appl. veg. sci.,1
35616588400,environ. pollut.,1
35616588400,folia geobot.,1
35616588400,global change biol.,1
35616588400,global ecol. biogeogr.,1
35616588400,j. appl. ecol.,1
35616588400,j. biogeogr.,1
35616588400,j. molluscan stud.,1
35616588400,j. veg. sci.,1
35616588400,new phytol.,1
35616588400,oikos,1
35616588400,oryx,1
35616588400,perspect. plant ecol. evol. syst.,1
35616588400,plant ecol.,1
35616588400,preslia,1
35616588400,proc. natl. acad. sci. u. s. a.,1
26040794300,biodiversity conserv.,1
26040794300,biol. conserv.,1
26040794300,boreal environ. res.,1
26040794300,environ. pollut.,1
26040794300,freshw. biol.,1
26040794300,global ecol. biogeogr.,1
26040794300,j. appl. ecol.,1
26040794300,j. biogeogr.,1
26040794300,j. limnol.,1
26040794300,j. veg. sci.,1
26040794300,j. zool.,1
26040794300,perspect. plant ecol. evol. syst.,1
6602631206,adv. ecol. res.,1
6602631206,agric. ecosyst. environ.,1
6602631206,ann. app. biol.,1
6602631206,arthropod-plant interact.,1
6602631206,basic appl. ecol.,1
6602631206,biol. lett.,1
6602631206,bull. entomol. res.,1
6602631206,ecol. model.,1
6602631206,environ. sci. policy,1
6602631206,env. microbiol. rep.,1
6602631206,gcb bioenergy,1
6602631206,ibis,1
6602631206,j. appl. ecol.,1
6602631206,j. arachnol.,1
6602631206,j. ecol.,1
6602631206,pest manage. sci.,1
6602631206,philos. trans. r. soc. b biol. sci.,1
6602631206,proc. r. soc. b biol. sci.,1
6602631206,weed res.,1
57191497019,agric. ecosyst. environ.,1
57191497019,appl. geogr.,1
57191497019,biomass bioenergy,1
57191497019,chemosphere,1
57191497019,conserv. biol.,1
57191497019,conserv. lett.,1
57191497019,ecol. econ.,1
57191497019,ecol. indic.,1
57191497019,environ. int.,1
57191497019,environ. monit. assess.,1
57191497019,environ. sci. technol.,1
57191497019,forestry,1
57191497019,for. policy econ.,1
57191497019,gcb bioenergy,1
57191497019,global environ. change,1
57191497019,hydrol. earth syst. sci.,1
57191497019,int. j. geogr. inf. sci.,1
57191497019,j. appl. ecol.,1
57191497019,j. environ. manage.,1
57191497019,landsc. urban plann.,1
57191497019,land use policy,1
57191497019,nat. clim. change,1
57191497019,reg. environ. change,1
57191497019,science,1
57191497019,sci. total environ.,1
55396049300,agric. ecosyst. environ.,1
55396049300,gcb bioenergy,1
55396049300,j. appl. ecol.,1
55396049300,j. environ. manage.,1
55396049300,sci. total environ.,1
6701529090,adv. ecol. res.,1
6701529090,agric. ecosyst. environ.,1
6701529090,anim. behav.,1
6701529090,ann. app. biol.,1
6701529090,arthropod-plant interact.,1
6701529090,basic appl. ecol.,1
6701529090,biocontrol sci. technol.,1
6701529090,biol. lett.,1
6701529090,bull. entomol. res.,1
6701529090,ecography,1
6701529090,ecol. complex.,1
6701529090,ecol. model.,1
6701529090,environ. sci. policy,1
6701529090,eur. j. entomol.,1
6701529090,front. plant sci.,1
6701529090,gcb bioenergy,1
6701529090,global change biol.,1
6701529090,ibis,1
6701529090,j. agric. food chem.,1
6701529090,j. anim. ecol.,1
6701529090,j. appl. ecol.,1
6701529090,j. arachnol.,1
6701529090,lect. notes comput. sci.,1
6701529090,mar. policy,1
6701529090,mol. ecol.,1
6701529090,mol. ecol. notes,1
6701529090,mol. ecol. resour.,1
6701529090,parasitology,1
6701529090,philos. trans. r. soc. b biol. sci.,1
6701529090,plos one,1
6701529090,proc. r. soc. b biol. sci.,1
6701529090,sci. rep.,1
6701529090,trends ecol. evol.,1
6701529090,weed res.,1
6701529090,weed sci.,1
7102039902,agric. for. entomol.,1
7102039902,biol. conserv.,1
7102039902,biomass bioenergy,1
7102039902,bird study,1
7102039902,ecol. indic.,1
7102039902,eur. j. wildl. res.,1
7102039902,gcb bioenergy,1
7102039902,ibis,1
7102039902,j. anim. ecol.,1
7102039902,j. appl. ecol.,1
7102039902,parasitology,1
7102039902,r. soc. open sci.,1
7102039902,vet. parasitol.,1
7102039902,weed res.,1
7102039902,wildl. biol.,1
7102039902,wildl. soc. bull.,1
15071867800,gcb bioenergy,1
15071867800,ibis,1
15071867800,j. appl. ecol.,1
15071867800,tree genet. genomes,1
26040896800,gcb bioenergy,1
26040896800,j. appl. ecol.,1
55449306300,j. appl. ecol.,1
16406748400,acta hortic.,1
16406748400,agric. for. entomol.,1
16406748400,agric. for. meterol.,1
16406748400,ann. bot.,1
16406748400,biomass bioenergy,1
16406748400,bmc plant biol.,1
16406748400,can. j. bot.,1
16406748400,can. j. for. res.,1
16406748400,diversity distrib.,1
16406748400,entomol. exp. appl.,1
16406748400,euphytica,1
16406748400,gcb bioenergy,1
16406748400,genome,1
16406748400,heredity,1
16406748400,ibis,1
16406748400,insect mol. biol.,1
16406748400,j. appl. ecol.,1
16406748400,j. exp. bot.,1
16406748400,mol. ecol.,1
16406748400,mol. ecol. notes,1
16406748400,nature plants,1
16406748400,new phytol.,1
16406748400,phytochemistry,1
16406748400,planta,1
16406748400,plant biosyst.,1
16406748400,plant pathol.,1
16406748400,plant physiol.,1
16406748400,plant sci.,1
16406748400,theor. appl. genet.,1
16406748400,tree genet. genomes,1
16406748400,tree physiol.,1
16406748400,weed res.,1
14011777400,am. j. bot.,1
14011777400,am. midl. nat.,1
14011777400,aob plants,1
14011777400,basic appl. ecol.,1
14011777400,biol. conserv.,1
14011777400,biol. invasions,1
14011777400,ecol. appl.,1
14011777400,ecology,1
14011777400,ecology and evolution,1
14011777400,for. ecol. manage.,1
14011777400,glob. ecol. conserv.,1
14011777400,int. j. plant sci.,1
14011777400,invasive plant sci. manage.,1
14011777400,j. appl. ecol.,1
14011777400,j. ecol.,1
14011777400,j. evol. biol.,1
14011777400,j. med. entomol.,1
14011777400,j. plant ecol.,1
14011777400,nat. areas j.,1
14011777400,nord. j. bot.,1
14011777400,oecologia,1
14011777400,oikos,1
14011777400,plant dis.,1
14011777400,plant ecol.,1
14011777400,restor. ecol.,1
14011777400,soil biol. biochem.,1
14011777400,symbiosis,1
14011777400,weed sci.,1
7006923893,acta oecol.,1
7006923893,agric. ecosyst. environ.,1
7006923893,am. j. bot.,1
7006923893,am. midl. nat.,1
7006923893,am. nat.,1
7006923893,ann. rev. ecol. syst.,1
7006923893,appl. environ. microbiol.,1
7006923893,basic appl. ecol.,1
7006923893,biogeosciences,1
7006923893,biol. conserv.,1
7006923893,biol. invasions,1
7006923893,bmc genomics,1
7006923893,can. j. for. res.,1
7006923893,ecol. entomol.,1
7006923893,ecol. lett.,1
7006923893,ecology,1
7006923893,ecology and evolution,1
7006923893,evol. ecol. res.,1
7006923893,evolution,1
7006923893,exp. appl. acarol.,1
7006923893,for. ecol. manage.,1
7006923893,front. microbiol.,1
7006923893,funct. ecol.,1
7006923893,fungal ecol.,1
7006923893,genetica,1
7006923893,global change biol.,1
7006923893,heredity,1
7006923893,int. j. plant sci.,1
7006923893,isme j.,1
7006923893,isr. j. ecol. evolution,1
7006923893,j. agric. food chem.,1
7006923893,j. appl. ecol.,1
7006923893,j chem ecol,1
7006923893,j. chem. ecol.,1
7006923893,j. ecol.,1
7006923893,j. invertebr. pathol.,1
7006923893,j. med. entomol.,1
7006923893,j. veg. sci.,1
7006923893,j. wildl. manage.,1
7006923893,microb. ecol.,1
7006923893,mol. ecol.,1
7006923893,mycologia,1
7006923893,mycol. res.,1
7006923893,nat. areas j.,1
7006923893,nature,1
7006923893,new phytol.,1
7006923893,oecologia,1
7006923893,oikos,1
7006923893,parasitol. res.,1
7006923893,plant ecol.,1
7006923893,plant soil,1
7006923893,plant species biol.,1
7006923893,plos one,1
7006923893,proc. natl. acad. sci. u. s. a.,1
7006923893,proc. r. soc. b biol. sci.,1
7006923893,science,1
7006923893,symbiosis,1
7006923893,trends ecol. evol.,1
7006923893,weed sci.,1
24437492700,aquatic conserv. mar. freshw. ecosyst.,1
24437492700,aquatic sci.,1
24437492700,bioscience,1
24437492700,clim. change,1
24437492700,conserv. biol.,1
24437492700,ecohydrology,1
24437492700,ecol. appl.,1
24437492700,ecol. complex.,1
24437492700,ecol. indic.,1
24437492700,ecol. model.,1
24437492700,environ. earth sci.,1
24437492700,environ. manage.,1
24437492700,freshwater sci.,1
24437492700,freshw. biol.,1
24437492700,fundam. appl. limnol.,1
24437492700,global change biol.,1
24437492700,hydrobiologia,1
24437492700,j. appl. ecol.,1
24437492700,j. biogeogr.,1
24437492700,limnologica,1
24437492700,oikos,1
24437492700,plos one,1
24437492700,proc. natl. acad. sci. u. s. a.,1
24437492700,water,1
6506197632,biodiversity conserv.,1
6506197632,ecohydrology,1
6506197632,ecol. model.,1
6506197632,global ecol. biogeogr.,1
6506197632,j. appl. ecol.,1
6506197632,j. biogeogr.,1
6506197632,j. insect behav.,1
6506197632,landsc. ecol.,1
6506197632,nat. commun.,1
6506197632,proc. r. soc. b biol. sci.,1
6506197632,verh. ges. okol.,1
7006599144,adv. ecol. res.,1
7006599144,aquatic conserv. mar. freshw. ecosyst.,1
7006599144,aquatic ecol.,1
7006599144,aquatic sci.,1
7006599144,arch. hydrobiol.,1
7006599144,biodiversity conserv.,1
7006599144,biogeosciences,1
7006599144,bioscience,1
7006599144,ecol. appl.,1
7006599144,ecol. indic.,1
7006599144,environ. manage.,1
7006599144,freshwater sci.,1
7006599144,freshw. biol.,1
7006599144,fundam. appl. limnol.,1
7006599144,hydrobiologia,1
7006599144,iahs-aish publ.,1
7006599144,int. rev. hydrobiol.,1
7006599144,j. appl. ecol.,1
7006599144,landsc. ecol.,1
7006599144,limnologica,1
7006599144,oecologia,1
7006599144,oikos,1
7006599144,parasites vectors,1
7006599144,plos one,1
7006599144,river res. appl.,1
7006599144,sci. total environ.,1
7006599144,water,1
8333305500,ecol. appl.,1
8333305500,evol. ecol. res.,1
8333305500,int. j. parasitol.,1
8333305500,isr. j. ecol. evolution,1
8333305500,j. appl. ecol.,1
8333305500,j. mammal.,1
8333305500,j. med. entomol.,1
8333305500,j. vector ecol.,1
8333305500,med. vet. entomol.,1
8333305500,oikos,1
8333305500,parasites vectors,1
8333305500,plos one,1
8333305500,vector borne zoonotic dis.,1
6506717195,am. nat.,1
6506717195,biol. lett.,1
6506717195,ecohealth,1
6506717195,ecol. appl.,1
6506717195,ecol. monogr.,1
6506717195,ecology,1
6506717195,ecosphere,1
6506717195,evol. ecol. res.,1
6506717195,evolution,1
6506717195,front. zool.,1
6506717195,j. appl. ecol.,1
6506717195,j. evol. biol.,1
6506717195,j. wildl. manage.,1
6506717195,new zealand j. zool.,1
6506717195,parasitology,1
6506717195,plos biol.,1
6506717195,vet. microbiol.,1
6506717195,waterbirds,1
6506717195,wildfowl,1
7004430961,can. field-nat.,1
7004430961,ecol. appl.,1
7004430961,ecosphere,1
7004430961,emerg. infect. dis.,1
7004430961,j. appl. ecol.,1
7004430961,j. wildl. dis.,1
7004430961,j. wildl. manage.,1
7004430961,landsc. ecol.,1
7004430961,plos one,1
7004430961,wildl. biol.,1
7004430961,wildl. soc. bull.,1
7102728127,am. j. trop. med. hyg.,1
7102728127,ann. new york acad. sci.,1
7102728127,appl. environ. microbiol.,1
7102728127,auk,1
7102728127,biol. lett.,1
7102728127,biometrics,1
7102728127,bird study,1
7102728127,condor,1
7102728127,ecol. appl.,1
7102728127,ecol. lett.,1
7102728127,ecol. model.,1
7102728127,ecol. monogr.,1
7102728127,ecology,1
7102728127,ecosphere,1
7102728127,emerg. infect. dis.,1
7102728127,evol. appl.,1
7102728127,global change biol.,1
7102728127,infec. genet. evol.,1
7102728127,j. appl. ecol.,1
7102728127,j. avian biol.,1
7102728127,j. field ornithol.,1
7102728127,j. gen. virol.,1
7102728127,j. med. entomol.,1
7102728127,j. parasitol.,1
7102728127,j. wildl. dis.,1
7102728127,j. wildl. manage.,1
7102728127,landsc. ecol.,1
7102728127,mol. ecol.,1
7102728127,plos one,1
7102728127,science,1
7102728127,theor. ecol.,1
7102728127,vet. parasitol.,1
7102728127,wildl. biol.,1
7102728127,wildl. soc. bull.,1
7003746164,adv. exp. med. biol.,1
7003746164,am. j. trop. med. hyg.,1
7003746164,am. nat.,1
7003746164,ann. new york acad. sci.,1
7003746164,auk,1
7003746164,biol. conserv.,1
7003746164,bioscience,1
7003746164,can. j. zool.,1
7003746164,conserv. biol.,1
7003746164,ecohealth,1
7003746164,ecology,1
7003746164,emerg. infect. dis.,1
7003746164,environ. health perspect.,1
7003746164,evol. ecol. res.,1
7003746164,front. ecol. evol.,1
7003746164,frontiers ecol. envir.,1
7003746164,global ecol. biogeogr.,1
7003746164,j. anim. ecol.,1
7003746164,j. appl. ecol.,1
7003746164,j. environ. monit.,1
7003746164,j. med. entomol.,1
7003746164,j. parasitol.,1
7003746164,j. r. soc. interface,1
7003746164,lancet,1
7003746164,mar. ecol. prog. ser.,1
7003746164,methods ecol. evol.,1
7003746164,nat. commun.,1
7003746164,nature,1
7003746164,oikos,1
7003746164,parasites vectors,1
7003746164,philos. trans. r. soc. b biol. sci.,1
7003746164,plos biol.,1
7003746164,plos one,1
7003746164,plos pathog.,1
7003746164,proc. biol. sci.,1
7003746164,proc. natl. acad. sci. u. s. a.,1
7003746164,proc. r. soc. b biol. sci.,1
7003746164,science,1
7003746164,trends ecol. evol.,1
7003746164,vector borne zoonotic dis.,1
6603387848,j. appl. ecol.,1
6603387848,j. wildl. dis.,1
6603387848,sci. rep.,1
25959057600,anim. conserv.,1
25959057600,biol. conserv.,1
25959057600,biol. lett.,1
25959057600,conserv. biol.,1
25959057600,conserv. gen. res.,1
25959057600,ecol. appl.,1
25959057600,ecology,1
25959057600,environ. manage.,1
25959057600,j. appl. ecol.,1
25959057600,j. mammal.,1
25959057600,methods ecol. evol.,1
25959057600,plos one,1
25959057600,proc. natl. acad. sci. u. s. a.,1
25959057600,science,1
36917490300,j. am. water resour. assoc.,1
36917490300,j. appl. ecol.,1
36917490300,landsc. ecol.,1
36917490300,oikos,1
36917490300,plant cell environ.,1
7401917107,ambio,1
7401917107,ann. new york acad. sci.,1
7401917107,ann. rev. ecol. evol. syst.,1
7401917107,aquatic conserv. mar. freshw. ecosyst.,1
7401917107,biol. conserv.,1
7401917107,bioscience,1
7401917107,curr. opin. environ. sustainability,1
7401917107,ecol. appl.,1
7401917107,ecol. eng.,1
7401917107,ecology,1
7401917107,ecol. soc.,1
7401917107,ecosystems,1
7401917107,environ. manage.,1
7401917107,environ. sci. technol.,1
7401917107,estuar. coasts,1
7401917107,estuaries,1
7401917107,freshw. biol.,1
7401917107,frontiers ecol. envir.,1
7401917107,funct. ecol.,1
7401917107,hydrobiologia,1
7401917107,j. am. water resour. assoc.,1
7401917107,j. appl. ecol.,1
7401917107,j. exp. mar. biol. ecol.,1
7401917107,j. north am. benthological soc.,1
7401917107,j. soil water conserv.,1
7401917107,landsc. ecol.,1
7401917107,limnol. oceanogr.,1
7401917107,mar. biol.,1
7401917107,mar. ecol.,1
7401917107,nature,1
7401917107,oecologia,1
7401917107,oikos,1
7401917107,proc. natl. acad. sci. u. s. a.,1
7401917107,restor. ecol.,1
7401917107,science,1
7401917107,trends ecol. evol.,1
7401917107,water resour. res.,1
7401917107,wetlands,1
7003423348,acta ethol.,1
7003423348,aquatic conserv. mar. freshw. ecosyst.,1
7003423348,arch. environ. contam. toxicol.,1
7003423348,biol. conserv.,1
7003423348,can. j. fish. aquatic sci.,1
7003423348,diversity distrib.,1
7003423348,ecol. appl.,1
7003423348,ecol. indic.,1
7003423348,ecol. soc.,1
7003423348,environ. manage.,1
7003423348,environ. monit. assess.,1
7003423348,hydrobiologia,1
7003423348,j. appl. ecol.,1
7003423348,j. north am. benthological soc.,1
7003423348,north am. j. fish. manage.,1
7003423348,northeast. nat.,1
7003423348,plos one,1
7003423348,restor. ecol.,1
7003423348,trans. am. fish. soc.,1
7003423348,west. north am. nat.,1
7004651463,bull. am. meteorol. soc.,1
7004651463,clim. change,1
7004651463,ecol. appl.,1
7004651463,eos,1
7004651463,estuar. coasts,1
7004651463,geophys. res. lett.,1
7004651463,global change biol.,1
7004651463,hydrol. earth syst. sci.,1
7004651463,iahs-aish publ.,1
7004651463,int. j. climatol.,1
7004651463,j. am. water resour. assoc.,1
7004651463,j. appl. ecol.,1
7004651463,j. clim.,1
7004651463,j. geophys. res. biogeosci.,1
7004651463,j. geophys. res. c oceans,1
7004651463,j. geophys. res. d atmos.,1
7004651463,j. hydrol.,1
7004651463,j. vector ecol.,1
7004651463,lect. notes comput. sci.,1
7004651463,limnol. oceanogr.,1
7004651463,nat. geosci.,1
7004651463,plos one,1
7004651463,proc. natl. acad. sci. u. s. a.,1
7004651463,river res. appl.,1
7004651463,science,1
7004651463,sci. rep.,1
7004651463,water resour. res.,1
6602415577,bull. am. meteorol. soc.,1
6602415577,can. j. for. res.,1
6602415577,clim. change,1
6602415577,clim. dyn.,1
6602415577,clim. res.,1
6602415577,ecol. appl.,1
6602415577,ecol. informatics,1
6602415577,environ. pollut.,1
6602415577,environ.res.lett.,1
6602415577,eos,1
6602415577,frontiers ecol. envir.,1
6602415577,geophys. res. lett.,1
6602415577,global change biol.,1
6602415577,hydrol. processes,1
6602415577,int. j. climatol.,1
6602415577,j. appl. ecol.,1
6602415577,j. clim.,1
6602415577,j. geophys. res. d atmos.,1
6602415577,j. great lakes res.,1
6602415577,lect. notes comput. sci.,1
6602415577,plos one,1
6602415577,proc. natl. acad. sci. u. s. a.,1
6602415577,science,1
6602415577,theor. appl. climatol.,1
6602415577,water resour. res.,1
7005933382,aquaculture,1
7005933382,aquatic invasions,1
7005933382,biol. invasions,1
7005933382,ecol. indic.,1
7005933382,ecol. model.,1
7005933382,environ. monit. assess.,1
7005933382,ices j. mar. sci.,1
7005933382,j. appl. ecol.,1
7005933382,j. exp. mar. biol. ecol.,1
7005933382,mar. environ. res.,1
7005933382,mar. pollut. bull.,1
7005933382,new zealand j. mar. freshw. res.,1
7005933382,plos one,1
55154755200,aquaculture,1
55154755200,aquatic conserv. mar. freshw. ecosyst.,1
55154755200,biochem. syst. ecol.,1
55154755200,biol. bull.,1
55154755200,biol. conserv.,1
55154755200,biol. invasions,1
55154755200,biol. j. linn. soc.,1
55154755200,conserv. genet.,1
55154755200,conserv. gen. res.,1
55154755200,coral reefs,1
55154755200,ecol. indic.,1
55154755200,ecol. model.,1
55154755200,estuar. coast. shelf sci.,1
55154755200,evol. appl.,1
55154755200,front. mar. sci.,1
55154755200,glob chang biol,1
55154755200,glob. ecol. conserv.,1
55154755200,heredity,1
55154755200,hydrobiologia,1
55154755200,ices j. mar. sci.,1
55154755200,j. appl. ecol.,1
55154755200,j. coast. res.,1
55154755200,j. exp. mar. biol. ecol.,1
55154755200,j. fish biol.,1
55154755200,j. molluscan stud.,1
55154755200,mar. biol.,1
55154755200,mar. ecol. prog. ser.,1
55154755200,mar. environ. res.,1
55154755200,mar. policy,1
55154755200,mar. pollut. bull.,1
55154755200,mol. ecol.,1
55154755200,mol. ecol. resour.,1
55154755200,mol. phylogenet. evol.,1
55154755200,new zealand j. mar. freshw. res.,1
55154755200,ocean coast. manage.,1
55154755200,pac. conserv. biol.,1
55154755200,plos one,1
55154755200,sci. rep.,1
55154755200,sci. total environ.,1
35396633800,adv. exp. med. biol.,1
35396633800,agric. ecosyst. environ.,1
35396633800,ann. new york acad. sci.,1
35396633800,biol. fertil. soils,1
35396633800,biol. invasions,1
35396633800,commun. soil sci. plant anal.,1
35396633800,elife,1
35396633800,environ. pollut.,1
35396633800,j. appl. ecol.,1
35396633800,j. biol. chem.,1
35396633800,j. environ. qual.,1
35396633800,lancet,1
35396633800,mar. ecol. prog. ser.,1
35396633800,mar. pollut. bull.,1
35396633800,methods mol. biol.,1
35396633800,nat. commun.,1
35396633800,nat. genet.,1
35396633800,nature,1
35396633800,new zealand j. mar. freshw. res.,1
35396633800,phys rev lett,1
35396633800,plos one,1
35396633800,plos pathog.,1
35396633800,proc. natl. acad. sci. u. s. a.,1
35396633800,proc spie int soc opt eng,1
35396633800,science,1
35396633800,sci. total environ.,1
35396633800,soil biol. biochem.,1
35396633800,soil use manage.,1
35396633800,vet. rec.,1
7003807288,am. midl. nat.,1
7003807288,auk,1
7003807288,avian conserv. ecology,1
7003807288,biodiversity conserv.,1
7003807288,biol. conserv.,1
7003807288,can. j. for. res.,1
7003807288,can. j. zool.,1
7003807288,condor,1
7003807288,conserv. biol.,1
7003807288,diversity distrib.,1
7003807288,ecography,1
7003807288,ecohydrology,1
7003807288,ecol. appl.,1
7003807288,ecol. indic.,1
7003807288,ecol. model.,1
7003807288,ecology,1
7003807288,ecology and evolution,1
7003807288,ecoscience,1
7003807288,endanger. species res.,1
7003807288,environmetrics,1
7003807288,environ. monit. assess.,1
7003807288,environ rev,1
7003807288,evol. appl.,1
7003807288,for. ecol. manage.,1
7003807288,j. appl. ecol.,1
7003807288,j. plant ecol.,1
7003807288,j. raptor res.,1
7003807288,j. sustainable for.,1
7003807288,j. wildl. manage.,1
7003807288,j. zool.,1
7003807288,landsc. ecol.,1
7003807288,methods ecol. evol.,1
7003807288,mol. ecol.,1
7003807288,plos one,1
7003807288,soil biol. biochem.,1
7003807288,wetlands,1
7003807288,wildl. res.,1
7003807288,wildl. soc. bull.,1
7003807288,wilson bull.,1
7003807288,wilson j. ornithol.,1
6603194739,acta oecol.,1
6603194739,adv. ecol. res.,1
6603194739,biol. conserv.,1
6603194739,conserv. biol.,1
6603194739,environ. sci. technol.,1
6603194739,environ. toxicol. chem.,1
6603194739,estuaries,1
6603194739,freshw. biol.,1
6603194739,fundam. appl. limnol.,1
6603194739,global change biol.,1
6603194739,global environ. change,1
6603194739,j. appl. ecol.,1
6603194739,j. environ. manage.,1
6603194739,j. veg. sci.,1
6603194739,landsc. ecol.,1
6603194739,landsc. urban plann.,1
6603194739,philos. trans. r. soc. b biol. sci.,1
6603194739,prog. phys. geogr.,1
6603194739,river res. appl.,1
6603194739,sci. total environ.,1
7004220333,conserv. biol.,1
7004220333,gen. comp. endocrinol.,1
7004220333,new zealand j. zool.,1
7004220333,parasitology,1
6602555659,amphib. reptilia,1
6602555659,ann. rev. ecol. syst.,1
6602555659,behav ecol sociobiol,1
6602555659,biol. invasions,1
6602555659,bioscience,1
6602555659,copeia,1
6602555659,diversity distrib.,1
6602555659,ecology,1
6602555659,ethol. ecol. evol.,1
6602555659,ethology,1
6602555659,global ecol. biogeogr.,1
6602555659,herpetol. rev.,1
6602555659,integr. zool.,1
6602555659,j. anim. ecol.,1
6602555659,j. appl. ecol.,1
6602555659,j. biogeogr.,1
6602555659,j. herpetol.,1
6602555659,j. trop. ecol.,1
6602555659,j. wildl. manage.,1
6602555659,new zealand j. ecol.,1
6602555659,pac. sci.,1
6602555659,plos one,1
6602555659,wildl. res.,1
6602555659,wildl. soc. bull.,1
6602748382,j. appl. ecol.,1
6602748382,j. wildl. manage.,1
7004067898,am. midl. nat.,1
7004067898,auk,1
7004067898,biol. conserv.,1
7004067898,biol. invasions,1
7004067898,condor,1
7004067898,copeia,1
7004067898,diversity distrib.,1
7004067898,ecol. appl.,1
7004067898,ecology,1
7004067898,ecosphere,1
7004067898,herpetol. rev.,1
7004067898,int. j. pest manage.,1
7004067898,j. appl. ecol.,1
7004067898,j. herpetol.,1
7004067898,j. raptor res.,1
7004067898,j. wildl. dis.,1
7004067898,j. wildl. manage.,1
7004067898,nat. areas j.,1
7004067898,new zealand j. ecol.,1
7004067898,pac. sci.,1
7004067898,plos one,1
7004067898,wetlands,1
7004067898,wildl. soc. bull.,1
7004067898,wilson bull.,1
7004067898,wilson j. ornithol.,1
8860365500,herpetol. rev.,1
8860365500,integr. comp. biol.,1
8860365500,j. appl. ecol.,1
8860365500,j. biogeogr.,1
8860365500,j. herpetol.,1
8860365500,j. wildl. manage.,1
16401209100,acta ornithol.,1
16401209100,aquatic conserv. mar. freshw. ecosyst.,1
16401209100,austral ecol.,1
16401209100,biodiversity conserv.,1
16401209100,biol. conserv.,1
16401209100,biol. lett.,1
16401209100,bioscience,1
16401209100,bird conserv. int.,1
16401209100,bird study,1
16401209100,conserv. biol.,1
16401209100,conserv. lett.,1
16401209100,diversity distrib.,1
16401209100,ecography,1
16401209100,ecol. soc.,1
16401209100,emu,1
16401209100,frontiers ecol. envir.,1
16401209100,global change biol.,1
16401209100,global ecol. biogeogr.,1
16401209100,ibis,1
16401209100,j. anim. ecol.,1
16401209100,j. appl. ecol.,1
16401209100,j. environ. manage.,1
16401209100,landsc. ecol.,1
16401209100,landsc. urban plann.,1
16401209100,methods ecol. evol.,1
16401209100,nat. clim. change,1
16401209100,nat. commun.,1
16401209100,nature,1
16401209100,ostrich,1
16401209100,pac. conserv. biol.,1
16401209100,philos. trans. r. soc. b biol. sci.,1
16401209100,plos biol.,1
16401209100,plos one,1
16401209100,proc. natl. acad. sci. u. s. a.,1
16401209100,proc. r. soc. b biol. sci.,1
16401209100,prog. phys. geogr.,1
16401209100,remote sens.,1
16401209100,r. soc. open sci.,1
16401209100,science,1
16401209100,sci. rep.,1
16401209100,trends ecol. evol.,1
16401209100,urban ecosyst.,1
7103224675,am. nat.,1
7103224675,austral ecol.,1
7103224675,behav. ecol.,1
7103224675,biol. conserv.,1
7103224675,biol. invasions,1
7103224675,can. j. zool.,1
7103224675,conserv. biol.,1
7103224675,ecography,1
7103224675,ecol. lett.,1
7103224675,ecol. model.,1
7103224675,ecol. monogr.,1
7103224675,ecology,1
7103224675,ecosphere,1
7103224675,for. ecol. manage.,1
7103224675,funct. ecol.,1
7103224675,j. anim. ecol.,1
7103224675,j. appl. ecol.,1
7103224675,j. ecol.,1
7103224675,j. wildl. manage.,1
7103224675,j. zool.,1
7103224675,new zealand j. ecol.,1
7103224675,new zealand j. zool.,1
7103224675,oecologia,1
7103224675,oikos,1
7103224675,plos one,1
7103224675,proc. r. soc. b biol. sci.,1
7103224675,wildl. biol.,1
7103224675,wildl. res.,1
7103224675,wildl. soc. bull.,1
7103261878,acta theriol.,1
7103261878,anim. conserv.,1
7103261878,austral ecol.,1
7103261878,biol. conserv.,1
7103261878,biol. invasions,1
7103261878,conserv. biol.,1
7103261878,j. anim. ecol.,1
7103261878,j. appl. ecol.,1
7103261878,j. zool.,1
7103261878,new zealand j. ecol.,1
7103261878,new zealand j. zool.,1
7103261878,oecologia,1
7103261878,vet. microbiol.,1
7103261878,wildl. biol.,1
7103261878,wildl. res.,1
7103261878,wildl. soc. bull.,1
6601962247,biol. invasions,1
6601962247,conserv. lett.,1
6601962247,curr. zool.,1
6601962247,ecol. manage. restor.,1
6601962247,emu,1
6601962247,j. appl. ecol.,1
6601962247,j. field ornithol.,1
6601962247,j. wildl. dis.,1
6601962247,j. wildl. manage.,1
6601962247,mammal rev.,1
6601962247,mol. biol. evol.,1
6601962247,mol. ecol.,1
6601962247,oecologia,1
6601962247,plos one,1
6601962247,vet. microbiol.,1
6601962247,wildl. res.,1
7201551348,biol. conserv.,1
7201551348,biometrics,1
7201551348,int. j. geogr. inf. sci.,1
7201551348,j. appl. ecol.,1
7006082582,aquatic bot.,1
7006082582,aquatic invasions,1
7006082582,aust. j. ecol.,1
7006082582,austral ecol.,1
7006082582,biol. conserv.,1
7006082582,biol. invasions,1
7006082582,conserv. biol.,1
7006082582,diversity distrib.,1
7006082582,ecol. appl.,1
7006082582,ecol. indic.,1
7006082582,environ. conserv.,1
7006082582,environ. manage.,1
7006082582,environ. sci. pollut. res.,1
7006082582,j. appl. ecol.,1
7006082582,j. ecol.,1
7006082582,j. exp. mar. biol. ecol.,1
7006082582,mar. pollut. bull.,1
7006082582,new zealand j. mar. freshw. res.,1
7006082582,oecologia,1
7006082582,pac. conserv. biol.,1
7006082582,plos one,1
7006082582,sci. rep.,1
55556139400,biodiversity conserv.,1
55556139400,biol. conserv.,1
55556139400,conserv. lett.,1
55556139400,diversity distrib.,1
55556139400,ecography,1
55556139400,ecol. lett.,1
55556139400,ecol. monogr.,1
55556139400,ecology,1
55556139400,global change biol.,1
55556139400,global ecol. biogeogr.,1
55556139400,nature,1
55556139400,oikos,1
55556139400,proc. natl. acad. sci. u. s. a.,1
55556139400,proc. r. soc. b biol. sci.,1
55556139400,trends ecol. evol.,1
55556139400,water resour. res.,1
7202204267,basic appl. ecol.,1
7202204267,biodiversity conserv.,1
7202204267,biol. conserv.,1
7202204267,conserv. biol.,1
7202204267,conserv. genet.,1
7202204267,diversity distrib.,1
7202204267,ecography,1
7202204267,ecol. entomol.,1
7202204267,ecol. lett.,1
7202204267,ecology,1
7202204267,ecology and evolution,1
7202204267,entomol. exp. appl.,1
7202204267,eur. j. entomol.,1
7202204267,front. plant sci.,1
7202204267,funct. ecol.,1
7202204267,fungal ecol.,1
7202204267,global change biol.,1
7202204267,j. anim. ecol.,1
7202204267,j. appl. ecol.,1
7202204267,j. biogeogr.,1
7202204267,j. chem. ecol.,1
7202204267,j. exp. bot.,1
7202204267,j. insect conserv.,1
7202204267,j. insect sci.,1
7202204267,j. plant ecol.,1
7202204267,landsc. ecol.,1
7202204267,mol. ecol.,1
7202204267,nat. commun.,1
7202204267,nature,1
7202204267,oecologia,1
7202204267,oikos,1
7202204267,pedobiologia,1
7202204267,peerj,1
7202204267,philos. trans. r. soc. b biol. sci.,1
7202204267,plos biol.,1
7202204267,plos one,1
7202204267,proc. natl. acad. sci. u. s. a.,1
7202204267,proc. r. soc. b biol. sci.,1
7202204267,sci. rep.,1
7202204267,trends ecol. evol.,1
7004114191,acta hortic.,1
7004114191,agric. ecosyst. environ.,1
7004114191,agric. for. entomol.,1
7004114191,agrofor. syst.,1
7004114191,am. j. bot.,1
7004114191,apidologie,1
7004114191,basic appl. ecol.,1
7004114191,biodiversity conserv.,1
7004114191,biol. conserv.,1
7004114191,biol. invasions,1
7004114191,biol. rev.,1
7004114191,biotropica,1
7004114191,bmc ecol.,1
7004114191,conserv. biol.,1
7004114191,conserv. genet.,1
7004114191,curr. biol.,1
7004114191,curr. opin. insect sci.,1
7004114191,diversity distrib.,1
7004114191,ecography,1
7004114191,ecol. appl.,1
7004114191,ecol. entomol.,1
7004114191,ecol. lett.,1
7004114191,ecol. monogr.,1
7004114191,ecology,1
7004114191,ecology and evolution,1
7004114191,ecol. res.,1
7004114191,environ. monit. assess.,1
7004114191,eur. j. entomol.,1
7004114191,for. ecol. manage.,1
7004114191,front. plant sci.,1
7004114191,funct. ecol.,1
7004114191,global change biol.,1
7004114191,global ecol. biogeogr.,1
7004114191,glob. ecol. conserv.,1
7004114191,j. anim. ecol.,1
7004114191,j. appl. ecol.,1
7004114191,j. biogeogr.,1
7004114191,j. comp. physiol. a neuroethol. sens. neural. behav. physiol.,1
7004114191,j. ecol.,1
7004114191,j. exp. bot.,1
7004114191,j. insect conserv.,1
7004114191,landsc. ecol.,1
7004114191,methods ecol. evol.,1
7004114191,microb. ecol.,1
7004114191,mol. ecol.,1
7004114191,nat. commun.,1
7004114191,nat. conserv.,1
7004114191,nature,1
7004114191,oecologia,1
7004114191,oikos,1
7004114191,peerj,1
7004114191,perspect. plant ecol. evol. syst.,1
7004114191,philos. trans. r. soc. b biol. sci.,1
7004114191,plant biol.,1
7004114191,plos one,1
7004114191,proc. biol. sci.,1
7004114191,proc. natl. acad. sci. u. s. a.,1
7004114191,proc. r. soc. b biol. sci.,1
7004114191,science,1
7004114191,sci. rep.,1
7004114191,trends ecol. evol.,1
7004114191,verh. ges. okol.,1
7202368535,anim. conserv.,1
7202368535,biodiversity conserv.,1
7202368535,biol. conserv.,1
7202368535,biol. invasions,1
7202368535,biol. j. linn. soc.,1
7202368535,bird study,1
7202368535,clim. res.,1
7202368535,community ecol.,1
7202368535,diversity distrib.,1
7202368535,ecol. entomol.,1
7202368535,ecol. lett.,1
7202368535,for. ecol. manage.,1
7202368535,global change biol.,1
7202368535,ibis,1
7202368535,insect conserv. diversity,1
7202368535,j. anim. ecol.,1
7202368535,j. appl. ecol.,1
7202368535,j. ornithol.,1
7202368535,j. veg. sci.,1
7202368535,j. zool.,1
7202368535,methods ecol. evol.,1
7202368535,plos one,1
7202368535,proc. r. soc. b biol. sci.,1
7202368535,trends ecol. evol.,1
7202368535,wilson bull.,1
14025403600,biodiversity conserv.,1
14025403600,biol. conserv.,1
14025403600,biol. j. linn. soc.,1
14025403600,conserv. biol.,1
14025403600,conserv. lett.,1
14025403600,ecography,1
14025403600,ecol. entomol.,1
14025403600,ecol. indic.,1
14025403600,ecol. lett.,1
14025403600,ecology,1
14025403600,global change biol.,1
14025403600,insect conserv. diversity,1
14025403600,j. appl. ecol.,1
14025403600,j. insect conserv.,1
14025403600,methods ecol. evol.,1
14025403600,nat. clim. change,1
14025403600,nature,1
14025403600,peerj,1
14025403600,philos. trans. r. soc. b biol. sci.,1
14025403600,plos one,1
14025403600,proc. natl. acad. sci. u. s. a.,1
14025403600,proc. r. soc. b biol. sci.,1
14025403600,science,1
25959339500,conserv. biol.,1
25959339500,ecol. lett.,1
25959339500,j. appl. ecol.,1
7005094402,acta oecol.,1
7005094402,am. nat.,1
7005094402,anim. behav.,1
7005094402,anim. biodiversity conserv.,1
7005094402,anim. conserv.,1
7005094402,ardea,1
7005094402,auk,1
7005094402,behav. ecol.,1
7005094402,behav. ecol. sociobiol.,1
7005094402,biol. conserv.,1
7005094402,bioscience,1
7005094402,bird study,1
7005094402,condor,1
7005094402,conserv. biol.,1
7005094402,diversity distrib.,1
7005094402,ecography,1
7005094402,ecol. appl.,1
7005094402,ecol. lett.,1
7005094402,ecol. model.,1
7005094402,ecology,1
7005094402,ecology and evolution,1
7005094402,environ. ecol. stat.,1
7005094402,front. zool.,1
7005094402,funct. ecol.,1
7005094402,herpetol. conserv. biol.,1
7005094402,ibis,1
7005094402,j. anim. ecol.,1
7005094402,j. appl. ecol.,1
7005094402,j. avian biol.,1
7005094402,j. herpetol.,1
7005094402,j. ornithol.,1
7005094402,j. pest sci.,1
7005094402,j. zool.,1
7005094402,methods ecol. evol.,1
7005094402,nat. commun.,1
7005094402,nature,1
7005094402,oecologia,1
7005094402,oikos,1
7005094402,plos one,1
7005094402,proc. r. soc. b biol. sci.,1
7005094402,ringing migr.,1
7005094402,wildl. biol.,1
6701361869,acta oecol.,1
6701361869,anim. conserv.,1
6701361869,behav. ecol.,1
6701361869,biol. conserv.,1
6701361869,biol. j. linn. soc.,1
6701361869,bird study,1
6701361869,conserv. biol.,1
6701361869,conserv. genet.,1
6701361869,conserv. lett.,1
6701361869,ecol. appl.,1
6701361869,ecol. model.,1
6701361869,ecology and evolution,1
6701361869,ecoscience,1
6701361869,evol. ecol.,1
6701361869,funct. ecol.,1
6701361869,ibis,1
6701361869,j. anim. ecol.,1
6701361869,j. appl. ecol.,1
6701361869,j. ornithol.,1
6701361869,oikos,1
6701361869,oryx,1
6701361869,philos. trans. r. soc. b biol. sci.,1
6701361869,plos one,1
6701361869,rev. ecol. terre vie,1
6701361869,ringing migr.,1
6701361869,science,1
6701361869,trends ecol. evol.,1
22958116500,biol. invasions,1
22958116500,ecol. indic.,1
22958116500,ecosphere,1
22958116500,environ. manage.,1
22958116500,freshw. biol.,1
22958116500,hydrobiologia,1
22958116500,j. appl. ecol.,1
22958116500,j. north am. benthological soc.,1
22958116500,river res. appl.,1
6701413555,ann. limnol.,1
6701413555,arch. hydrobiol.,1
6701413555,basic appl. ecol.,1
6701413555,biodiversity conserv.,1
6701413555,biol. invasions,1
6701413555,c. r. biol.,1
6701413555,ecography,1
6701413555,ecol. indic.,1
6701413555,ecology,1
6701413555,ecosystems,1
6701413555,environ. conserv.,1
6701413555,environ. ecol. stat.,1
6701413555,environ. monit. assess.,1
6701413555,environ. pollut.,1
6701413555,environ. res.,1
6701413555,freshwater sci.,1
6701413555,freshw. biol.,1
6701413555,fundam. appl. limnol.,1
6701413555,global change biol.,1
6701413555,global environ. change,1
6701413555,hydrobiologia,1
6701413555,ices j. mar. sci.,1
6701413555,int. rev. hydrobiol.,1
6701413555,j. appl. ecol.,1
6701413555,j. biogeogr.,1
6701413555,j. fish biol.,1
6701413555,j. north am. benthological soc.,1
6701413555,landsc. ecol.,1
6701413555,limnol. oceanogr.,1
6701413555,limnologica,1
6701413555,mar. ecol. prog. ser.,1
6701413555,mol. ecol. resour.,1
6701413555,oecologia,1
6701413555,peerj,1
6701413555,river res. appl.,1
6701413555,sci. total environ.,1
6701413555,water res.,1
6701413555,zootaxa,1
7004590033,ann. limnol.,1
7004590033,aquatic bot.,1
7004590033,aquatic conserv. mar. freshw. ecosyst.,1
7004590033,aquatic sci.,1
7004590033,arch. hydrobiol.,1
7004590033,biodiversity conserv.,1
7004590033,biol. conserv.,1
7004590033,biol. invasions,1
7004590033,coral reefs,1
7004590033,ecol. model.,1
7004590033,ecosphere,1
7004590033,environ. earth sci.,1
7004590033,environ. pollut.,1
7004590033,environ. sci. policy,1
7004590033,freshw. biol.,1
7004590033,hydrobiologia,1
7004590033,int. rev. hydrobiol.,1
7004590033,j. appl. ecol.,1
7004590033,j. evol. biol.,1
7004590033,j. insect conserv.,1
7004590033,j. north am. benthological soc.,1
7004590033,mol. ecol.,1
7004590033,river res. appl.,1
7004590033,sci. total environ.,1
7004590033,verh. ges. okol.,1
6602306841,aquatic conserv. mar. freshw. ecosyst.,1
6602306841,biol. invasions,1
6602306841,environ. biol. fishes,1
6602306841,freshw. biol.,1
6602306841,j. appl. ecol.,1
6602306841,j. fish biol.,1
6602306841,limnol. oceanogr.,1
6602306841,limnologica,1
6602306841,oecologia,1
6602306841,oikos,1
6602306841,river res. appl.,1
6602306841,water resour. res.,1
7006851439,acta oecol.,1
7006851439,afr. j. ecol.,1
7006851439,agric. ecosyst. environ.,1
7006851439,ambio,1
7006851439,ann. zool. fenn.,1
7006851439,arctic antarct. alp. res.,1
7006851439,biodiversity conserv.,1
7006851439,biol. conserv.,1
7006851439,can. j. zool.,1
7006851439,ecography,1
7006851439,ecology,1
7006851439,ecology and evolution,1
7006851439,ecol. res.,1
7006851439,ecosphere,1
7006851439,ecosystems,1
7006851439,environ. conserv.,1
7006851439,environ. manage.,1
7006851439,for. ecol. manage.,1
7006851439,global change biol.,1
7006851439,hum. ecol.,1
7006851439,j. appl. ecol.,1
7006851439,j. arid environ.,1
7006851439,j. biogeogr.,1
7006851439,j. ecol.,1
7006851439,j. trop. ecol.,1
7006851439,j. wildl. manage.,1
7006851439,j. zool.,1
7006851439,landsc. urban plann.,1
7006851439,oecologia,1
7006851439,oikos,1
7006851439,oryx,1
7006851439,plant ecol.,1
7006851439,plos one,1
7006851439,polar biol.,1
7006851439,rangeland ecol. manage.,1
7006851439,s. afr. j. sci.,1
7006851439,soc. nat. res.,1
7006851439,wetlands,1
7006851439,wetlands ecol. manage.,1
7006851439,wildl. biol.,1
6602469064,acta oecol.,1
6602469064,afr. j. ecol.,1
6602469064,ambio,1
6602469064,aquatic bot.,1
6602469064,arctic antarct. alp. res.,1
6602469064,can. j. for. res.,1
6602469064,ecography,1
6602469064,ecol. appl.,1
6602469064,ecoscience,1
6602469064,ecosphere,1
6602469064,ecosystems,1
6602469064,j. appl. ecol.,1
6602469064,j. arid environ.,1
6602469064,j. biogeogr.,1
6602469064,j. veg. sci.,1
6602469064,plant ecol.,1
6602469064,plant ecol. diversity,1
6602469064,scand. j. for. res.,1
6602469064,vegetatio,1
7006032547,arch. hydrobiol.,1
7006032547,austral ecol.,1
7006032547,behav. ecol.,1
7006032547,biocontrol sci. technol.,1
7006032547,biol. control,1
7006032547,biol. invasions,1
7006032547,biol. lett.,1
7006032547,biotropica,1
7006032547,bmc ecol.,1
7006032547,bull. entomol. res.,1
7006032547,can. entomol.,1
7006032547,can. j. zool.,1
7006032547,deep-sea res. part i oceanogr. res. pap.,1
7006032547,diversity distrib.,1
7006032547,ecography,1
7006032547,ecohealth,1
7006032547,ecol. entomol.,1
7006032547,ecol. lett.,1
7006032547,ecology,1
7006032547,ecology and evolution,1
7006032547,entomol. exp. appl.,1
7006032547,environ. entomol.,1
7006032547,exp. appl. acarol.,1
7006032547,hydrobiologia,1
7006032547,insectes sociaux,1
7006032547,j. anim. ecol.,1
7006032547,j. appl. ecol.,1
7006032547,j. appl. entomol.,1
7006032547,j. econ. entomol.,1
7006032547,j. med. entomol.,1
7006032547,j. trop. ecol.,1
7006032547,j. vector ecol.,1
7006032547,microb. ecol.,1
7006032547,new zealand j. mar. freshw. res.,1
7006032547,new zealand j. zool.,1
7006032547,oecologia,1
7006032547,oikos,1
7006032547,pac. conserv. biol.,1
7006032547,pac. sci.,1
7006032547,pest manage. sci.,1
7006032547,plos one,1
7006032547,popul. ecol.,1
7006032547,proc. natl. acad. sci. u. s. a.,1
7006032547,proc. r. soc. b biol. sci.,1
7006032547,sci. rep.,1
7006032547,sociobiology,1
25959145600,biodiversity conserv.,1
25959145600,biol. j. linn. soc.,1
25959145600,biotropica,1
25959145600,ecography,1
25959145600,ecology and evolution,1
25959145600,evol. ecol.,1
25959145600,j. anim. ecol.,1
25959145600,j. appl. ecol.,1
25959145600,mar. ecol.,1
25959145600,nature,1
25959145600,oikos,1
25959145600,peerj,1
7003499228,acta chiropterologica,1
7003499228,am. j. trop. med. hyg.,1
7003499228,am. nat.,1
7003499228,ann. entomol. soc. am.,1
7003499228,ann. rev. ecol. evol. syst.,1
7003499228,ann. rev. ecol. syst.,1
7003499228,biodiversity conserv.,1
7003499228,biol. conserv.,1
7003499228,biol. j. linn. soc.,1
7003499228,bioscience,1
7003499228,biotropica,1
7003499228,bull. am. meteorol. soc.,1
7003499228,conserv. biol.,1
7003499228,diversity distrib.,1
7003499228,ecography,1
7003499228,ecol. appl.,1
7003499228,ecol. entomol.,1
7003499228,ecol. lett.,1
7003499228,ecol. model.,1
7003499228,ecol. monogr.,1
7003499228,ecology,1
7003499228,ecology and evolution,1
7003499228,ecosystems,1
7003499228,environ. entomol.,1
7003499228,evol. ecol.,1
7003499228,evol. ecol. res.,1
7003499228,for. ecol. manage.,1
7003499228,global ecol. biogeogr.,1
7003499228,hydrobiologia,1
7003499228,ibis,1
7003499228,j. agric. biol. environ.,1
7003499228,j. anim. ecol.,1
7003499228,j. appl. ecol.,1
7003499228,j. biogeogr.,1
7003499228,j. mammal.,1
7003499228,j. molluscan stud.,1
7003499228,j. north am. benthological soc.,1
7003499228,j. trop. ecol.,1
7003499228,methods ecol. evol.,1
7003499228,nature,1
7003499228,oecologia,1
7003499228,oikos,1
7003499228,paleobiology,1
7003499228,peerj,1
7003499228,plant soil,1
7003499228,plos biol.,1
7003499228,plos one,1
7003499228,science,1
7003499228,soil biol. biochem.,1
7003499228,southwest. nat.,1
7003499228,syst. biol.,1
7003499228,theor. ecol.,1
7003499228,wetlands,1
6602459329,am. nat.,1
6602459329,anim. behav.,1
6602459329,behav. ecol.,1
6602459329,biol. rev.,1
6602459329,condor,1
6602459329,ecology and evolution,1
6602459329,evol. ecol.,1
6602459329,genetica,1
6602459329,genome res.,1
6602459329,heredity,1
6602459329,j. anim. ecol.,1
6602459329,j. appl. ecol.,1
6602459329,j. evol. biol.,1
6602459329,j. ornithol.,1
6602459329,mol. ecol.,1
6602459329,nat. commun.,1
6602459329,ornis fenn.,1
6602459329,proc. r. soc. b biol. sci.,1
6602459329,science,1
6602459329,trends ecol. evol.,1
7006510898,adv. study behav.,1
7006510898,am. nat.,1
7006510898,anim. behav.,1
7006510898,ardea,1
7006510898,auk,1
7006510898,behav. ecol.,1
7006510898,behaviour,1
7006510898,biol. conserv.,1
7006510898,biol. lett.,1
7006510898,biol. rev.,1
7006510898,biol. rev. camb. philos. soc.,1
7006510898,ecol. model.,1
7006510898,ecology,1
7006510898,ecol. soc.,1
7006510898,estuar. coasts,1
7006510898,evol. ecol.,1
7006510898,evolution,1
7006510898,global change biol.,1
7006510898,ibis,1
7006510898,int. j. appl. earth obs. geoinformation,1
7006510898,j. anim. ecol.,1
7006510898,j. appl. ecol.,1
7006510898,j. avian biol.,1
7006510898,j. biogeogr.,1
7006510898,mar. biol.,1
7006510898,nature,1
7006510898,ocean coast. manage.,1
7006510898,oikos,1
7006510898,philos. trans. r. soc. b biol. sci.,1
7006510898,plos one,1
7006510898,polar biol.,1
7006510898,proc. r. soc. b biol. sci.,1
7006510898,wildfowl,1
7006510898,wilson j. ornithol.,1
8974159800,am. nat.,1
8974159800,anim. biodiversity conserv.,1
8974159800,biol. lett.,1
8974159800,biometrics,1
8974159800,bird study,1
8974159800,conserv. biol.,1
8974159800,ecography,1
8974159800,ecol. appl.,1
8974159800,ecol. model.,1
8974159800,ecology,1
8974159800,ecology and evolution,1
8974159800,evolution,1
8974159800,j. agric. biol. environ.,1
8974159800,j. anim. ecol.,1
8974159800,j. appl. ecol.,1
8974159800,j. ecol.,1
8974159800,j. ornithol.,1
8974159800,landsc. ecol.,1
8974159800,mar. ecol. prog. ser.,1
8974159800,math. biosci.,1
8974159800,methods ecol. evol.,1
8974159800,oecologia,1
8974159800,oikos,1
8974159800,plos one,1
8974159800,popul. ecol.,1
8974159800,theor. popul. biol.,1
8974159800,wildl. soc. bull.,1
7003520954,acta oecol.,1
7003520954,adv. ecol. res.,1
7003520954,am. nat.,1
7003520954,anim. biodiversity conserv.,1
7003520954,ann. bot.,1
7003520954,auk,1
7003520954,avian conserv. ecology,1
7003520954,biol. conserv.,1
7003520954,biol. lett.,1
7003520954,biol. rev.,1
7003520954,biometrics,1
7003520954,bird study,1
7003520954,can. j. fish. aquatic sci.,1
7003520954,condor,1
7003520954,conserv. biol.,1
7003520954,ecography,1
7003520954,ecol. appl.,1
7003520954,ecol. model.,1
7003520954,ecol. monogr.,1
7003520954,ecology,1
7003520954,ecology and evolution,1
7003520954,ecoscience,1
7003520954,evolution,1
7003520954,global change biol.,1
7003520954,ibis,1
7003520954,j. agric. biol. environ.,1
7003520954,j. anim. ecol.,1
7003520954,j. appl. ecol.,1
7003520954,j. avian biol.,1
7003520954,j. ecol.,1
7003520954,j. evol. biol.,1
7003520954,j. ornithol.,1
7003520954,j. wildl. manage.,1
7003520954,mar. ecol. prog. ser.,1
7003520954,mari. mamm. sci.,1
7003520954,methods ecol. evol.,1
7003520954,oecologia,1
7003520954,oikos,1
7003520954,plos one,1
7003520954,popul. ecol.,1
7003520954,proc. natl. acad. sci. u. s. a.,1
7003520954,proc. r. soc. b biol. sci.,1
7003520954,rev. ecol. terre vie,1
7003520954,sci. rep.,1
7003520954,theor. popul. biol.,1
7003520954,trends ecol. evol.,1
7003520954,wildl. biol.,1
6603087040,environ. monit. assess.,1
6603087040,environ. pollut.,1
6603087040,hydrobiologia,1
6603087040,j. appl. ecol.,1
6603087040,ringing migr.,1
7004383496,acta oecol.,1
7004383496,am. nat.,1
7004383496,aquatic bot.,1
7004383496,ardea,1
7004383496,auk,1
7004383496,aust. j. zool.,1
7004383496,basic appl. ecol.,1
7004383496,behav. ecol.,1
7004383496,biol. lett.,1
7004383496,comp. biochem. physiol. a mol. integr. physiol.,1
7004383496,condor,1
7004383496,conserv. biol.,1
7004383496,ecohealth,1
7004383496,ecohydrology,1
7004383496,ecol. lett.,1
7004383496,ecology,1
7004383496,ecology and evolution,1
7004383496,emerg. infect. dis.,1
7004383496,emu,1
7004383496,freshw. biol.,1
7004383496,funct. ecol.,1
7004383496,gen. comp. endocrinol.,1
7004383496,hydrobiologia,1
7004383496,ibis,1
7004383496,infec. genet. evol.,1
7004383496,integr. comp. biol.,1
7004383496,isot. environ. health stud.,1
7004383496,j. anim. ecol.,1
7004383496,j. appl. ecol.,1
7004383496,j. avian biol.,1
7004383496,j. biogeogr.,1
7004383496,j. comp. physiol. b biochem. syst. environ. physiol.,1
7004383496,j. ecol.,1
7004383496,j. exp. biol.,1
7004383496,j. field ornithol.,1
7004383496,j. ornithol.,1
7004383496,j. theor. biol.,1
7004383496,mol. ecol.,1
7004383496,mov. ecol.,1
7004383496,nature,1
7004383496,oecologia,1
7004383496,oikos,1
7004383496,philos. trans. r. soc. b biol. sci.,1
7004383496,plos one,1
7004383496,polar biol.,1
7004383496,proc. r. soc. b biol. sci.,1
7004383496,science,1
6701777858,antarct. sci.,1
6701777858,auk,1
6701777858,austral ecol.,1
6701777858,biol. conserv.,1
6701777858,biometrics,1
6701777858,bmc evol. biol.,1
6701777858,deep-sea res. part ii top. stud. oceanogr.,1
6701777858,deep-sea res. part i oceanogr. res. pap.,1
6701777858,ecography,1
6701777858,ecology,1
6701777858,global change biol.,1
6701777858,glob. ecol. conserv.,1
6701777858,j. agric. biol. environ.,1
6701777858,j. appl. ecol.,1
6701777858,j. mar. syst.,1
6701777858,j. zool.,1
6701777858,mammalia,1
6701777858,mar. biol.,1
6701777858,mar. ecol. prog. ser.,1
6701777858,mari. mamm. sci.,1
6701777858,mar. ornithol.,1
6701777858,oecologia,1
6701777858,plos one,1
6701777858,polar biol.,1
6701777858,remote sens. environ.,1
6701777858,r. soc. open sci.,1
6701777858,wildl. res.,1
6701777858,wildl. soc. bull.,1
8593965400,anim. behav.,1
8593965400,antarct. sci.,1
8593965400,behav. ecol.,1
8593965400,behav. ecol. sociobiol.,1
8593965400,ecology,1
8593965400,ecology and evolution,1
8593965400,ecosphere,1
8593965400,emu,1
8593965400,eur. j. entomol.,1
8593965400,evol. appl.,1
8593965400,for. ecol. manage.,1
8593965400,j. anim. ecol.,1
8593965400,j. appl. ecol.,1
8593965400,j. avian biol.,1
8593965400,j. evol. biol.,1
8593965400,j. insect sci.,1
8593965400,j. ornithol.,1
8593965400,j. wildl. dis.,1
8593965400,mol. ecol.,1
8593965400,new zealand j. ecol.,1
8593965400,oecologia,1
8593965400,ostrich,1
8593965400,plos one,1
8593965400,polar biol.,1
8593965400,trends ecol. evol.,1
8593965400,wildl. res.,1
7004498228,agric. ecosyst. environ.,1
7004498228,basic appl. ecol.,1
7004498228,biol. conserv.,1
7004498228,biol. rev.,1
7004498228,ecol. entomol.,1
7004498228,ecol. lett.,1
7004498228,ecol. monogr.,1
7004498228,ecology and evolution,1
7004498228,ecol. res.,1
7004498228,ecosphere,1
7004498228,environ. monit. assess.,1
7004498228,j. appl. ecol.,1
7004498228,j. biogeogr.,1
7004498228,landsc. ecol.,1
7004498228,mol. ecol.,1
7004498228,nat. commun.,1
7004498228,nature,1
7004498228,oecologia,1
7004498228,peerj,1
7004498228,philos. trans. r. soc. b biol. sci.,1
7004498228,plos one,1
7004498228,proc. natl. acad. sci. u. s. a.,1
7004498228,proc. r. soc. b biol. sci.,1
7004498228,science,1
7004498228,sci. rep.,1
7004498228,wetlands,1
25959255100,deep-sea res. part ii top. stud. oceanogr.,1
25959255100,frontiers ecol. envir.,1
25959255100,j. appl. ecol.,1
25959255100,j. exp. mar. biol. ecol.,1
7102304265,acta hortic.,1
7102304265,am. nat.,1
7102304265,ann. bot.,1
7102304265,atmos. environ.,1
7102304265,aust. j. bot.,1
7102304265,austral ecol.,1
7102304265,biol. invasions,1
7102304265,clim. change,1
7102304265,diversity distrib.,1
7102304265,ecography,1
7102304265,ecohydrology,1
7102304265,ecol. lett.,1
7102304265,ecology,1
7102304265,ecosphere,1
7102304265,field crops res.,1
7102304265,funct. ecol.,1
7102304265,funct. plant biol.,1
7102304265,j. appl. ecol.,1
7102304265,j. arid environ.,1
7102304265,j. biogeogr.,1
7102304265,j. ecol.,1
7102304265,j. exp. bot.,1
7102304265,j. plant physiol.,1
7102304265,j. veg. sci.,1
7102304265,mycorrhiza,1
7102304265,new phytol.,1
7102304265,oecologia,1
7102304265,palaeogeogr. palaeoclimatol. palaeoecol.,1
7102304265,physiol. plant.,1
7102304265,plant cell environ.,1
7102304265,plant ecol.,1
7102304265,plant physiol.,1
7102304265,plant soil,1
7102304265,plos one,1
7102304265,s. afr. j. bot.,1
7102304265,s. afr. j. sci.,1
7102304265,sci. rep.,1
7401871797,acta oecol.,1
7401871797,agric. ecosyst. environ.,1
7401871797,am. j. bot.,1
7401871797,appl. veg. sci.,1
7401871797,biocontrol,1
7401871797,biol. control,1
7401871797,bull. entomol. res.,1
7401871797,diversity distrib.,1
7401871797,ecol. entomol.,1
7401871797,ecol. model.,1
7401871797,ecology,1
7401871797,environ. manage.,1
7401871797,fla. entomol.,1
7401871797,frontiers ecol. envir.,1
7401871797,ibis,1
7401871797,j. appl. ecol.,1
7401871797,oecologia,1
7401871797,physiol.entomol.,1
7401871797,plant ecol.,1
7401871797,s. afr. j. bot.,1
7401871797,s. afr. j. sci.,1
16040186000,am. nat.,1
16040186000,biodiversity conserv.,1
16040186000,biol. invasions,1
16040186000,biol. rev.,1
16040186000,conserv. biol.,1
16040186000,ecol. appl.,1
16040186000,ecol. model.,1
16040186000,ecology,1
16040186000,ecology and evolution,1
16040186000,ecol. res.,1
16040186000,ecosyst. serv.,1
16040186000,evol. ecol.,1
16040186000,for. ecol. manage.,1
16040186000,freshw. biol.,1
16040186000,global change biol.,1
16040186000,insect conserv. diversity,1
16040186000,j. appl. ecol.,1
16040186000,j. ecol.,1
16040186000,j. veg. sci.,1
16040186000,methods ecol. evol.,1
16040186000,nord. j. bot.,1
16040186000,oikos,1
16040186000,perspect. plant ecol. evol. syst.,1
16040186000,plant ecol.,1
16040186000,plos one,1
16040186000,popul. ecol.,1
16040186000,proc. r. soc. b biol. sci.,1
16040186000,theor. ecol.,1
11941036900,am. midl. nat.,1
11941036900,biol. invasions,1
11941036900,can. j. fish. aquatic sci.,1
11941036900,conserv. biol.,1
11941036900,diversity distrib.,1
11941036900,ecol. appl.,1
11941036900,ecology and evolution,1
11941036900,freshw. biol.,1
11941036900,hydrobiologia,1
11941036900,ices j. mar. sci.,1
11941036900,j. appl. ecol.,1
11941036900,j. exp. mar. biol. ecol.,1
11941036900,j. mar. biol. assoc. u.k.,1
11941036900,mol. ecol.,1
7102184571,appl. geogr.,1
7102184571,ardea,1
7102184571,auk,1
7102184571,condor,1
7102184571,deep-sea res. part ii top. stud. oceanogr.,1
7102184571,deep-sea res. part i oceanogr. res. pap.,1
7102184571,endanger. species res.,1
7102184571,environ rev,1
7102184571,estuar. coast. shelf sci.,1
7102184571,front. mar. sci.,1
7102184571,j. appl. ecol.,1
7102184571,j. avian biol.,1
7102184571,lect. notes comput. sci.,1
7102184571,mar. ecol. prog. ser.,1
7102184571,mar. ornithol.,1
7102184571,mar. pollut. bull.,1
7102184571,ocean coast. manage.,1
7102184571,sci. total environ.,1
6601948109,aquaculture,1
6601948109,aquatic ecol.,1
6601948109,aquatic invasions,1
6601948109,arch. hydrobiol.,1
6601948109,biol. invasions,1
6601948109,conserv. gen. res.,1
6601948109,diversity distrib.,1
6601948109,environ. manage.,1
6601948109,environ. pollut.,1
6601948109,genome,1
6601948109,global change biol.,1
6601948109,heredity,1
6601948109,hydrobiologia,1
6601948109,ices j. mar. sci.,1
6601948109,j anim ecol,1
6601948109,j. appl. ecol.,1
6601948109,j. exp. mar. biol. ecol.,1
6601948109,j. great lakes res.,1
6601948109,mar. biol.,1
6601948109,mar. ecol.,1
6601948109,mar. ecol. prog. ser.,1
6601948109,mar. ornithol.,1
6601948109,mar. policy,1
6601948109,mol. ecol. resour.,1
6601948109,mol. phylogenet. evol.,1
6601948109,nature,1
6601948109,oikos,1
6601948109,polar biol.,1
6601948109,prog. oceanogr.,1
7101951649,agric. ecosyst. environ.,1
7101951649,am. j. bot.,1
7101951649,basic appl. ecol.,1
7101951649,biol. conserv.,1
7101951649,ecology,1
7101951649,entomol. exp. appl.,1
7101951649,j. appl. ecol.,1
7101951649,j. ecol.,1
7101951649,new phytol.,1
7101951649,oecologia,1
7101951649,oikos,1
7101951649,restor. ecol.,1
7101951649,verh. ges. okol.,1
6505457824,j. appl. ecol.,1
35242993500,acta oecol.,1
35242993500,agric. ecosyst. environ.,1
35242993500,appl. soil ecol.,1
35242993500,basic appl. ecol.,1
35242993500,biodiversity conserv.,1
35242993500,biol. conserv.,1
35242993500,biol. invasions,1
35242993500,biol. lett.,1
35242993500,biol. rev.,1
35242993500,bioscience,1
35242993500,c. r. biol.,1
35242993500,curr. opin. environ. sustainability,1
35242993500,diversity distrib.,1
35242993500,earth plan. sci. lett.,1
35242993500,ecography,1
35242993500,ecol. indic.,1
35242993500,ecol. lett.,1
35242993500,ecol. model.,1
35242993500,ecology,1
35242993500,ecol. soc.,1
35242993500,environ. monit. assess.,1
35242993500,eur. j. entomol.,1
35242993500,evol. ecol. res.,1
35242993500,geology,1
35242993500,global change biol.,1
35242993500,global ecol. biogeogr.,1
35242993500,global planet. change,1
35242993500,j. appl. ecol.,1
35242993500,j. biogeogr.,1
35242993500,j. ecol.,1
35242993500,j. veg. sci.,1
35242993500,landsc. ecol.,1
35242993500,landsc. urban plann.,1
35242993500,nat. ecol. evol.,1
35242993500,new phytol.,1
35242993500,oecologia,1
35242993500,oikos,1
35242993500,palaeogeogr. palaeoclimatol. palaeoecol.,1
35242993500,perspect. plant ecol. evol. syst.,1
35242993500,plant biol.,1
35242993500,plant ecol.,1
35242993500,plant ecol. diversity,1
35242993500,preslia,1
35242993500,proc. natl. acad. sci. u. s. a.,1
35242993500,proc. r. soc. b biol. sci.,1
35242993500,quat. int.,1
35242993500,quat. res. (usa),1
35242993500,quat. sci. rev.,1
35242993500,rev. palaeobot. palynol.,1
35242993500,science,1
35242993500,sci. total environ.,1
35242993500,soil biol. biochem.,1
35242993500,trends ecol. evol.,1
35242993500,verh. ges. okol.,1
