OTU_97.10,Right_Retroauricular_crease
OTU_97.10,Palatine_Tonsils_1
OTU_97.10001,Right_Retroauricular_crease_1
OTU_97.10001,Anterior_nares_1
OTU_97.10005,Tongue_dorsum
OTU_97.10005,Right_Antecubital_fossa
OTU_97.10005,Left_Antecubital_fossa
OTU_97.10005,Right_Antecubital_fossa_1
OTU_97.10006,Left_Retroauricular_crease
OTU_97.10006,Throat_1
OTU_97.10009,Right_Retroauricular_crease
OTU_97.10009,Hard_palate_1
OTU_97.10009,Buccal_mucosa_1
OTU_97.10009,Stool_1
OTU_97.10015,Attached_Keratinized_gingiva_1
OTU_97.10017,Left_Retroauricular_crease
OTU_97.10017,Left_Retroauricular_crease_1
OTU_97.10022,Right_Retroauricular_crease_1
OTU_97.10022,Throat
OTU_97.10022,Right_Antecubital_fossa_1
OTU_97.10026,Buccal_mucosa_1
OTU_97.10026,Anterior_nares_1
OTU_97.10030,Buccal_mucosa
OTU_97.10030,Supragingival_plaque
OTU_97.10030,Hard_palate_1
OTU_97.10030,Subgingival_plaque_1
OTU_97.10030,Anterior_nares
OTU_97.10032,Right_Antecubital_fossa
OTU_97.10035,Buccal_mucosa
OTU_97.10035,Palatine_Tonsils
OTU_97.10035,Attached_Keratinized_gingiva
OTU_97.10040,Buccal_mucosa
OTU_97.10040,Left_Retroauricular_crease
OTU_97.10040,Palatine_Tonsils
OTU_97.10046,Left_Antecubital_fossa_1
OTU_97.10046,Left_Antecubital_fossa
OTU_97.1005,Buccal_mucosa_1
OTU_97.1005,Palatine_Tonsils_1
OTU_97.10050,Subgingival_plaque_1
OTU_97.10054,Subgingival_plaque_1
OTU_97.10054,Left_Antecubital_fossa
OTU_97.10056,Right_Retroauricular_crease_1
OTU_97.10056,Hard_palate_1
OTU_97.10056,Anterior_nares_1
OTU_97.10057,Hard_palate_1
OTU_97.10057,Palatine_Tonsils_1
OTU_97.10057,Anterior_nares_1
OTU_97.10059,Right_Antecubital_fossa_1
OTU_97.10059,Anterior_nares_1
OTU_97.10066,Supragingival_plaque
OTU_97.10067,Supragingival_plaque
OTU_97.10067,Saliva_1
OTU_97.10067,Left_Antecubital_fossa
OTU_97.10067,Throat_1
OTU_97.10068,Tongue_dorsum
OTU_97.10068,Saliva
OTU_97.10068,Throat
OTU_97.10068,Anterior_nares_1
OTU_97.1007,Supragingival_plaque_1
OTU_97.1007,Hard_palate
OTU_97.1007,Palatine_Tonsils_1
OTU_97.1007,Left_Antecubital_fossa
OTU_97.10073,Attached_Keratinized_gingiva_1
OTU_97.10073,Tongue_dorsum_1
OTU_97.1008,Buccal_mucosa_1
OTU_97.1008,Attached_Keratinized_gingiva
OTU_97.10081,Right_Antecubital_fossa_1
OTU_97.10090,Right_Retroauricular_crease
OTU_97.10090,Attached_Keratinized_gingiva
OTU_97.10093,Subgingival_plaque
OTU_97.10093,Right_Antecubital_fossa
OTU_97.10093,Stool
OTU_97.10093,Left_Retroauricular_crease_1
OTU_97.10098,Supragingival_plaque_1
OTU_97.10098,Stool
OTU_97.10098,Anterior_nares_1
OTU_97.101,Left_Retroauricular_crease
OTU_97.101,Buccal_mucosa_1
OTU_97.101,Anterior_nares
OTU_97.101,Tongue_dorsum_1
OTU_97.10102,Stool
OTU_97.10102,Attached_Keratinized_gingiva
OTU_97.10103,Supragingival_plaque
OTU_97.10103,Attached_Keratinized_gingiva_1
OTU_97.10103,Stool
OTU_97.10107,Left_Retroauricular_crease
OTU_97.10108,Buccal_mucosa
OTU_97.10108,Left_Retroauricular_crease
OTU_97.10111,Left_Antecubital_fossa
OTU_97.10112,Hard_palate_1
OTU_97.10112,Subgingival_plaque_1
OTU_97.10115,Attached_Keratinized_gingiva_1
OTU_97.10115,Hard_palate
OTU_97.10118,Tongue_dorsum
OTU_97.10118,Right_Antecubital_fossa
OTU_97.10118,Stool
OTU_97.10118,Left_Antecubital_fossa
OTU_97.1012,Supragingival_plaque
OTU_97.1012,Left_Antecubital_fossa_1
OTU_97.1012,Right_Antecubital_fossa
OTU_97.1012,Left_Retroauricular_crease
OTU_97.1012,Attached_Keratinized_gingiva_1
OTU_97.10120,Stool_1
OTU_97.10120,Tongue_dorsum_1
OTU_97.10121,Supragingival_plaque_1
OTU_97.10121,Saliva_1
OTU_97.10121,Anterior_nares
OTU_97.10122,Supragingival_plaque
OTU_97.10122,Left_Retroauricular_crease
OTU_97.10125,Stool
OTU_97.10125,Throat
OTU_97.10125,Anterior_nares_1
OTU_97.10128,Saliva_1
OTU_97.10128,Anterior_nares_1
OTU_97.10134,Hard_palate_1
OTU_97.10134,Buccal_mucosa_1
OTU_97.10134,Throat
OTU_97.10134,Attached_Keratinized_gingiva
OTU_97.10138,Attached_Keratinized_gingiva
OTU_97.10138,Tongue_dorsum_1
OTU_97.1014,Anterior_nares_1
OTU_97.10152,Saliva_1
OTU_97.10152,Palatine_Tonsils_1
OTU_97.10154,Left_Retroauricular_crease_1
OTU_97.10154,Right_Antecubital_fossa_1
OTU_97.10159,Tongue_dorsum
OTU_97.10159,Palatine_Tonsils
OTU_97.10159,Throat_1
OTU_97.10169,Hard_palate
OTU_97.10169,Anterior_nares
OTU_97.10169,Anterior_nares_1
OTU_97.10177,Throat_1
OTU_97.10179,Subgingival_plaque
OTU_97.10179,Throat
OTU_97.1018,Right_Retroauricular_crease_1
OTU_97.1018,Hard_palate
OTU_97.1018,Hard_palate_1
OTU_97.1018,Throat
OTU_97.10184,Right_Antecubital_fossa
OTU_97.10184,Saliva_1
OTU_97.10184,Tongue_dorsum_1
OTU_97.10186,Buccal_mucosa_1
OTU_97.10186,Left_Retroauricular_crease_1
OTU_97.10190,Subgingival_plaque
OTU_97.10190,Saliva
OTU_97.10194,Supragingival_plaque_1
OTU_97.10194,Saliva
OTU_97.10194,Stool
OTU_97.10194,Stool_1
OTU_97.10194,Palatine_Tonsils_1
OTU_97.10194,Right_Antecubital_fossa_1
OTU_97.10198,Supragingival_plaque
OTU_97.10198,Saliva
OTU_97.10198,Attached_Keratinized_gingiva_1
OTU_97.10198,Hard_palate_1
OTU_97.10198,Anterior_nares_1
OTU_97.102,Anterior_nares
OTU_97.102,Left_Antecubital_fossa
OTU_97.10204,Hard_palate
OTU_97.10204,Stool_1
OTU_97.10204,Attached_Keratinized_gingiva
OTU_97.10211,Tongue_dorsum
OTU_97.10211,Supragingival_plaque_1
OTU_97.10211,Saliva
OTU_97.10217,Subgingival_plaque
OTU_97.10217,Stool_1
OTU_97.10217,Attached_Keratinized_gingiva
OTU_97.10220,Tongue_dorsum_1
OTU_97.10220,Right_Antecubital_fossa_1
OTU_97.10224,Left_Antecubital_fossa_1
OTU_97.10224,Attached_Keratinized_gingiva
OTU_97.10224,Left_Retroauricular_crease_1
OTU_97.10224,Left_Antecubital_fossa
OTU_97.1023,Subgingival_plaque
OTU_97.1023,Left_Retroauricular_crease
OTU_97.1023,Hard_palate
OTU_97.10231,Subgingival_plaque
OTU_97.10231,Throat
OTU_97.10231,Left_Retroauricular_crease_1
OTU_97.10233,Right_Retroauricular_crease_1
OTU_97.10237,Hard_palate_1
OTU_97.10237,Left_Antecubital_fossa
OTU_97.10237,Anterior_nares_1
OTU_97.10245,Attached_Keratinized_gingiva_1
OTU_97.10245,Buccal_mucosa_1
OTU_97.10255,Stool_1
OTU_97.10255,Saliva_1
OTU_97.10255,Right_Antecubital_fossa_1
OTU_97.10258,Right_Antecubital_fossa
OTU_97.10258,Stool
OTU_97.10258,Subgingival_plaque_1
OTU_97.1026,Stool
OTU_97.1026,Left_Antecubital_fossa
OTU_97.10260,Tongue_dorsum
OTU_97.10260,Stool
OTU_97.10260,Palatine_Tonsils_1
OTU_97.10272,Right_Antecubital_fossa_1
OTU_97.10277,Hard_palate
OTU_97.10277,Throat
OTU_97.10277,Palatine_Tonsils_1
OTU_97.10278,Subgingival_plaque
OTU_97.10280,Subgingival_plaque
OTU_97.10280,Buccal_mucosa_1
OTU_97.10280,Throat
OTU_97.10280,Throat_1
OTU_97.10280,Anterior_nares_1
OTU_97.10287,Tongue_dorsum
OTU_97.10287,Buccal_mucosa_1
OTU_97.10287,Saliva_1
OTU_97.10287,Attached_Keratinized_gingiva
OTU_97.10287,Left_Retroauricular_crease_1
OTU_97.10288,Right_Antecubital_fossa
OTU_97.10288,Saliva_1
OTU_97.10288,Tongue_dorsum_1
OTU_97.1029,Attached_Keratinized_gingiva
OTU_97.1029,Tongue_dorsum_1
OTU_97.10295,Hard_palate_1
OTU_97.10298,Hard_palate_1
OTU_97.10298,Right_Antecubital_fossa_1
OTU_97.10299,Supragingival_plaque_1
OTU_97.10299,Left_Antecubital_fossa_1
OTU_97.10299,Hard_palate
OTU_97.10299,Hard_palate_1
OTU_97.10299,Attached_Keratinized_gingiva
OTU_97.103,Right_Antecubital_fossa_1
OTU_97.1030,Buccal_mucosa_1
OTU_97.1030,Left_Retroauricular_crease_1
OTU_97.10300,Supragingival_plaque
OTU_97.10300,Saliva_1
OTU_97.10300,Attached_Keratinized_gingiva
OTU_97.10304,Stool
OTU_97.10304,Saliva_1
OTU_97.10304,Palatine_Tonsils_1
OTU_97.10304,Throat_1
OTU_97.10305,Tongue_dorsum
OTU_97.10305,Attached_Keratinized_gingiva
OTU_97.10308,Stool
OTU_97.10308,Right_Antecubital_fossa_1
OTU_97.10312,Anterior_nares_1
OTU_97.10313,Supragingival_plaque
OTU_97.10313,Stool_1
OTU_97.10324,Subgingival_plaque
OTU_97.10324,Supragingival_plaque_1
OTU_97.10324,Buccal_mucosa_1
OTU_97.10328,Right_Antecubital_fossa
OTU_97.10329,Right_Retroauricular_crease_1
OTU_97.10329,Attached_Keratinized_gingiva_1
OTU_97.10329,Subgingival_plaque_1
OTU_97.10332,Supragingival_plaque_1
OTU_97.10332,Stool_1
OTU_97.10332,Attached_Keratinized_gingiva
OTU_97.10332,Throat_1
OTU_97.10339,Supragingival_plaque_1
OTU_97.10339,Right_Antecubital_fossa
OTU_97.10339,Attached_Keratinized_gingiva_1
OTU_97.10339,Stool_1
OTU_97.10339,Throat_1
OTU_97.10344,Hard_palate_1
OTU_97.10350,Subgingival_plaque_1
OTU_97.10350,Left_Retroauricular_crease_1
OTU_97.10351,Subgingival_plaque
OTU_97.10351,Saliva_1
OTU_97.10351,Palatine_Tonsils
OTU_97.10351,Palatine_Tonsils_1
OTU_97.10353,Throat_1
OTU_97.10362,Right_Antecubital_fossa
OTU_97.10362,Stool
OTU_97.10370,Subgingival_plaque
OTU_97.10370,Right_Retroauricular_crease
OTU_97.10370,Stool
OTU_97.10370,Left_Retroauricular_crease_1
OTU_97.10384,Right_Retroauricular_crease_1
OTU_97.10384,Left_Antecubital_fossa_1
OTU_97.10384,Attached_Keratinized_gingiva_1
OTU_97.10384,Subgingival_plaque_1
OTU_97.10388,Right_Retroauricular_crease
OTU_97.10388,Left_Retroauricular_crease
OTU_97.10388,Stool
OTU_97.10388,Palatine_Tonsils
OTU_97.10389,Supragingival_plaque
OTU_97.10389,Saliva
OTU_97.10389,Anterior_nares
OTU_97.10390,Buccal_mucosa
OTU_97.10390,Left_Retroauricular_crease_1
OTU_97.10390,Left_Antecubital_fossa
OTU_97.10391,Tongue_dorsum_1
OTU_97.10395,Attached_Keratinized_gingiva_1
OTU_97.10395,Anterior_nares
OTU_97.10396,Supragingival_plaque_1
OTU_97.10396,Palatine_Tonsils
OTU_97.10396,Anterior_nares
OTU_97.104,Buccal_mucosa_1
OTU_97.104,Tongue_dorsum_1
OTU_97.1040,Attached_Keratinized_gingiva
OTU_97.10407,Left_Retroauricular_crease_1
OTU_97.10407,Right_Antecubital_fossa_1
OTU_97.10413,Right_Antecubital_fossa
OTU_97.10413,Buccal_mucosa_1
OTU_97.10413,Throat
OTU_97.10415,Supragingival_plaque
OTU_97.10415,Hard_palate
OTU_97.1042,Supragingival_plaque_1
OTU_97.1042,Subgingival_plaque_1
OTU_97.1042,Left_Antecubital_fossa
OTU_97.1042,Throat_1
OTU_97.1043,Hard_palate_1
OTU_97.1043,Buccal_mucosa_1
OTU_97.10433,Tongue_dorsum
OTU_97.10433,Hard_palate
OTU_97.10433,Stool_1
OTU_97.10433,Anterior_nares
OTU_97.10433,Anterior_nares_1
OTU_97.10439,Left_Antecubital_fossa_1
OTU_97.10439,Stool_1
OTU_97.10439,Palatine_Tonsils_1
OTU_97.10454,Right_Antecubital_fossa
OTU_97.10454,Stool_1
OTU_97.10454,Anterior_nares
OTU_97.10458,Left_Retroauricular_crease
OTU_97.10458,Saliva_1
OTU_97.10458,Throat_1
OTU_97.10459,Saliva_1
OTU_97.10459,Tongue_dorsum_1
OTU_97.10460,Hard_palate_1
OTU_97.10461,Right_Retroauricular_crease
OTU_97.10461,Throat
OTU_97.10462,Subgingival_plaque
OTU_97.10462,Palatine_Tonsils
OTU_97.10462,Tongue_dorsum_1
OTU_97.10463,Subgingival_plaque
OTU_97.10463,Right_Retroauricular_crease
OTU_97.10463,Subgingival_plaque_1
OTU_97.10463,Left_Retroauricular_crease_1
OTU_97.10466,Tongue_dorsum
OTU_97.10466,Throat
OTU_97.10466,Throat_1
OTU_97.1048,Right_Retroauricular_crease
OTU_97.1048,Buccal_mucosa_1
OTU_97.10484,Left_Retroauricular_crease
OTU_97.10484,Palatine_Tonsils
OTU_97.10484,Right_Antecubital_fossa_1
OTU_97.10484,Throat_1
OTU_97.10496,Right_Retroauricular_crease_1
OTU_97.10496,Left_Antecubital_fossa_1
OTU_97.10496,Subgingival_plaque_1
OTU_97.10496,Throat
OTU_97.10496,Left_Antecubital_fossa
OTU_97.10496,Anterior_nares_1
OTU_97.10499,Stool
OTU_97.10499,Palatine_Tonsils_1
OTU_97.10501,Supragingival_plaque
OTU_97.10501,Right_Antecubital_fossa_1
OTU_97.10507,Saliva
OTU_97.10507,Left_Antecubital_fossa_1
OTU_97.10507,Right_Retroauricular_crease
OTU_97.10507,Throat
OTU_97.10507,Left_Retroauricular_crease_1
OTU_97.1051,Hard_palate_1
OTU_97.10517,Tongue_dorsum
OTU_97.10517,Subgingival_plaque
OTU_97.10517,Hard_palate_1
OTU_97.10517,Right_Antecubital_fossa_1
OTU_97.10521,Tongue_dorsum
OTU_97.10521,Attached_Keratinized_gingiva_1
OTU_97.10521,Anterior_nares
OTU_97.10521,Left_Antecubital_fossa
OTU_97.10521,Throat_1
OTU_97.10525,Right_Antecubital_fossa
OTU_97.10525,Subgingival_plaque_1
OTU_97.10525,Palatine_Tonsils_1
OTU_97.10525,Throat_1
OTU_97.1053,Right_Retroauricular_crease_1
OTU_97.1053,Buccal_mucosa
OTU_97.1053,Subgingival_plaque_1
OTU_97.1054,Left_Retroauricular_crease
OTU_97.1054,Palatine_Tonsils
OTU_97.10542,Supragingival_plaque
OTU_97.10542,Saliva
OTU_97.10542,Palatine_Tonsils_1
OTU_97.10545,Supragingival_plaque_1
OTU_97.10545,Supragingival_plaque
OTU_97.10548,Saliva_1
OTU_97.10551,Stool_1
OTU_97.10551,Saliva_1
OTU_97.10551,Attached_Keratinized_gingiva
OTU_97.10551,Throat_1
OTU_97.10557,Supragingival_plaque_1
OTU_97.10557,Buccal_mucosa
OTU_97.10557,Attached_Keratinized_gingiva
OTU_97.10557,Palatine_Tonsils_1
OTU_97.10558,Right_Antecubital_fossa
OTU_97.10562,Right_Retroauricular_crease_1
OTU_97.10567,Buccal_mucosa
OTU_97.10567,Left_Retroauricular_crease_1
OTU_97.10570,Subgingival_plaque
OTU_97.10570,Palatine_Tonsils
OTU_97.10570,Right_Antecubital_fossa_1
OTU_97.10576,Subgingival_plaque
OTU_97.10576,Right_Antecubital_fossa
OTU_97.10576,Attached_Keratinized_gingiva
OTU_97.1058,Supragingival_plaque
OTU_97.1058,Tongue_dorsum_1
OTU_97.10581,Buccal_mucosa_1
OTU_97.10581,Stool_1
OTU_97.10581,Palatine_Tonsils_1
OTU_97.10583,Supragingival_plaque_1
OTU_97.10583,Palatine_Tonsils_1
OTU_97.1059,Throat_1
OTU_97.10590,Supragingival_plaque_1
OTU_97.10590,Hard_palate_1
OTU_97.10590,Buccal_mucosa_1
OTU_97.10590,Attached_Keratinized_gingiva
OTU_97.10590,Palatine_Tonsils_1
OTU_97.10594,Palatine_Tonsils
OTU_97.10599,Subgingival_plaque
OTU_97.10599,Buccal_mucosa
OTU_97.10599,Supragingival_plaque
OTU_97.106,Buccal_mucosa
OTU_97.106,Hard_palate_1
OTU_97.1060,Tongue_dorsum
OTU_97.1060,Saliva
OTU_97.1060,Right_Retroauricular_crease
OTU_97.1060,Throat
OTU_97.1060,Throat_1
OTU_97.1060,Anterior_nares_1
OTU_97.10602,Hard_palate
OTU_97.10602,Buccal_mucosa_1
OTU_97.10602,Throat
OTU_97.10602,Palatine_Tonsils_1
OTU_97.10602,Left_Retroauricular_crease_1
OTU_97.10602,Tongue_dorsum_1
OTU_97.10604,Hard_palate
OTU_97.10604,Hard_palate_1
OTU_97.10604,Right_Antecubital_fossa_1
OTU_97.1061,Tongue_dorsum
OTU_97.1061,Hard_palate
OTU_97.1061,Anterior_nares_1
OTU_97.10610,Right_Antecubital_fossa
OTU_97.10610,Attached_Keratinized_gingiva
OTU_97.10610,Anterior_nares
OTU_97.10611,Tongue_dorsum
OTU_97.10611,Stool
OTU_97.10613,Subgingival_plaque
OTU_97.10613,Attached_Keratinized_gingiva_1
OTU_97.10616,Tongue_dorsum
OTU_97.10616,Hard_palate
OTU_97.10616,Palatine_Tonsils
OTU_97.10623,Left_Antecubital_fossa_1
OTU_97.10623,Stool
OTU_97.10623,Subgingival_plaque_1
OTU_97.10623,Left_Antecubital_fossa
OTU_97.10627,Right_Retroauricular_crease_1
OTU_97.10627,Tongue_dorsum_1
OTU_97.10630,Supragingival_plaque
OTU_97.10637,Right_Antecubital_fossa
OTU_97.10637,Left_Retroauricular_crease
OTU_97.10637,Left_Retroauricular_crease_1
OTU_97.10637,Right_Antecubital_fossa_1
OTU_97.10639,Subgingival_plaque
OTU_97.10639,Buccal_mucosa_1
OTU_97.10643,Supragingival_plaque_1
OTU_97.10643,Right_Retroauricular_crease
OTU_97.10643,Left_Antecubital_fossa
OTU_97.10649,Saliva
OTU_97.10649,Left_Retroauricular_crease
OTU_97.10649,Attached_Keratinized_gingiva_1
OTU_97.10649,Left_Antecubital_fossa
OTU_97.1065,Left_Retroauricular_crease
OTU_97.1065,Hard_palate
OTU_97.1065,Anterior_nares
OTU_97.10651,Right_Antecubital_fossa
OTU_97.10651,Tongue_dorsum_1
OTU_97.10661,Right_Antecubital_fossa
OTU_97.10661,Stool
OTU_97.10670,Right_Retroauricular_crease
OTU_97.10670,Buccal_mucosa_1
OTU_97.10671,Attached_Keratinized_gingiva_1
OTU_97.10671,Throat_1
OTU_97.10672,Right_Retroauricular_crease
OTU_97.10676,Saliva_1
OTU_97.10676,Anterior_nares_1
OTU_97.1068,Stool_1
OTU_97.10682,Right_Retroauricular_crease_1
OTU_97.10682,Buccal_mucosa
OTU_97.10682,Right_Retroauricular_crease
OTU_97.10682,Left_Retroauricular_crease
OTU_97.10682,Left_Antecubital_fossa
OTU_97.10689,Supragingival_plaque
OTU_97.10689,Left_Antecubital_fossa_1
OTU_97.10689,Palatine_Tonsils
OTU_97.10699,Buccal_mucosa
OTU_97.10699,Attached_Keratinized_gingiva
OTU_97.107,Stool_1
OTU_97.1070,Saliva
OTU_97.1070,Right_Retroauricular_crease
OTU_97.1070,Throat_1
OTU_97.10704,Right_Retroauricular_crease_1
OTU_97.10704,Left_Antecubital_fossa_1
OTU_97.1072,Saliva
OTU_97.1072,Stool_1
OTU_97.10726,Tongue_dorsum
OTU_97.10726,Right_Retroauricular_crease_1
OTU_97.10726,Tongue_dorsum_1
OTU_97.10727,Saliva
OTU_97.10727,Buccal_mucosa_1
OTU_97.10727,Tongue_dorsum_1
OTU_97.10727,Anterior_nares_1
OTU_97.10732,Subgingival_plaque
OTU_97.10732,Left_Retroauricular_crease
OTU_97.10734,Right_Antecubital_fossa
OTU_97.10734,Stool_1
OTU_97.10734,Left_Antecubital_fossa
OTU_97.10734,Right_Antecubital_fossa_1
OTU_97.10734,Anterior_nares_1
OTU_97.10738,Buccal_mucosa
OTU_97.10738,Hard_palate
OTU_97.10739,Supragingival_plaque
OTU_97.10739,Right_Retroauricular_crease
OTU_97.10739,Palatine_Tonsils
OTU_97.10739,Attached_Keratinized_gingiva
OTU_97.1074,Tongue_dorsum
OTU_97.1074,Stool_1
OTU_97.1074,Palatine_Tonsils_1
OTU_97.10742,Supragingival_plaque
OTU_97.10742,Left_Antecubital_fossa_1
OTU_97.10742,Hard_palate_1
OTU_97.10742,Subgingival_plaque_1
OTU_97.10743,Supragingival_plaque_1
OTU_97.10743,Left_Antecubital_fossa_1
OTU_97.10743,Subgingival_plaque_1
OTU_97.10743,Palatine_Tonsils_1
OTU_97.10748,Left_Antecubital_fossa_1
OTU_97.10755,Hard_palate_1
OTU_97.10755,Stool
OTU_97.10755,Stool_1
OTU_97.10755,Throat_1
OTU_97.10764,Buccal_mucosa
OTU_97.10764,Left_Antecubital_fossa_1
OTU_97.10764,Attached_Keratinized_gingiva
OTU_97.10764,Palatine_Tonsils_1
OTU_97.10769,Buccal_mucosa_1
OTU_97.10771,Tongue_dorsum
OTU_97.10771,Left_Retroauricular_crease_1
OTU_97.10772,Right_Retroauricular_crease
OTU_97.10772,Anterior_nares
OTU_97.10772,Anterior_nares_1
OTU_97.1078,Left_Antecubital_fossa_1
OTU_97.1078,Right_Retroauricular_crease
OTU_97.10783,Right_Retroauricular_crease_1
OTU_97.10783,Throat
OTU_97.10783,Anterior_nares_1
OTU_97.10789,Saliva
OTU_97.10789,Left_Retroauricular_crease_1
OTU_97.10789,Throat_1
OTU_97.10795,Supragingival_plaque_1
OTU_97.10795,Saliva
OTU_97.10795,Attached_Keratinized_gingiva
OTU_97.10795,Tongue_dorsum_1
OTU_97.10798,Hard_palate
OTU_97.10798,Palatine_Tonsils
OTU_97.10807,Stool_1
OTU_97.10807,Attached_Keratinized_gingiva
OTU_97.10819,Supragingival_plaque_1
OTU_97.10819,Attached_Keratinized_gingiva_1
OTU_97.10819,Buccal_mucosa_1
OTU_97.10819,Throat
OTU_97.1082,Left_Retroauricular_crease
OTU_97.1082,Attached_Keratinized_gingiva_1
OTU_97.1082,Saliva_1
OTU_97.1082,Left_Retroauricular_crease_1
OTU_97.10821,Supragingival_plaque_1
OTU_97.10821,Right_Retroauricular_crease
OTU_97.10821,Right_Antecubital_fossa_1
OTU_97.10823,Palatine_Tonsils
OTU_97.10830,Left_Retroauricular_crease
OTU_97.10830,Throat
OTU_97.10839,Supragingival_plaque
OTU_97.10839,Attached_Keratinized_gingiva_1
OTU_97.10843,Left_Retroauricular_crease
OTU_97.10843,Hard_palate_1
OTU_97.10843,Saliva_1
OTU_97.10843,Left_Antecubital_fossa
OTU_97.10858,Right_Retroauricular_crease_1
OTU_97.10858,Supragingival_plaque_1
OTU_97.10858,Throat_1
OTU_97.1087,Left_Retroauricular_crease
OTU_97.1087,Buccal_mucosa_1
OTU_97.1087,Tongue_dorsum_1
OTU_97.1087,Anterior_nares_1
OTU_97.10874,Stool_1
OTU_97.10874,Palatine_Tonsils
OTU_97.10875,Left_Retroauricular_crease
OTU_97.10875,Palatine_Tonsils
OTU_97.10875,Anterior_nares_1
OTU_97.10879,Tongue_dorsum
OTU_97.10879,Attached_Keratinized_gingiva_1
OTU_97.10879,Throat_1
OTU_97.10880,Right_Retroauricular_crease_1
OTU_97.10880,Buccal_mucosa
OTU_97.10880,Hard_palate
OTU_97.10882,Buccal_mucosa
OTU_97.10882,Right_Retroauricular_crease
OTU_97.10882,Hard_palate
OTU_97.10882,Left_Retroauricular_crease_1
OTU_97.10888,Supragingival_plaque_1
OTU_97.10888,Anterior_nares_1
OTU_97.1089,Right_Antecubital_fossa
OTU_97.10895,Right_Retroauricular_crease_1
OTU_97.10895,Right_Antecubital_fossa
OTU_97.10895,Tongue_dorsum_1
OTU_97.10898,Left_Retroauricular_crease_1
OTU_97.109,Throat
OTU_97.109,Anterior_nares
OTU_97.109,Right_Antecubital_fossa_1
OTU_97.10901,Supragingival_plaque_1
OTU_97.10901,Right_Retroauricular_crease
OTU_97.10901,Palatine_Tonsils
OTU_97.10924,Buccal_mucosa_1
OTU_97.10924,Palatine_Tonsils
OTU_97.10935,Tongue_dorsum
OTU_97.10935,Buccal_mucosa_1
OTU_97.10935,Stool
OTU_97.10940,Hard_palate_1
OTU_97.10940,Buccal_mucosa_1
OTU_97.10940,Stool_1
OTU_97.10940,Subgingival_plaque_1
OTU_97.10940,Throat
OTU_97.10943,Tongue_dorsum
OTU_97.10943,Right_Antecubital_fossa
OTU_97.10943,Buccal_mucosa_1
OTU_97.10943,Attached_Keratinized_gingiva
OTU_97.10943,Right_Antecubital_fossa_1
OTU_97.10945,Right_Retroauricular_crease_1
OTU_97.10945,Buccal_mucosa_1
OTU_97.10945,Attached_Keratinized_gingiva
OTU_97.10945,Tongue_dorsum_1
OTU_97.10946,Tongue_dorsum
OTU_97.10946,Palatine_Tonsils
OTU_97.10946,Throat_1
OTU_97.1095,Throat_1
OTU_97.1095,Anterior_nares_1
OTU_97.10966,Left_Antecubital_fossa_1
OTU_97.10966,Attached_Keratinized_gingiva_1
OTU_97.10966,Left_Retroauricular_crease_1
OTU_97.10971,Saliva
OTU_97.10971,Right_Retroauricular_crease
OTU_97.10971,Left_Retroauricular_crease_1
OTU_97.10971,Tongue_dorsum_1
OTU_97.10971,Right_Antecubital_fossa_1
OTU_97.10977,Stool
OTU_97.10977,Subgingival_plaque_1
OTU_97.10982,Anterior_nares_1
OTU_97.10987,Left_Antecubital_fossa_1
OTU_97.10990,Saliva_1
OTU_97.11,Saliva
OTU_97.11001,Tongue_dorsum
OTU_97.11001,Right_Retroauricular_crease_1
OTU_97.11001,Supragingival_plaque_1
OTU_97.11001,Left_Antecubital_fossa
OTU_97.11004,Supragingival_plaque_1
OTU_97.11004,Right_Retroauricular_crease
OTU_97.11004,Right_Antecubital_fossa_1
OTU_97.11005,Right_Antecubital_fossa
OTU_97.11005,Hard_palate_1
OTU_97.1101,Right_Retroauricular_crease
OTU_97.1101,Throat
OTU_97.1101,Throat_1
OTU_97.11010,Right_Antecubital_fossa
OTU_97.11010,Saliva_1
OTU_97.11010,Left_Retroauricular_crease_1
OTU_97.11010,Anterior_nares_1
OTU_97.11015,Stool_1
OTU_97.11015,Throat
OTU_97.11018,Hard_palate
OTU_97.11018,Left_Retroauricular_crease_1
OTU_97.11018,Anterior_nares_1
OTU_97.1102,Left_Retroauricular_crease
OTU_97.1102,Anterior_nares_1
OTU_97.11023,Tongue_dorsum
OTU_97.11023,Subgingival_plaque
OTU_97.11023,Right_Retroauricular_crease
OTU_97.11030,Tongue_dorsum
OTU_97.11030,Stool
OTU_97.11030,Palatine_Tonsils_1
OTU_97.11033,Right_Retroauricular_crease_1
OTU_97.11038,Right_Retroauricular_crease_1
OTU_97.11038,Supragingival_plaque
OTU_97.11043,Left_Retroauricular_crease
OTU_97.11051,Left_Antecubital_fossa
OTU_97.11052,Stool
OTU_97.11068,Buccal_mucosa
OTU_97.11068,Left_Retroauricular_crease
OTU_97.11068,Right_Antecubital_fossa_1
OTU_97.11071,Attached_Keratinized_gingiva
OTU_97.11084,Left_Antecubital_fossa_1
OTU_97.11084,Right_Antecubital_fossa
OTU_97.11089,Left_Retroauricular_crease
OTU_97.11089,Palatine_Tonsils_1
OTU_97.11090,Buccal_mucosa
OTU_97.11090,Hard_palate
OTU_97.11090,Stool
OTU_97.11091,Supragingival_plaque_1
OTU_97.11091,Buccal_mucosa_1
OTU_97.11095,Tongue_dorsum
OTU_97.11095,Attached_Keratinized_gingiva_1
OTU_97.11101,Hard_palate_1
OTU_97.11104,Buccal_mucosa
OTU_97.11104,Hard_palate
OTU_97.11108,Tongue_dorsum
OTU_97.11108,Saliva
OTU_97.11108,Left_Antecubital_fossa
OTU_97.11109,Saliva
OTU_97.11109,Hard_palate_1
OTU_97.1111,Tongue_dorsum
OTU_97.1111,Left_Retroauricular_crease
OTU_97.11120,Anterior_nares
OTU_97.11120,Left_Antecubital_fossa
OTU_97.11121,Supragingival_plaque
OTU_97.11121,Subgingival_plaque_1
OTU_97.11121,Anterior_nares
OTU_97.11121,Right_Antecubital_fossa_1
OTU_97.11126,Supragingival_plaque_1
OTU_97.11126,Right_Retroauricular_crease
OTU_97.11126,Right_Antecubital_fossa
OTU_97.11128,Hard_palate_1
OTU_97.11128,Buccal_mucosa_1
OTU_97.11129,Anterior_nares
OTU_97.1113,Stool_1
OTU_97.1113,Throat
OTU_97.11135,Supragingival_plaque_1
OTU_97.11135,Right_Antecubital_fossa
OTU_97.11135,Stool_1
OTU_97.11135,Palatine_Tonsils_1
OTU_97.11146,Hard_palate_1
OTU_97.11146,Stool
OTU_97.11148,Throat_1
OTU_97.11150,Right_Retroauricular_crease
OTU_97.11150,Throat_1
OTU_97.11156,Left_Retroauricular_crease
OTU_97.11165,Supragingival_plaque_1
OTU_97.11165,Throat
OTU_97.11167,Right_Retroauricular_crease_1
OTU_97.11167,Saliva_1
OTU_97.11169,Left_Retroauricular_crease
OTU_97.11169,Hard_palate
OTU_97.11169,Stool_1
OTU_97.11169,Saliva_1
OTU_97.11169,Throat
OTU_97.11172,Left_Retroauricular_crease
OTU_97.11172,Stool
OTU_97.11174,Saliva_1
OTU_97.11174,Right_Antecubital_fossa_1
OTU_97.11180,Saliva
OTU_97.11180,Right_Retroauricular_crease
OTU_97.11180,Saliva_1
OTU_97.11199,Throat
OTU_97.11199,Anterior_nares
OTU_97.11205,Hard_palate_1
OTU_97.11207,Subgingival_plaque
OTU_97.11207,Left_Antecubital_fossa_1
OTU_97.11207,Tongue_dorsum_1
OTU_97.1121,Left_Antecubital_fossa_1
OTU_97.1121,Right_Retroauricular_crease
OTU_97.1121,Left_Retroauricular_crease
OTU_97.1121,Anterior_nares
OTU_97.11218,Attached_Keratinized_gingiva_1
OTU_97.11218,Palatine_Tonsils
OTU_97.11225,Tongue_dorsum
OTU_97.11228,Supragingival_plaque
OTU_97.11228,Buccal_mucosa_1
OTU_97.1123,Right_Retroauricular_crease_1
OTU_97.1123,Supragingival_plaque
OTU_97.1123,Subgingival_plaque_1
OTU_97.1123,Throat
OTU_97.11231,Buccal_mucosa_1
OTU_97.11231,Subgingival_plaque_1
OTU_97.11231,Left_Retroauricular_crease_1
OTU_97.11233,Supragingival_plaque
OTU_97.11233,Stool
OTU_97.11233,Stool_1
OTU_97.11233,Throat_1
OTU_97.11236,Supragingival_plaque
OTU_97.11236,Throat
OTU_97.11244,Buccal_mucosa_1
OTU_97.11244,Anterior_nares_1
OTU_97.11245,Right_Retroauricular_crease
OTU_97.11245,Subgingival_plaque_1
OTU_97.11246,Buccal_mucosa
OTU_97.11246,Throat
OTU_97.11248,Supragingival_plaque
OTU_97.11248,Left_Retroauricular_crease
OTU_97.11248,Palatine_Tonsils
OTU_97.11248,Palatine_Tonsils_1
OTU_97.11248,Tongue_dorsum_1
OTU_97.11249,Tongue_dorsum
OTU_97.11249,Stool_1
OTU_97.11249,Anterior_nares
OTU_97.1125,Supragingival_plaque
OTU_97.1125,Right_Retroauricular_crease
OTU_97.1125,Right_Antecubital_fossa
OTU_97.1125,Throat_1
OTU_97.11253,Tongue_dorsum
OTU_97.11253,Saliva
OTU_97.11253,Left_Retroauricular_crease
OTU_97.11253,Left_Antecubital_fossa
OTU_97.11253,Anterior_nares_1
OTU_97.1126,Buccal_mucosa
OTU_97.1126,Throat_1
OTU_97.11260,Right_Antecubital_fossa
OTU_97.11260,Attached_Keratinized_gingiva
OTU_97.11264,Left_Antecubital_fossa_1
OTU_97.11264,Hard_palate_1
OTU_97.11270,Left_Antecubital_fossa_1
OTU_97.11271,Right_Antecubital_fossa_1
OTU_97.11271,Throat_1
OTU_97.11274,Right_Retroauricular_crease
OTU_97.11274,Attached_Keratinized_gingiva_1
OTU_97.11274,Throat_1
OTU_97.11277,Supragingival_plaque_1
OTU_97.11277,Hard_palate
OTU_97.11277,Throat
OTU_97.11277,Tongue_dorsum_1
OTU_97.11281,Hard_palate_1
OTU_97.11281,Saliva_1
OTU_97.11281,Palatine_Tonsils_1
OTU_97.11281,Anterior_nares
OTU_97.11281,Left_Antecubital_fossa
OTU_97.11284,Tongue_dorsum
OTU_97.11284,Buccal_mucosa_1
OTU_97.11292,Right_Retroauricular_crease
OTU_97.11299,Right_Retroauricular_crease
OTU_97.11308,Subgingival_plaque
OTU_97.11309,Tongue_dorsum
OTU_97.11309,Subgingival_plaque
OTU_97.11309,Saliva
OTU_97.11309,Attached_Keratinized_gingiva_1
OTU_97.11309,Subgingival_plaque_1
OTU_97.11309,Saliva_1
OTU_97.11314,Right_Retroauricular_crease_1
OTU_97.11314,Stool_1
OTU_97.11314,Saliva_1
OTU_97.11314,Palatine_Tonsils
OTU_97.1132,Right_Antecubital_fossa_1
OTU_97.11321,Buccal_mucosa_1
OTU_97.11321,Subgingival_plaque_1
OTU_97.11323,Buccal_mucosa_1
OTU_97.11323,Anterior_nares_1
OTU_97.11328,Left_Antecubital_fossa_1
OTU_97.11328,Tongue_dorsum_1
OTU_97.1133,Hard_palate
OTU_97.1133,Stool
OTU_97.11337,Saliva_1
OTU_97.11337,Right_Antecubital_fossa_1
OTU_97.11338,Saliva
OTU_97.11349,Supragingival_plaque
OTU_97.11349,Stool
OTU_97.11349,Throat
OTU_97.11349,Right_Antecubital_fossa_1
OTU_97.1135,Subgingival_plaque
OTU_97.11350,Tongue_dorsum
OTU_97.11350,Right_Retroauricular_crease_1
OTU_97.11350,Saliva
OTU_97.11350,Throat_1
OTU_97.11351,Stool_1
OTU_97.11351,Saliva_1
OTU_97.11351,Palatine_Tonsils
OTU_97.11353,Saliva
OTU_97.11353,Hard_palate_1
OTU_97.11353,Throat_1
OTU_97.11358,Anterior_nares_1
OTU_97.1136,Right_Retroauricular_crease_1
OTU_97.1136,Saliva_1
OTU_97.11365,Left_Antecubital_fossa_1
OTU_97.11365,Throat
OTU_97.11365,Left_Retroauricular_crease_1
OTU_97.11368,Left_Retroauricular_crease_1
OTU_97.11368,Left_Antecubital_fossa
OTU_97.11368,Anterior_nares_1
OTU_97.1137,Hard_palate
OTU_97.1137,Right_Antecubital_fossa_1
OTU_97.11372,Buccal_mucosa
OTU_97.11377,Buccal_mucosa
OTU_97.11377,Right_Antecubital_fossa
OTU_97.1139,Saliva
OTU_97.1139,Left_Retroauricular_crease
OTU_97.1139,Stool_1
OTU_97.11393,Saliva
OTU_97.11393,Hard_palate_1
OTU_97.11393,Subgingival_plaque_1
OTU_97.11393,Left_Retroauricular_crease_1
OTU_97.11393,Left_Antecubital_fossa
OTU_97.11394,Right_Retroauricular_crease_1
OTU_97.11394,Subgingival_plaque
OTU_97.11394,Palatine_Tonsils
OTU_97.11397,Hard_palate
OTU_97.11397,Saliva_1
OTU_97.11398,Tongue_dorsum
OTU_97.11398,Right_Retroauricular_crease_1
OTU_97.114,Buccal_mucosa_1
OTU_97.11404,Right_Antecubital_fossa_1
OTU_97.11411,Buccal_mucosa
OTU_97.11411,Throat
OTU_97.1142,Throat
OTU_97.11423,Palatine_Tonsils
OTU_97.11423,Throat
OTU_97.11426,Attached_Keratinized_gingiva_1
OTU_97.11426,Buccal_mucosa_1
OTU_97.11426,Right_Antecubital_fossa_1
OTU_97.1143,Attached_Keratinized_gingiva_1
OTU_97.1143,Tongue_dorsum_1
OTU_97.11434,Right_Retroauricular_crease_1
OTU_97.1144,Saliva
OTU_97.1144,Attached_Keratinized_gingiva_1
OTU_97.1144,Hard_palate_1
OTU_97.1144,Palatine_Tonsils
OTU_97.1144,Anterior_nares
OTU_97.1144,Right_Antecubital_fossa_1
OTU_97.11446,Subgingival_plaque
OTU_97.11446,Right_Retroauricular_crease
OTU_97.11446,Hard_palate_1
OTU_97.11450,Tongue_dorsum
OTU_97.11451,Subgingival_plaque_1
OTU_97.11451,Left_Retroauricular_crease_1
OTU_97.11451,Anterior_nares
OTU_97.11451,Throat_1
OTU_97.11453,Buccal_mucosa
OTU_97.11453,Buccal_mucosa_1
OTU_97.11453,Attached_Keratinized_gingiva
OTU_97.11455,Left_Retroauricular_crease
OTU_97.11455,Throat_1
OTU_97.11464,Right_Retroauricular_crease
OTU_97.11466,Left_Retroauricular_crease
OTU_97.11466,Anterior_nares
OTU_97.11468,Attached_Keratinized_gingiva_1
OTU_97.11468,Attached_Keratinized_gingiva
OTU_97.11468,Anterior_nares
OTU_97.11470,Stool
OTU_97.11470,Tongue_dorsum_1
OTU_97.1148,Right_Retroauricular_crease_1
OTU_97.1148,Supragingival_plaque
OTU_97.1148,Left_Antecubital_fossa_1
OTU_97.1148,Stool_1
OTU_97.1148,Palatine_Tonsils_1
OTU_97.11480,Attached_Keratinized_gingiva_1
OTU_97.11480,Tongue_dorsum_1
OTU_97.11486,Attached_Keratinized_gingiva_1
OTU_97.11487,Subgingival_plaque_1
OTU_97.11487,Attached_Keratinized_gingiva
OTU_97.11487,Left_Retroauricular_crease_1
OTU_97.11492,Buccal_mucosa
OTU_97.11492,Right_Antecubital_fossa_1
OTU_97.115,Palatine_Tonsils_1
OTU_97.115,Anterior_nares
OTU_97.11501,Buccal_mucosa
OTU_97.11501,Subgingival_plaque_1
OTU_97.11501,Anterior_nares
OTU_97.11503,Attached_Keratinized_gingiva_1
OTU_97.11503,Stool_1
OTU_97.11504,Anterior_nares_1
OTU_97.11508,Supragingival_plaque_1
OTU_97.11508,Stool
OTU_97.11510,Saliva_1
OTU_97.11513,Hard_palate
OTU_97.11513,Palatine_Tonsils
OTU_97.11515,Left_Retroauricular_crease
OTU_97.11515,Attached_Keratinized_gingiva_1
OTU_97.11518,Attached_Keratinized_gingiva
OTU_97.11518,Left_Antecubital_fossa
OTU_97.11520,Supragingival_plaque
OTU_97.11520,Left_Retroauricular_crease
OTU_97.11521,Right_Retroauricular_crease_1
OTU_97.11521,Anterior_nares_1
OTU_97.1154,Left_Antecubital_fossa_1
OTU_97.1154,Right_Antecubital_fossa
OTU_97.1154,Attached_Keratinized_gingiva_1
OTU_97.1154,Tongue_dorsum_1
OTU_97.11543,Subgingival_plaque
OTU_97.11543,Hard_palate_1
OTU_97.11543,Attached_Keratinized_gingiva
OTU_97.11544,Left_Retroauricular_crease
OTU_97.11544,Stool_1
OTU_97.11544,Saliva_1
OTU_97.11549,Tongue_dorsum
OTU_97.11549,Buccal_mucosa
OTU_97.11549,Right_Antecubital_fossa
OTU_97.11549,Subgingival_plaque_1
OTU_97.11549,Saliva_1
OTU_97.11549,Anterior_nares
OTU_97.11551,Hard_palate
OTU_97.11551,Saliva_1
OTU_97.11551,Palatine_Tonsils_1
OTU_97.11551,Anterior_nares
OTU_97.11553,Right_Antecubital_fossa
OTU_97.11553,Left_Retroauricular_crease_1
OTU_97.11553,Left_Antecubital_fossa
OTU_97.11554,Left_Retroauricular_crease
OTU_97.11554,Stool
OTU_97.11556,Subgingival_plaque
OTU_97.11556,Right_Retroauricular_crease
OTU_97.11556,Hard_palate
OTU_97.11556,Attached_Keratinized_gingiva
OTU_97.11561,Buccal_mucosa_1
OTU_97.11567,Buccal_mucosa
OTU_97.11567,Attached_Keratinized_gingiva_1
OTU_97.11567,Left_Retroauricular_crease_1
OTU_97.11567,Right_Antecubital_fossa_1
OTU_97.11571,Right_Retroauricular_crease_1
OTU_97.11571,Saliva
OTU_97.11571,Anterior_nares
OTU_97.11571,Throat_1
OTU_97.11576,Right_Retroauricular_crease
OTU_97.11577,Stool
OTU_97.11577,Left_Antecubital_fossa
OTU_97.11577,Anterior_nares_1
OTU_97.11582,Left_Antecubital_fossa_1
OTU_97.11582,Left_Retroauricular_crease_1
OTU_97.11582,Left_Antecubital_fossa
OTU_97.11583,Hard_palate_1
OTU_97.11583,Attached_Keratinized_gingiva
OTU_97.11593,Throat
OTU_97.116,Throat
OTU_97.11603,Hard_palate
OTU_97.11603,Throat_1
OTU_97.11603,Anterior_nares_1
OTU_97.11604,Subgingival_plaque
OTU_97.11604,Buccal_mucosa
OTU_97.11604,Stool_1
OTU_97.11604,Palatine_Tonsils_1
OTU_97.1161,Buccal_mucosa
OTU_97.1161,Hard_palate
OTU_97.1161,Palatine_Tonsils_1
OTU_97.1161,Right_Antecubital_fossa_1
OTU_97.11616,Subgingival_plaque
OTU_97.11616,Supragingival_plaque_1
OTU_97.11616,Saliva
OTU_97.11616,Palatine_Tonsils
OTU_97.11624,Supragingival_plaque_1
OTU_97.11624,Left_Retroauricular_crease
OTU_97.11624,Stool
OTU_97.11624,Palatine_Tonsils
OTU_97.11624,Left_Retroauricular_crease_1
OTU_97.11627,Supragingival_plaque
OTU_97.11627,Palatine_Tonsils
OTU_97.11627,Left_Antecubital_fossa
OTU_97.11632,Tongue_dorsum
OTU_97.11632,Buccal_mucosa
OTU_97.11632,Hard_palate_1
OTU_97.11637,Supragingival_plaque_1
OTU_97.11637,Left_Retroauricular_crease_1
OTU_97.11637,Left_Antecubital_fossa
OTU_97.11653,Right_Antecubital_fossa
OTU_97.11653,Saliva_1
OTU_97.11653,Anterior_nares
OTU_97.11657,Supragingival_plaque_1
OTU_97.11657,Supragingival_plaque
OTU_97.11657,Anterior_nares
OTU_97.11667,Saliva
OTU_97.11667,Attached_Keratinized_gingiva_1
OTU_97.11667,Saliva_1
OTU_97.11675,Tongue_dorsum_1
OTU_97.11677,Buccal_mucosa
OTU_97.11677,Stool
OTU_97.11677,Anterior_nares
OTU_97.11677,Throat_1
OTU_97.11679,Left_Antecubital_fossa_1
OTU_97.11679,Right_Retroauricular_crease
OTU_97.11679,Stool
OTU_97.11679,Left_Retroauricular_crease_1
OTU_97.11679,Left_Antecubital_fossa
OTU_97.11681,Subgingival_plaque
OTU_97.11681,Stool_1
OTU_97.11681,Tongue_dorsum_1
OTU_97.11681,Right_Antecubital_fossa_1
OTU_97.11684,Saliva
OTU_97.11685,Supragingival_plaque
OTU_97.11685,Anterior_nares_1
OTU_97.1169,Subgingival_plaque
OTU_97.1169,Throat
OTU_97.11691,Right_Retroauricular_crease_1
OTU_97.11691,Attached_Keratinized_gingiva_1
OTU_97.11691,Hard_palate_1
OTU_97.11691,Palatine_Tonsils_1
OTU_97.11691,Left_Retroauricular_crease_1
OTU_97.11700,Right_Retroauricular_crease_1
OTU_97.11700,Saliva
OTU_97.11700,Left_Retroauricular_crease
OTU_97.11700,Hard_palate
OTU_97.11706,Attached_Keratinized_gingiva_1
OTU_97.11706,Stool_1
OTU_97.11706,Anterior_nares
OTU_97.11711,Supragingival_plaque
OTU_97.11711,Left_Antecubital_fossa_1
OTU_97.11716,Subgingival_plaque
OTU_97.11716,Saliva_1
OTU_97.11716,Left_Retroauricular_crease_1
OTU_97.11717,Subgingival_plaque
OTU_97.11717,Saliva
OTU_97.11717,Attached_Keratinized_gingiva
OTU_97.11717,Left_Antecubital_fossa
OTU_97.11717,Throat_1
OTU_97.11718,Anterior_nares_1
OTU_97.11720,Throat
OTU_97.11720,Right_Antecubital_fossa_1
OTU_97.11720,Throat_1
OTU_97.11725,Supragingival_plaque
OTU_97.11725,Saliva
OTU_97.11725,Stool
OTU_97.11727,Tongue_dorsum
OTU_97.11727,Subgingival_plaque
OTU_97.11727,Attached_Keratinized_gingiva_1
OTU_97.11727,Hard_palate_1
OTU_97.11727,Stool_1
OTU_97.11727,Subgingival_plaque_1
OTU_97.11729,Hard_palate_1
OTU_97.11729,Buccal_mucosa_1
OTU_97.11734,Subgingival_plaque_1
OTU_97.11734,Palatine_Tonsils_1
OTU_97.11734,Throat_1
OTU_97.11737,Anterior_nares_1
OTU_97.11741,Attached_Keratinized_gingiva_1
OTU_97.11741,Hard_palate
OTU_97.11741,Buccal_mucosa_1
OTU_97.11744,Stool
OTU_97.11744,Saliva_1
OTU_97.11744,Anterior_nares
OTU_97.11746,Tongue_dorsum
OTU_97.11746,Right_Retroauricular_crease
OTU_97.11746,Tongue_dorsum_1
OTU_97.1175,Subgingival_plaque
OTU_97.1175,Left_Retroauricular_crease_1
OTU_97.1176,Tongue_dorsum
OTU_97.1176,Subgingival_plaque
OTU_97.1176,Right_Retroauricular_crease
OTU_97.1176,Right_Antecubital_fossa
OTU_97.1176,Saliva_1
OTU_97.1176,Throat_1
OTU_97.11760,Right_Retroauricular_crease_1
OTU_97.11761,Right_Retroauricular_crease_1
OTU_97.11761,Saliva
OTU_97.11761,Buccal_mucosa_1
OTU_97.11762,Subgingival_plaque
OTU_97.11762,Subgingival_plaque_1
OTU_97.11762,Right_Antecubital_fossa_1
OTU_97.11765,Right_Retroauricular_crease
OTU_97.11765,Palatine_Tonsils
OTU_97.1177,Saliva
OTU_97.1177,Stool
OTU_97.1177,Palatine_Tonsils
OTU_97.1177,Right_Antecubital_fossa_1
OTU_97.11770,Subgingival_plaque
OTU_97.11770,Supragingival_plaque_1
OTU_97.11770,Stool_1
OTU_97.11775,Right_Retroauricular_crease_1
OTU_97.11775,Stool
OTU_97.11775,Stool_1
OTU_97.11775,Attached_Keratinized_gingiva
OTU_97.11775,Anterior_nares_1
OTU_97.11776,Palatine_Tonsils_1
OTU_97.11776,Anterior_nares_1
OTU_97.11780,Anterior_nares_1
OTU_97.11784,Tongue_dorsum_1
OTU_97.11784,Anterior_nares_1
OTU_97.11786,Tongue_dorsum
OTU_97.11786,Supragingival_plaque
OTU_97.11789,Subgingival_plaque
OTU_97.11789,Right_Retroauricular_crease
OTU_97.11789,Subgingival_plaque_1
OTU_97.11789,Anterior_nares_1
OTU_97.1179,Right_Retroauricular_crease_1
OTU_97.1179,Supragingival_plaque_1
OTU_97.1179,Buccal_mucosa_1
OTU_97.11798,Left_Retroauricular_crease
OTU_97.11798,Buccal_mucosa_1
OTU_97.11798,Palatine_Tonsils_1
OTU_97.11798,Anterior_nares_1
OTU_97.118,Left_Antecubital_fossa_1
OTU_97.118,Right_Antecubital_fossa
OTU_97.11808,Right_Retroauricular_crease_1
OTU_97.11808,Left_Antecubital_fossa_1
OTU_97.11808,Left_Antecubital_fossa
OTU_97.11809,Right_Retroauricular_crease_1
OTU_97.11809,Palatine_Tonsils
OTU_97.11809,Anterior_nares_1
OTU_97.11810,Tongue_dorsum
OTU_97.11810,Supragingival_plaque
OTU_97.11810,Attached_Keratinized_gingiva
OTU_97.11814,Saliva
OTU_97.11814,Palatine_Tonsils_1
OTU_97.11814,Throat_1
OTU_97.11819,Supragingival_plaque
OTU_97.11819,Saliva_1
OTU_97.11821,Right_Retroauricular_crease
OTU_97.11821,Right_Antecubital_fossa
OTU_97.11821,Hard_palate_1
OTU_97.1183,Buccal_mucosa
OTU_97.1184,Right_Retroauricular_crease_1
OTU_97.1184,Hard_palate
OTU_97.1184,Subgingival_plaque_1
OTU_97.1184,Anterior_nares_1
OTU_97.11840,Supragingival_plaque_1
OTU_97.11840,Palatine_Tonsils_1
OTU_97.11840,Throat_1
OTU_97.11854,Left_Retroauricular_crease
OTU_97.11854,Attached_Keratinized_gingiva
OTU_97.11854,Palatine_Tonsils_1
OTU_97.11855,Subgingival_plaque
OTU_97.11855,Supragingival_plaque
OTU_97.11855,Right_Antecubital_fossa
OTU_97.11860,Supragingival_plaque
OTU_97.11860,Right_Antecubital_fossa
OTU_97.11860,Attached_Keratinized_gingiva_1
OTU_97.11860,Subgingival_plaque_1
OTU_97.11860,Tongue_dorsum_1
OTU_97.1187,Right_Antecubital_fossa
OTU_97.11874,Buccal_mucosa_1
OTU_97.11874,Throat
OTU_97.11874,Anterior_nares
OTU_97.11878,Subgingival_plaque
OTU_97.11878,Hard_palate_1
OTU_97.11878,Saliva_1
OTU_97.11879,Palatine_Tonsils_1
OTU_97.11879,Left_Retroauricular_crease_1
OTU_97.11879,Tongue_dorsum_1
OTU_97.11882,Subgingival_plaque
OTU_97.11882,Supragingival_plaque_1
OTU_97.11882,Left_Antecubital_fossa_1
OTU_97.11882,Stool
OTU_97.11883,Saliva
OTU_97.11883,Left_Antecubital_fossa
OTU_97.11883,Tongue_dorsum_1
OTU_97.11885,Right_Retroauricular_crease
OTU_97.11885,Tongue_dorsum_1
OTU_97.1189,Supragingival_plaque_1
OTU_97.1189,Left_Retroauricular_crease
OTU_97.1189,Saliva_1
OTU_97.11898,Hard_palate
OTU_97.11898,Buccal_mucosa_1
OTU_97.11898,Palatine_Tonsils_1
OTU_97.119,Right_Antecubital_fossa_1
OTU_97.1190,Left_Retroauricular_crease_1
OTU_97.1190,Throat_1
OTU_97.11904,Hard_palate
OTU_97.11904,Saliva_1
OTU_97.11909,Left_Retroauricular_crease
OTU_97.11909,Subgingival_plaque_1
OTU_97.11909,Left_Retroauricular_crease_1
OTU_97.1191,Tongue_dorsum
OTU_97.1191,Palatine_Tonsils
OTU_97.1191,Anterior_nares
OTU_97.11911,Supragingival_plaque_1
OTU_97.11914,Buccal_mucosa
OTU_97.11914,Hard_palate
OTU_97.11916,Left_Antecubital_fossa_1
OTU_97.11916,Right_Retroauricular_crease
OTU_97.11916,Right_Antecubital_fossa
OTU_97.11921,Left_Antecubital_fossa_1
OTU_97.11921,Saliva_1
OTU_97.11922,Left_Antecubital_fossa_1
OTU_97.11922,Saliva_1
OTU_97.11922,Attached_Keratinized_gingiva
OTU_97.11922,Palatine_Tonsils_1
OTU_97.11926,Left_Retroauricular_crease
OTU_97.11926,Palatine_Tonsils
OTU_97.11926,Throat
OTU_97.11932,Left_Retroauricular_crease
OTU_97.11932,Palatine_Tonsils_1
OTU_97.11932,Left_Retroauricular_crease_1
OTU_97.11932,Anterior_nares
OTU_97.11945,Saliva_1
OTU_97.11954,Supragingival_plaque_1
OTU_97.11954,Right_Retroauricular_crease
OTU_97.11954,Tongue_dorsum_1
OTU_97.11965,Buccal_mucosa_1
OTU_97.11965,Palatine_Tonsils_1
OTU_97.11965,Anterior_nares_1
OTU_97.11967,Palatine_Tonsils_1
OTU_97.11971,Subgingival_plaque
OTU_97.11971,Left_Antecubital_fossa
OTU_97.11977,Tongue_dorsum
OTU_97.11977,Right_Retroauricular_crease_1
OTU_97.11977,Anterior_nares
OTU_97.11980,Subgingival_plaque
OTU_97.11983,Stool
OTU_97.11988,Saliva
OTU_97.11988,Right_Retroauricular_crease
OTU_97.11988,Anterior_nares
OTU_97.11994,Tongue_dorsum_1
OTU_97.11997,Supragingival_plaque_1
OTU_97.11997,Saliva
OTU_97.11997,Left_Antecubital_fossa_1
OTU_97.11997,Throat
OTU_97.11997,Palatine_Tonsils_1
OTU_97.120,Right_Retroauricular_crease_1
OTU_97.120,Right_Antecubital_fossa_1
OTU_97.1200,Hard_palate_1
OTU_97.1200,Buccal_mucosa_1
OTU_97.1200,Palatine_Tonsils
OTU_97.12004,Saliva_1
OTU_97.12004,Throat
OTU_97.12009,Buccal_mucosa
OTU_97.12009,Supragingival_plaque
OTU_97.12009,Attached_Keratinized_gingiva_1
OTU_97.12009,Left_Antecubital_fossa
OTU_97.12014,Right_Retroauricular_crease_1
OTU_97.12014,Saliva
OTU_97.12026,Hard_palate_1
OTU_97.12026,Stool_1
OTU_97.12026,Attached_Keratinized_gingiva
OTU_97.12026,Throat_1
OTU_97.1203,Buccal_mucosa
OTU_97.1203,Attached_Keratinized_gingiva_1
OTU_97.1203,Tongue_dorsum_1
OTU_97.12030,Attached_Keratinized_gingiva_1
OTU_97.12030,Palatine_Tonsils_1
OTU_97.12040,Subgingival_plaque_1
OTU_97.12040,Throat
OTU_97.12042,Subgingival_plaque
OTU_97.12042,Supragingival_plaque
OTU_97.12042,Left_Retroauricular_crease
OTU_97.12042,Attached_Keratinized_gingiva
OTU_97.1205,Left_Antecubital_fossa_1
OTU_97.12050,Saliva
OTU_97.12050,Left_Retroauricular_crease
OTU_97.12050,Attached_Keratinized_gingiva
OTU_97.12050,Left_Antecubital_fossa
OTU_97.12050,Tongue_dorsum_1
OTU_97.12054,Supragingival_plaque
OTU_97.12054,Hard_palate_1
OTU_97.12054,Buccal_mucosa_1
OTU_97.12055,Subgingival_plaque
OTU_97.12055,Saliva
OTU_97.12055,Throat
OTU_97.12055,Left_Retroauricular_crease_1
OTU_97.12058,Subgingival_plaque
OTU_97.12058,Hard_palate_1
OTU_97.12060,Tongue_dorsum
OTU_97.12060,Right_Antecubital_fossa
OTU_97.12060,Buccal_mucosa_1
OTU_97.12060,Stool
OTU_97.12060,Left_Antecubital_fossa
OTU_97.12063,Right_Antecubital_fossa
OTU_97.12063,Hard_palate_1
OTU_97.1207,Right_Retroauricular_crease_1
OTU_97.1207,Supragingival_plaque_1
OTU_97.1207,Throat_1
OTU_97.12077,Supragingival_plaque
OTU_97.12077,Hard_palate
OTU_97.12077,Palatine_Tonsils
OTU_97.12077,Palatine_Tonsils_1
OTU_97.12077,Right_Antecubital_fossa_1
OTU_97.12078,Buccal_mucosa
OTU_97.12078,Subgingival_plaque_1
OTU_97.12083,Left_Retroauricular_crease
OTU_97.12092,Tongue_dorsum
OTU_97.12092,Saliva_1
OTU_97.12093,Right_Antecubital_fossa
OTU_97.12093,Left_Retroauricular_crease
OTU_97.12093,Subgingival_plaque_1
OTU_97.12093,Throat_1
OTU_97.12098,Saliva
OTU_97.12098,Subgingival_plaque_1
OTU_97.12098,Palatine_Tonsils
OTU_97.12102,Supragingival_plaque_1
OTU_97.12102,Right_Antecubital_fossa
OTU_97.12102,Left_Retroauricular_crease
OTU_97.12103,Left_Retroauricular_crease_1
OTU_97.12103,Left_Antecubital_fossa
OTU_97.12104,Left_Antecubital_fossa_1
OTU_97.12104,Buccal_mucosa_1
OTU_97.12104,Throat_1
OTU_97.12105,Tongue_dorsum
OTU_97.12105,Hard_palate_1
OTU_97.12105,Attached_Keratinized_gingiva
OTU_97.12106,Subgingival_plaque
OTU_97.12106,Saliva
OTU_97.12109,Supragingival_plaque
OTU_97.12109,Stool
OTU_97.12109,Stool_1
OTU_97.12109,Anterior_nares
OTU_97.12113,Right_Retroauricular_crease_1
OTU_97.12113,Left_Retroauricular_crease_1
OTU_97.12113,Tongue_dorsum_1
OTU_97.12114,Saliva_1
OTU_97.12114,Palatine_Tonsils
OTU_97.12115,Throat
OTU_97.12117,Right_Retroauricular_crease_1
OTU_97.12117,Left_Antecubital_fossa_1
OTU_97.12117,Palatine_Tonsils
OTU_97.12117,Left_Retroauricular_crease_1
OTU_97.12121,Supragingival_plaque
OTU_97.12121,Right_Retroauricular_crease
OTU_97.12121,Anterior_nares
OTU_97.12121,Anterior_nares_1
OTU_97.12125,Anterior_nares_1
OTU_97.12126,Tongue_dorsum
OTU_97.12126,Right_Antecubital_fossa
OTU_97.12126,Hard_palate
OTU_97.12129,Stool_1
OTU_97.1214,Supragingival_plaque
OTU_97.1214,Throat
OTU_97.1214,Attached_Keratinized_gingiva
OTU_97.1215,Subgingival_plaque
OTU_97.12157,Right_Retroauricular_crease_1
OTU_97.12157,Stool_1
OTU_97.12157,Saliva_1
OTU_97.12157,Throat
OTU_97.12158,Subgingival_plaque_1
OTU_97.12159,Palatine_Tonsils_1
OTU_97.12159,Right_Antecubital_fossa_1
OTU_97.1216,Supragingival_plaque_1
OTU_97.1216,Left_Antecubital_fossa
OTU_97.12173,Right_Retroauricular_crease_1
OTU_97.12173,Right_Antecubital_fossa
OTU_97.12173,Left_Retroauricular_crease
OTU_97.12173,Left_Retroauricular_crease_1
OTU_97.12173,Left_Antecubital_fossa
OTU_97.12177,Buccal_mucosa_1
OTU_97.12177,Stool_1
OTU_97.12179,Stool_1
OTU_97.12179,Left_Antecubital_fossa
OTU_97.12179,Right_Antecubital_fossa_1
OTU_97.12181,Buccal_mucosa
OTU_97.12181,Palatine_Tonsils
OTU_97.12185,Buccal_mucosa
OTU_97.12185,Stool_1
OTU_97.12185,Palatine_Tonsils
OTU_97.12185,Anterior_nares_1
OTU_97.12189,Saliva_1
OTU_97.12192,Right_Retroauricular_crease_1
OTU_97.12192,Attached_Keratinized_gingiva_1
OTU_97.12192,Right_Antecubital_fossa_1
OTU_97.12194,Subgingival_plaque_1
OTU_97.12200,Buccal_mucosa
OTU_97.12200,Throat
OTU_97.12200,Palatine_Tonsils_1
OTU_97.12201,Tongue_dorsum
OTU_97.12201,Left_Retroauricular_crease
OTU_97.12205,Saliva
OTU_97.12205,Palatine_Tonsils_1
OTU_97.12205,Left_Retroauricular_crease_1
OTU_97.1221,Supragingival_plaque
OTU_97.1221,Subgingival_plaque_1
OTU_97.1221,Palatine_Tonsils_1
OTU_97.12212,Right_Retroauricular_crease_1
OTU_97.12212,Subgingival_plaque_1
OTU_97.1222,Anterior_nares_1
OTU_97.12224,Supragingival_plaque
OTU_97.12224,Palatine_Tonsils
OTU_97.12224,Left_Antecubital_fossa
OTU_97.12224,Right_Antecubital_fossa_1
OTU_97.12227,Supragingival_plaque
OTU_97.12227,Left_Retroauricular_crease_1
OTU_97.12231,Tongue_dorsum_1
OTU_97.12234,Right_Retroauricular_crease_1
OTU_97.12234,Attached_Keratinized_gingiva
OTU_97.12234,Palatine_Tonsils_1
OTU_97.12234,Right_Antecubital_fossa_1
OTU_97.12235,Tongue_dorsum
OTU_97.12235,Left_Retroauricular_crease
OTU_97.12235,Stool
OTU_97.12235,Palatine_Tonsils_1
OTU_97.12235,Left_Retroauricular_crease_1
OTU_97.12240,Supragingival_plaque
OTU_97.12240,Left_Retroauricular_crease
OTU_97.12240,Stool_1
OTU_97.12240,Tongue_dorsum_1
OTU_97.12241,Attached_Keratinized_gingiva_1
OTU_97.12241,Throat
OTU_97.12241,Left_Antecubital_fossa
OTU_97.12241,Anterior_nares_1
OTU_97.12247,Palatine_Tonsils
OTU_97.12247,Throat_1
OTU_97.1225,Saliva_1
OTU_97.1225,Throat_1
OTU_97.1225,Anterior_nares_1
OTU_97.12257,Buccal_mucosa_1
OTU_97.12257,Attached_Keratinized_gingiva
OTU_97.1226,Right_Retroauricular_crease
OTU_97.1226,Stool
OTU_97.1226,Left_Antecubital_fossa
OTU_97.12261,Buccal_mucosa
OTU_97.12261,Hard_palate
OTU_97.12261,Buccal_mucosa_1
OTU_97.12261,Palatine_Tonsils
OTU_97.12264,Stool_1
OTU_97.12264,Saliva_1
OTU_97.12264,Anterior_nares
OTU_97.1228,Subgingival_plaque_1
OTU_97.1228,Saliva_1
OTU_97.1228,Throat_1
OTU_97.12283,Subgingival_plaque
OTU_97.12283,Attached_Keratinized_gingiva_1
OTU_97.12283,Stool_1
OTU_97.1229,Left_Antecubital_fossa_1
OTU_97.12292,Hard_palate_1
OTU_97.12292,Left_Retroauricular_crease_1
OTU_97.12292,Right_Antecubital_fossa_1
OTU_97.12293,Palatine_Tonsils
OTU_97.12297,Palatine_Tonsils
OTU_97.12297,Palatine_Tonsils_1
OTU_97.12298,Right_Antecubital_fossa
OTU_97.12298,Anterior_nares
OTU_97.12301,Left_Retroauricular_crease
OTU_97.12301,Attached_Keratinized_gingiva
OTU_97.12301,Anterior_nares_1
OTU_97.12302,Supragingival_plaque_1
OTU_97.12302,Buccal_mucosa
OTU_97.12302,Buccal_mucosa_1
OTU_97.12303,Supragingival_plaque_1
OTU_97.12303,Buccal_mucosa_1
OTU_97.12303,Left_Antecubital_fossa
OTU_97.12304,Right_Retroauricular_crease_1
OTU_97.12304,Hard_palate_1
OTU_97.12306,Saliva
OTU_97.12309,Tongue_dorsum
OTU_97.12309,Left_Antecubital_fossa_1
OTU_97.12309,Palatine_Tonsils_1
OTU_97.12312,Supragingival_plaque_1
OTU_97.12312,Throat_1
OTU_97.12315,Hard_palate_1
OTU_97.12315,Palatine_Tonsils_1
OTU_97.12317,Left_Antecubital_fossa
OTU_97.12317,Throat_1
OTU_97.12321,Stool
OTU_97.12321,Palatine_Tonsils
OTU_97.12321,Attached_Keratinized_gingiva
OTU_97.12321,Left_Antecubital_fossa
OTU_97.12323,Right_Retroauricular_crease_1
OTU_97.12323,Stool
OTU_97.12329,Subgingival_plaque
OTU_97.12329,Supragingival_plaque_1
OTU_97.12329,Buccal_mucosa
OTU_97.12329,Right_Antecubital_fossa
OTU_97.12329,Hard_palate
OTU_97.12329,Hard_palate_1
OTU_97.12333,Stool_1
OTU_97.12333,Palatine_Tonsils_1
OTU_97.12333,Tongue_dorsum_1
OTU_97.12343,Right_Antecubital_fossa_1
OTU_97.12347,Supragingival_plaque_1
OTU_97.12347,Stool
OTU_97.1235,Tongue_dorsum
OTU_97.1235,Left_Antecubital_fossa
OTU_97.12354,Hard_palate
OTU_97.12354,Subgingival_plaque_1
OTU_97.12355,Buccal_mucosa
OTU_97.12355,Subgingival_plaque_1
OTU_97.12358,Throat_1
OTU_97.1236,Right_Retroauricular_crease_1
OTU_97.1236,Supragingival_plaque
OTU_97.1236,Attached_Keratinized_gingiva_1
OTU_97.12360,Tongue_dorsum
OTU_97.12360,Anterior_nares
OTU_97.12360,Left_Antecubital_fossa
OTU_97.12363,Subgingival_plaque
OTU_97.12363,Left_Retroauricular_crease_1
OTU_97.12363,Tongue_dorsum_1
OTU_97.12367,Subgingival_plaque
OTU_97.12367,Palatine_Tonsils_1
OTU_97.12369,Attached_Keratinized_gingiva_1
OTU_97.12369,Palatine_Tonsils
OTU_97.12369,Anterior_nares
OTU_97.12369,Left_Antecubital_fossa
OTU_97.12371,Tongue_dorsum
OTU_97.12371,Right_Retroauricular_crease_1
OTU_97.12371,Stool_1
OTU_97.12371,Right_Antecubital_fossa_1
OTU_97.12373,Tongue_dorsum
OTU_97.12373,Right_Antecubital_fossa
OTU_97.12373,Left_Antecubital_fossa
OTU_97.12376,Hard_palate
OTU_97.12378,Right_Retroauricular_crease_1
OTU_97.12378,Right_Retroauricular_crease
OTU_97.12378,Throat_1
OTU_97.12379,Left_Retroauricular_crease
OTU_97.12379,Throat_1
OTU_97.12381,Supragingival_plaque
OTU_97.12381,Left_Antecubital_fossa_1
OTU_97.12381,Right_Retroauricular_crease
OTU_97.12393,Saliva
OTU_97.12393,Left_Retroauricular_crease
OTU_97.12398,Buccal_mucosa_1
OTU_97.124,Supragingival_plaque
OTU_97.124,Buccal_mucosa_1
OTU_97.124,Stool
OTU_97.12403,Subgingival_plaque
OTU_97.12403,Buccal_mucosa
OTU_97.12403,Supragingival_plaque
OTU_97.12403,Left_Antecubital_fossa_1
OTU_97.12403,Attached_Keratinized_gingiva
OTU_97.12408,Supragingival_plaque_1
OTU_97.12408,Hard_palate
OTU_97.12408,Throat
OTU_97.12408,Left_Retroauricular_crease_1
OTU_97.12408,Right_Antecubital_fossa_1
OTU_97.12410,Subgingival_plaque
OTU_97.12410,Palatine_Tonsils
OTU_97.12410,Right_Antecubital_fossa_1
OTU_97.12419,Left_Retroauricular_crease
OTU_97.12419,Stool_1
OTU_97.1242,Saliva
OTU_97.1242,Left_Retroauricular_crease
OTU_97.12424,Subgingival_plaque_1
OTU_97.12424,Throat
OTU_97.12429,Palatine_Tonsils
OTU_97.12429,Left_Antecubital_fossa
OTU_97.12429,Tongue_dorsum_1
OTU_97.12431,Subgingival_plaque
OTU_97.12431,Left_Antecubital_fossa_1
OTU_97.12431,Right_Antecubital_fossa
OTU_97.12439,Throat
OTU_97.12448,Attached_Keratinized_gingiva_1
OTU_97.12448,Throat
OTU_97.12449,Right_Retroauricular_crease
OTU_97.12449,Hard_palate_1
OTU_97.12449,Buccal_mucosa_1
OTU_97.12449,Stool
OTU_97.1245,Tongue_dorsum
OTU_97.1245,Right_Retroauricular_crease_1
OTU_97.12455,Supragingival_plaque
OTU_97.12455,Stool
OTU_97.12456,Subgingival_plaque
OTU_97.12456,Stool
OTU_97.12456,Palatine_Tonsils
OTU_97.12456,Throat
OTU_97.1246,Saliva
OTU_97.12462,Left_Antecubital_fossa_1
OTU_97.12462,Left_Antecubital_fossa
OTU_97.12462,Anterior_nares_1
OTU_97.12464,Attached_Keratinized_gingiva_1
OTU_97.12464,Attached_Keratinized_gingiva
OTU_97.12464,Left_Retroauricular_crease_1
OTU_97.1247,Right_Antecubital_fossa
OTU_97.1247,Left_Retroauricular_crease
OTU_97.12477,Attached_Keratinized_gingiva_1
OTU_97.12477,Subgingival_plaque_1
OTU_97.1248,Left_Retroauricular_crease
OTU_97.1248,Stool
OTU_97.12480,Right_Retroauricular_crease_1
OTU_97.12480,Supragingival_plaque_1
OTU_97.12480,Stool_1
OTU_97.12480,Throat
OTU_97.12483,Saliva
OTU_97.12483,Left_Retroauricular_crease_1
OTU_97.12483,Tongue_dorsum_1
OTU_97.12484,Right_Retroauricular_crease
OTU_97.12484,Left_Retroauricular_crease_1
OTU_97.12488,Subgingival_plaque_1
OTU_97.12488,Left_Antecubital_fossa
OTU_97.12488,Tongue_dorsum_1
OTU_97.12494,Right_Retroauricular_crease_1
OTU_97.12494,Palatine_Tonsils_1
OTU_97.12496,Stool_1
OTU_97.12496,Palatine_Tonsils
OTU_97.12496,Anterior_nares_1
OTU_97.125,Stool
OTU_97.125,Subgingival_plaque_1
OTU_97.12501,Attached_Keratinized_gingiva
OTU_97.12501,Right_Antecubital_fossa_1
OTU_97.12522,Tongue_dorsum
OTU_97.12522,Supragingival_plaque
OTU_97.12522,Left_Antecubital_fossa_1
OTU_97.12522,Stool_1
OTU_97.12530,Right_Retroauricular_crease
OTU_97.12530,Attached_Keratinized_gingiva_1
OTU_97.12530,Stool
OTU_97.12530,Palatine_Tonsils
OTU_97.12537,Right_Retroauricular_crease_1
OTU_97.12537,Subgingival_plaque
OTU_97.12537,Stool
OTU_97.12537,Tongue_dorsum_1
OTU_97.12540,Subgingival_plaque
OTU_97.12540,Attached_Keratinized_gingiva_1
OTU_97.12543,Right_Retroauricular_crease
OTU_97.12545,Stool_1
OTU_97.12551,Subgingival_plaque_1
OTU_97.12551,Anterior_nares
OTU_97.12552,Left_Antecubital_fossa
OTU_97.12552,Anterior_nares_1
OTU_97.12558,Right_Antecubital_fossa
OTU_97.12559,Right_Retroauricular_crease_1
OTU_97.12559,Subgingival_plaque
OTU_97.12559,Left_Antecubital_fossa_1
OTU_97.12559,Palatine_Tonsils
OTU_97.12561,Stool_1
OTU_97.1257,Hard_palate
OTU_97.1257,Saliva_1
OTU_97.1257,Throat
OTU_97.1257,Attached_Keratinized_gingiva
OTU_97.1257,Left_Antecubital_fossa
OTU_97.12572,Left_Antecubital_fossa_1
OTU_97.12573,Right_Antecubital_fossa
OTU_97.12573,Palatine_Tonsils_1
OTU_97.12573,Tongue_dorsum_1
OTU_97.12575,Saliva
OTU_97.12575,Left_Antecubital_fossa
OTU_97.12575,Right_Antecubital_fossa_1
OTU_97.12576,Supragingival_plaque_1
OTU_97.12576,Buccal_mucosa
OTU_97.12578,Right_Retroauricular_crease
OTU_97.12578,Stool_1
OTU_97.12583,Right_Retroauricular_crease_1
OTU_97.12583,Right_Retroauricular_crease
OTU_97.12583,Throat
OTU_97.12588,Right_Antecubital_fossa
OTU_97.12588,Left_Antecubital_fossa
OTU_97.1259,Attached_Keratinized_gingiva
OTU_97.12593,Left_Retroauricular_crease
OTU_97.12593,Saliva_1
OTU_97.12593,Tongue_dorsum_1
OTU_97.12594,Palatine_Tonsils_1
OTU_97.12594,Anterior_nares_1
OTU_97.12597,Stool_1
OTU_97.12597,Right_Antecubital_fossa_1
OTU_97.12599,Anterior_nares
OTU_97.126,Hard_palate
OTU_97.126,Stool_1
OTU_97.126,Palatine_Tonsils_1
OTU_97.12605,Attached_Keratinized_gingiva_1
OTU_97.12605,Buccal_mucosa_1
OTU_97.12605,Stool
OTU_97.12605,Anterior_nares
OTU_97.12609,Subgingival_plaque
OTU_97.12609,Palatine_Tonsils
OTU_97.12610,Buccal_mucosa
OTU_97.12610,Supragingival_plaque
OTU_97.12610,Right_Retroauricular_crease
OTU_97.12618,Supragingival_plaque
OTU_97.12618,Throat
OTU_97.12627,Saliva
OTU_97.12627,Hard_palate_1
OTU_97.12627,Anterior_nares_1
OTU_97.1263,Hard_palate_1
OTU_97.1263,Subgingival_plaque_1
OTU_97.12632,Throat_1
OTU_97.12644,Left_Retroauricular_crease
OTU_97.12653,Right_Retroauricular_crease_1
OTU_97.12653,Hard_palate_1
OTU_97.12653,Left_Retroauricular_crease_1
OTU_97.1266,Buccal_mucosa_1
OTU_97.1266,Right_Antecubital_fossa_1
OTU_97.12664,Left_Retroauricular_crease
OTU_97.12664,Throat
OTU_97.12668,Left_Retroauricular_crease_1
OTU_97.12669,Palatine_Tonsils
OTU_97.1267,Saliva
OTU_97.1267,Left_Antecubital_fossa_1
OTU_97.1267,Buccal_mucosa_1
OTU_97.1267,Throat
OTU_97.1267,Palatine_Tonsils_1
OTU_97.12675,Right_Retroauricular_crease_1
OTU_97.12675,Left_Antecubital_fossa
OTU_97.12679,Tongue_dorsum_1
OTU_97.12690,Right_Retroauricular_crease_1
OTU_97.12690,Supragingival_plaque
OTU_97.12690,Right_Antecubital_fossa_1
OTU_97.12693,Right_Retroauricular_crease
OTU_97.12693,Buccal_mucosa_1
OTU_97.12693,Attached_Keratinized_gingiva
OTU_97.12693,Throat_1
OTU_97.12693,Anterior_nares_1
OTU_97.12695,Hard_palate_1
OTU_97.12695,Stool
OTU_97.12695,Right_Antecubital_fossa_1
OTU_97.127,Left_Retroauricular_crease
OTU_97.1270,Left_Antecubital_fossa_1
OTU_97.12700,Hard_palate_1
OTU_97.12700,Palatine_Tonsils
OTU_97.12703,Saliva
OTU_97.12703,Stool_1
OTU_97.12706,Buccal_mucosa
OTU_97.12708,Subgingival_plaque
OTU_97.12709,Buccal_mucosa
OTU_97.12709,Stool
OTU_97.12709,Stool_1
OTU_97.12709,Saliva_1
OTU_97.12709,Left_Retroauricular_crease_1
OTU_97.1271,Stool_1
OTU_97.12711,Saliva
OTU_97.12711,Stool_1
OTU_97.12712,Subgingival_plaque
OTU_97.12712,Right_Antecubital_fossa
OTU_97.12712,Attached_Keratinized_gingiva
OTU_97.12712,Anterior_nares
OTU_97.12715,Left_Antecubital_fossa_1
OTU_97.12715,Left_Retroauricular_crease
OTU_97.12715,Right_Antecubital_fossa_1
OTU_97.12716,Hard_palate
OTU_97.12716,Saliva_1
OTU_97.12721,Buccal_mucosa
OTU_97.12722,Left_Antecubital_fossa_1
OTU_97.12722,Left_Retroauricular_crease
OTU_97.12722,Attached_Keratinized_gingiva_1
OTU_97.12722,Throat_1
OTU_97.12724,Left_Antecubital_fossa_1
OTU_97.12724,Stool
OTU_97.12734,Saliva_1
OTU_97.12734,Anterior_nares
OTU_97.12735,Left_Antecubital_fossa_1
OTU_97.12735,Palatine_Tonsils
OTU_97.12735,Left_Retroauricular_crease_1
OTU_97.12739,Palatine_Tonsils
OTU_97.12739,Palatine_Tonsils_1
OTU_97.12740,Right_Antecubital_fossa
OTU_97.12740,Palatine_Tonsils_1
OTU_97.12744,Right_Antecubital_fossa
OTU_97.12744,Stool_1
OTU_97.12744,Attached_Keratinized_gingiva
OTU_97.12744,Anterior_nares
OTU_97.12746,Right_Antecubital_fossa
OTU_97.12746,Buccal_mucosa_1
OTU_97.1275,Hard_palate_1
OTU_97.1275,Throat_1
OTU_97.12753,Saliva
OTU_97.12757,Left_Retroauricular_crease_1
OTU_97.12758,Hard_palate
OTU_97.12758,Hard_palate_1
OTU_97.12760,Saliva_1
OTU_97.12760,Palatine_Tonsils
OTU_97.12760,Anterior_nares
OTU_97.12761,Right_Antecubital_fossa
OTU_97.12761,Saliva_1
OTU_97.12761,Left_Antecubital_fossa
OTU_97.12761,Tongue_dorsum_1
OTU_97.12764,Tongue_dorsum
OTU_97.12764,Buccal_mucosa
OTU_97.12764,Palatine_Tonsils_1
OTU_97.12765,Saliva
OTU_97.12765,Left_Retroauricular_crease
OTU_97.12773,Hard_palate
OTU_97.12773,Attached_Keratinized_gingiva
OTU_97.12773,Left_Retroauricular_crease_1
OTU_97.12773,Left_Antecubital_fossa
OTU_97.12789,Buccal_mucosa
OTU_97.12790,Throat
OTU_97.12802,Left_Retroauricular_crease
OTU_97.12802,Stool_1
OTU_97.12802,Tongue_dorsum_1
OTU_97.12806,Hard_palate_1
OTU_97.12806,Buccal_mucosa_1
OTU_97.12806,Tongue_dorsum_1
OTU_97.12806,Right_Antecubital_fossa_1
OTU_97.12811,Buccal_mucosa
OTU_97.12811,Attached_Keratinized_gingiva_1
OTU_97.12811,Attached_Keratinized_gingiva
OTU_97.12811,Anterior_nares
OTU_97.12811,Left_Antecubital_fossa
OTU_97.12814,Right_Retroauricular_crease
OTU_97.12814,Right_Antecubital_fossa
OTU_97.12814,Stool
OTU_97.12814,Subgingival_plaque_1
OTU_97.12817,Attached_Keratinized_gingiva_1
OTU_97.12818,Right_Retroauricular_crease_1
OTU_97.12818,Left_Retroauricular_crease
OTU_97.12818,Hard_palate_1
OTU_97.12818,Saliva_1
OTU_97.12828,Palatine_Tonsils
OTU_97.12836,Buccal_mucosa
OTU_97.12836,Supragingival_plaque
OTU_97.12836,Left_Antecubital_fossa_1
OTU_97.12836,Left_Retroauricular_crease_1
OTU_97.12837,Subgingival_plaque
OTU_97.12837,Anterior_nares
OTU_97.12837,Throat_1
OTU_97.1284,Right_Retroauricular_crease
OTU_97.1284,Hard_palate_1
OTU_97.12842,Supragingival_plaque_1
OTU_97.12842,Right_Antecubital_fossa_1
OTU_97.12848,Left_Retroauricular_crease
OTU_97.12850,Left_Retroauricular_crease
OTU_97.12852,Hard_palate
OTU_97.12852,Saliva_1
OTU_97.12854,Palatine_Tonsils_1
OTU_97.12854,Anterior_nares
OTU_97.12856,Right_Retroauricular_crease_1
OTU_97.12856,Subgingival_plaque_1
OTU_97.12857,Tongue_dorsum
OTU_97.12857,Right_Retroauricular_crease_1
OTU_97.12857,Stool_1
OTU_97.12857,Left_Retroauricular_crease_1
OTU_97.12857,Anterior_nares
OTU_97.12858,Subgingival_plaque
OTU_97.12858,Buccal_mucosa_1
OTU_97.1286,Subgingival_plaque_1
OTU_97.12860,Right_Retroauricular_crease
OTU_97.12860,Saliva_1
OTU_97.12864,Buccal_mucosa
OTU_97.12864,Right_Antecubital_fossa
OTU_97.12864,Stool
OTU_97.12864,Saliva_1
OTU_97.12868,Subgingival_plaque
OTU_97.12868,Right_Retroauricular_crease
OTU_97.12868,Left_Retroauricular_crease
OTU_97.12868,Buccal_mucosa_1
OTU_97.12875,Right_Retroauricular_crease_1
OTU_97.12875,Saliva
OTU_97.12875,Subgingival_plaque_1
OTU_97.12877,Subgingival_plaque
OTU_97.12877,Attached_Keratinized_gingiva_1
OTU_97.12877,Throat_1
OTU_97.12881,Buccal_mucosa
OTU_97.12881,Supragingival_plaque
OTU_97.12881,Saliva_1
OTU_97.12881,Palatine_Tonsils_1
OTU_97.12884,Tongue_dorsum
OTU_97.12884,Attached_Keratinized_gingiva_1
OTU_97.12884,Saliva_1
OTU_97.12884,Palatine_Tonsils
OTU_97.12884,Anterior_nares
OTU_97.1289,Supragingival_plaque
OTU_97.1289,Throat
OTU_97.12901,Hard_palate_1
OTU_97.12901,Throat
OTU_97.12902,Tongue_dorsum
OTU_97.12902,Stool_1
OTU_97.12902,Tongue_dorsum_1
OTU_97.12909,Subgingival_plaque
OTU_97.12909,Buccal_mucosa
OTU_97.12909,Right_Antecubital_fossa
OTU_97.12909,Left_Antecubital_fossa
OTU_97.12918,Saliva_1
OTU_97.12922,Tongue_dorsum
OTU_97.12922,Anterior_nares
OTU_97.12922,Right_Antecubital_fossa_1
OTU_97.12923,Hard_palate_1
OTU_97.12923,Palatine_Tonsils_1
OTU_97.12923,Throat_1
OTU_97.12925,Tongue_dorsum
OTU_97.12925,Right_Retroauricular_crease
OTU_97.12925,Saliva_1
OTU_97.12928,Supragingival_plaque_1
OTU_97.12928,Stool_1
OTU_97.12928,Palatine_Tonsils_1
OTU_97.12928,Left_Antecubital_fossa
OTU_97.12928,Anterior_nares_1
OTU_97.12929,Tongue_dorsum
OTU_97.12929,Hard_palate
OTU_97.12929,Stool_1
OTU_97.12929,Palatine_Tonsils
OTU_97.12934,Palatine_Tonsils_1
OTU_97.12934,Left_Antecubital_fossa
OTU_97.12935,Right_Retroauricular_crease_1
OTU_97.12935,Hard_palate
OTU_97.12935,Subgingival_plaque_1
OTU_97.12935,Palatine_Tonsils
OTU_97.12935,Left_Retroauricular_crease_1
OTU_97.12940,Stool_1
OTU_97.12940,Subgingival_plaque_1
OTU_97.12940,Throat
OTU_97.12941,Tongue_dorsum
OTU_97.12941,Anterior_nares
OTU_97.12942,Tongue_dorsum
OTU_97.12942,Palatine_Tonsils
OTU_97.12945,Hard_palate_1
OTU_97.12945,Palatine_Tonsils_1
OTU_97.12951,Left_Retroauricular_crease
OTU_97.12951,Hard_palate_1
OTU_97.12952,Tongue_dorsum
OTU_97.12952,Stool
OTU_97.12953,Tongue_dorsum
OTU_97.12953,Right_Retroauricular_crease
OTU_97.12953,Hard_palate
OTU_97.12960,Hard_palate_1
OTU_97.12960,Stool_1
OTU_97.12960,Subgingival_plaque_1
OTU_97.12973,Buccal_mucosa_1
OTU_97.12977,Buccal_mucosa
OTU_97.12977,Saliva
OTU_97.12977,Right_Antecubital_fossa
OTU_97.12977,Palatine_Tonsils_1
OTU_97.1298,Supragingival_plaque
OTU_97.1298,Throat
OTU_97.1298,Tongue_dorsum_1
OTU_97.12980,Supragingival_plaque_1
OTU_97.12980,Buccal_mucosa_1
OTU_97.12980,Stool_1
OTU_97.12980,Attached_Keratinized_gingiva
OTU_97.12980,Left_Antecubital_fossa
OTU_97.1299,Saliva
OTU_97.1299,Stool_1
OTU_97.12992,Buccal_mucosa
OTU_97.12992,Left_Antecubital_fossa_1
OTU_97.12992,Attached_Keratinized_gingiva
OTU_97.12992,Anterior_nares
OTU_97.12997,Subgingival_plaque_1
OTU_97.12997,Right_Antecubital_fossa_1
OTU_97.13,Right_Retroauricular_crease_1
OTU_97.13,Buccal_mucosa_1
OTU_97.13,Left_Retroauricular_crease_1
OTU_97.130,Right_Retroauricular_crease
OTU_97.130,Anterior_nares
OTU_97.1300,Left_Antecubital_fossa
OTU_97.13005,Supragingival_plaque_1
OTU_97.13005,Palatine_Tonsils
OTU_97.13005,Palatine_Tonsils_1
OTU_97.13006,Saliva
OTU_97.13006,Left_Antecubital_fossa
OTU_97.13007,Right_Retroauricular_crease_1
OTU_97.13007,Attached_Keratinized_gingiva_1
OTU_97.13007,Hard_palate
OTU_97.13009,Attached_Keratinized_gingiva_1
OTU_97.13009,Stool
OTU_97.13009,Left_Antecubital_fossa
OTU_97.13016,Tongue_dorsum
OTU_97.13016,Attached_Keratinized_gingiva_1
OTU_97.13016,Hard_palate_1
OTU_97.13016,Throat_1
OTU_97.13016,Anterior_nares_1
OTU_97.13018,Right_Retroauricular_crease_1
OTU_97.13018,Left_Antecubital_fossa_1
OTU_97.13026,Subgingival_plaque
OTU_97.13026,Stool
OTU_97.13026,Anterior_nares_1
OTU_97.13030,Hard_palate_1
OTU_97.13030,Stool_1
OTU_97.13030,Palatine_Tonsils_1
OTU_97.13037,Hard_palate_1
OTU_97.13037,Subgingival_plaque_1
OTU_97.13039,Tongue_dorsum
OTU_97.13039,Supragingival_plaque
OTU_97.13043,Subgingival_plaque
OTU_97.13043,Right_Retroauricular_crease
OTU_97.13043,Tongue_dorsum_1
OTU_97.13048,Buccal_mucosa_1
OTU_97.13048,Palatine_Tonsils
OTU_97.13049,Left_Retroauricular_crease
OTU_97.13049,Hard_palate_1
OTU_97.13049,Left_Retroauricular_crease_1
OTU_97.13049,Anterior_nares
OTU_97.1305,Tongue_dorsum_1
OTU_97.1305,Right_Antecubital_fossa_1
OTU_97.13053,Subgingival_plaque
OTU_97.13053,Palatine_Tonsils_1
OTU_97.13053,Tongue_dorsum_1
OTU_97.13054,Saliva
OTU_97.13056,Buccal_mucosa_1
OTU_97.13056,Saliva_1
OTU_97.13056,Left_Antecubital_fossa
OTU_97.13056,Tongue_dorsum_1
OTU_97.13061,Saliva
OTU_97.13061,Hard_palate
OTU_97.13061,Stool
OTU_97.13067,Subgingival_plaque_1
OTU_97.13067,Saliva_1
OTU_97.13067,Palatine_Tonsils_1
OTU_97.1307,Supragingival_plaque
OTU_97.1307,Palatine_Tonsils
OTU_97.13074,Supragingival_plaque_1
OTU_97.13074,Supragingival_plaque
OTU_97.13074,Right_Antecubital_fossa
OTU_97.13076,Right_Antecubital_fossa
OTU_97.13076,Saliva_1
OTU_97.13076,Anterior_nares
OTU_97.13076,Left_Antecubital_fossa
OTU_97.1309,Saliva
OTU_97.1309,Hard_palate
OTU_97.13092,Left_Antecubital_fossa_1
OTU_97.13092,Stool_1
OTU_97.131,Supragingival_plaque_1
OTU_97.131,Buccal_mucosa
OTU_97.131,Palatine_Tonsils
OTU_97.131,Left_Retroauricular_crease_1
OTU_97.1310,Palatine_Tonsils
OTU_97.1310,Anterior_nares
OTU_97.13100,Left_Antecubital_fossa_1
OTU_97.13100,Left_Antecubital_fossa
OTU_97.13100,Tongue_dorsum_1
OTU_97.13110,Right_Antecubital_fossa_1
OTU_97.13111,Hard_palate_1
OTU_97.13111,Palatine_Tonsils
OTU_97.13111,Palatine_Tonsils_1
OTU_97.13111,Left_Retroauricular_crease_1
OTU_97.13111,Anterior_nares
OTU_97.13111,Right_Antecubital_fossa_1
OTU_97.13113,Subgingival_plaque
OTU_97.13113,Hard_palate
OTU_97.13113,Hard_palate_1
OTU_97.13113,Stool_1
OTU_97.13113,Anterior_nares_1
OTU_97.13114,Left_Retroauricular_crease
OTU_97.13115,Supragingival_plaque_1
OTU_97.13115,Tongue_dorsum_1
OTU_97.13122,Right_Retroauricular_crease
OTU_97.13122,Stool_1
OTU_97.13122,Subgingival_plaque_1
OTU_97.13127,Right_Antecubital_fossa
OTU_97.13127,Throat
OTU_97.13127,Tongue_dorsum_1
OTU_97.1313,Supragingival_plaque
OTU_97.1313,Anterior_nares_1
OTU_97.13134,Buccal_mucosa
OTU_97.13134,Subgingival_plaque_1
OTU_97.13134,Throat_1
OTU_97.13139,Supragingival_plaque
OTU_97.13139,Right_Antecubital_fossa
OTU_97.13139,Palatine_Tonsils
OTU_97.1315,Left_Antecubital_fossa_1
OTU_97.1315,Saliva_1
OTU_97.13153,Left_Antecubital_fossa_1
OTU_97.13153,Attached_Keratinized_gingiva
OTU_97.13158,Buccal_mucosa
OTU_97.13158,Left_Antecubital_fossa_1
OTU_97.13158,Hard_palate_1
OTU_97.13158,Stool
OTU_97.13158,Palatine_Tonsils_1
OTU_97.13159,Tongue_dorsum
OTU_97.13160,Supragingival_plaque
OTU_97.13160,Right_Antecubital_fossa
OTU_97.13160,Left_Antecubital_fossa
OTU_97.1317,Throat
OTU_97.13171,Attached_Keratinized_gingiva_1
OTU_97.13171,Attached_Keratinized_gingiva
OTU_97.13179,Right_Antecubital_fossa
OTU_97.13179,Attached_Keratinized_gingiva_1
OTU_97.13179,Hard_palate_1
OTU_97.13179,Saliva_1
OTU_97.1318,Subgingival_plaque
OTU_97.1318,Left_Antecubital_fossa_1
OTU_97.1318,Tongue_dorsum_1
OTU_97.1318,Throat_1
OTU_97.13181,Subgingival_plaque
OTU_97.13181,Left_Antecubital_fossa_1
OTU_97.13182,Supragingival_plaque
OTU_97.13182,Throat_1
OTU_97.13183,Tongue_dorsum
OTU_97.13183,Right_Retroauricular_crease_1
OTU_97.13183,Tongue_dorsum_1
OTU_97.13189,Tongue_dorsum
OTU_97.13189,Buccal_mucosa
OTU_97.1319,Left_Antecubital_fossa_1
OTU_97.1319,Left_Retroauricular_crease
OTU_97.1319,Subgingival_plaque_1
OTU_97.13191,Attached_Keratinized_gingiva_1
OTU_97.13192,Tongue_dorsum
OTU_97.13192,Right_Retroauricular_crease
OTU_97.13192,Stool
OTU_97.13192,Palatine_Tonsils_1
OTU_97.13197,Hard_palate
OTU_97.13197,Left_Retroauricular_crease_1
OTU_97.13202,Right_Antecubital_fossa
OTU_97.13202,Hard_palate
OTU_97.13202,Stool
OTU_97.13202,Left_Retroauricular_crease_1
OTU_97.13204,Buccal_mucosa
OTU_97.13204,Right_Retroauricular_crease
OTU_97.13204,Hard_palate_1
OTU_97.13204,Palatine_Tonsils_1
OTU_97.1321,Buccal_mucosa_1
OTU_97.13221,Supragingival_plaque_1
OTU_97.13221,Hard_palate
OTU_97.13221,Throat
OTU_97.13221,Anterior_nares_1
OTU_97.13222,Supragingival_plaque_1
OTU_97.13223,Stool_1
OTU_97.13223,Throat_1
OTU_97.13225,Tongue_dorsum
OTU_97.13225,Supragingival_plaque
OTU_97.13225,Right_Antecubital_fossa_1
OTU_97.13227,Left_Antecubital_fossa_1
OTU_97.13227,Right_Antecubital_fossa
OTU_97.13227,Attached_Keratinized_gingiva_1
OTU_97.13227,Throat
OTU_97.13230,Buccal_mucosa
OTU_97.13230,Hard_palate
OTU_97.13232,Right_Antecubital_fossa
OTU_97.13232,Attached_Keratinized_gingiva_1
OTU_97.13232,Left_Retroauricular_crease_1
OTU_97.13237,Subgingival_plaque_1
OTU_97.1324,Hard_palate
OTU_97.13240,Hard_palate_1
OTU_97.13240,Stool_1
OTU_97.13247,Subgingival_plaque
OTU_97.13247,Anterior_nares_1
OTU_97.13249,Palatine_Tonsils
OTU_97.13249,Attached_Keratinized_gingiva
OTU_97.13253,Stool
OTU_97.13253,Palatine_Tonsils
OTU_97.13256,Right_Retroauricular_crease_1
OTU_97.13256,Buccal_mucosa
OTU_97.13267,Tongue_dorsum
OTU_97.13268,Palatine_Tonsils
OTU_97.13268,Anterior_nares_1
OTU_97.1327,Left_Antecubital_fossa
OTU_97.13272,Hard_palate_1
OTU_97.13274,Stool
OTU_97.13274,Left_Retroauricular_crease_1
OTU_97.13274,Tongue_dorsum_1
OTU_97.13274,Right_Antecubital_fossa_1
OTU_97.13274,Anterior_nares_1
OTU_97.13280,Buccal_mucosa
OTU_97.13280,Hard_palate
OTU_97.13280,Subgingival_plaque_1
OTU_97.13283,Right_Retroauricular_crease_1
OTU_97.13283,Left_Antecubital_fossa_1
OTU_97.13283,Palatine_Tonsils
OTU_97.13286,Saliva_1
OTU_97.13286,Palatine_Tonsils
OTU_97.13286,Throat
OTU_97.13286,Left_Antecubital_fossa
OTU_97.13297,Saliva
OTU_97.13297,Hard_palate_1
OTU_97.13297,Stool_1
OTU_97.13297,Tongue_dorsum_1
OTU_97.1330,Saliva_1
OTU_97.1330,Left_Antecubital_fossa
OTU_97.13309,Throat
OTU_97.13309,Left_Antecubital_fossa
OTU_97.1332,Palatine_Tonsils
OTU_97.13322,Saliva
OTU_97.13322,Right_Antecubital_fossa
OTU_97.13335,Supragingival_plaque
OTU_97.13335,Palatine_Tonsils_1
OTU_97.1334,Subgingival_plaque
OTU_97.1334,Left_Retroauricular_crease_1
OTU_97.1334,Throat_1
OTU_97.13350,Subgingival_plaque
OTU_97.13350,Left_Antecubital_fossa
OTU_97.13353,Right_Retroauricular_crease
OTU_97.13353,Hard_palate
OTU_97.13353,Buccal_mucosa_1
OTU_97.13353,Subgingival_plaque_1
OTU_97.13353,Saliva_1
OTU_97.13353,Throat
OTU_97.13354,Right_Retroauricular_crease_1
OTU_97.13354,Right_Antecubital_fossa
OTU_97.13354,Stool_1
OTU_97.13354,Palatine_Tonsils
OTU_97.13354,Left_Antecubital_fossa
OTU_97.13356,Right_Retroauricular_crease_1
OTU_97.13356,Stool_1
OTU_97.13356,Tongue_dorsum_1
OTU_97.13359,Right_Retroauricular_crease_1
OTU_97.13359,Stool
OTU_97.13359,Left_Antecubital_fossa
OTU_97.1337,Saliva
OTU_97.1337,Stool
OTU_97.1337,Anterior_nares
OTU_97.13370,Buccal_mucosa
OTU_97.13370,Left_Retroauricular_crease_1
OTU_97.13388,Palatine_Tonsils_1
OTU_97.1339,Tongue_dorsum_1
OTU_97.13391,Supragingival_plaque
OTU_97.13391,Palatine_Tonsils_1
OTU_97.13391,Anterior_nares_1
OTU_97.134,Tongue_dorsum
OTU_97.134,Saliva
OTU_97.134,Hard_palate_1
OTU_97.134,Subgingival_plaque_1
OTU_97.134,Palatine_Tonsils_1
OTU_97.13400,Left_Antecubital_fossa_1
OTU_97.13400,Left_Retroauricular_crease_1
OTU_97.13400,Tongue_dorsum_1
OTU_97.13401,Hard_palate
OTU_97.13401,Buccal_mucosa_1
OTU_97.13402,Buccal_mucosa
OTU_97.13402,Saliva
OTU_97.13402,Saliva_1
OTU_97.13402,Left_Antecubital_fossa
OTU_97.13406,Stool
OTU_97.13407,Right_Retroauricular_crease_1
OTU_97.13407,Throat_1
OTU_97.13409,Right_Retroauricular_crease_1
OTU_97.13409,Left_Antecubital_fossa
OTU_97.13415,Right_Retroauricular_crease
OTU_97.13415,Hard_palate
OTU_97.13415,Stool
OTU_97.1342,Subgingival_plaque
OTU_97.1342,Attached_Keratinized_gingiva_1
OTU_97.13420,Attached_Keratinized_gingiva_1
OTU_97.13420,Stool_1
OTU_97.13429,Right_Antecubital_fossa_1
OTU_97.1343,Hard_palate
OTU_97.1343,Attached_Keratinized_gingiva
OTU_97.1343,Anterior_nares
OTU_97.13437,Throat_1
OTU_97.13438,Right_Antecubital_fossa
OTU_97.13438,Stool
OTU_97.13440,Buccal_mucosa
OTU_97.13440,Right_Retroauricular_crease
OTU_97.13445,Right_Retroauricular_crease_1
OTU_97.13445,Hard_palate
OTU_97.13445,Subgingival_plaque_1
OTU_97.13449,Right_Retroauricular_crease
OTU_97.13449,Anterior_nares_1
OTU_97.13452,Left_Antecubital_fossa_1
OTU_97.13452,Subgingival_plaque_1
OTU_97.13452,Throat
OTU_97.13452,Tongue_dorsum_1
OTU_97.13454,Supragingival_plaque
OTU_97.13454,Palatine_Tonsils_1
OTU_97.13462,Right_Retroauricular_crease_1
OTU_97.13464,Hard_palate_1
OTU_97.13464,Subgingival_plaque_1
OTU_97.13464,Tongue_dorsum_1
OTU_97.13465,Right_Retroauricular_crease_1
OTU_97.13465,Anterior_nares_1
OTU_97.13467,Tongue_dorsum
OTU_97.13467,Supragingival_plaque_1
OTU_97.13467,Attached_Keratinized_gingiva_1
OTU_97.13469,Hard_palate_1
OTU_97.13469,Stool
OTU_97.1347,Tongue_dorsum
OTU_97.1347,Buccal_mucosa_1
OTU_97.1347,Palatine_Tonsils
OTU_97.1347,Throat
OTU_97.13475,Left_Antecubital_fossa_1
OTU_97.13475,Left_Retroauricular_crease_1
OTU_97.13478,Hard_palate_1
OTU_97.13478,Tongue_dorsum_1
OTU_97.13479,Stool_1
OTU_97.13479,Throat
OTU_97.13480,Subgingival_plaque_1
OTU_97.13483,Right_Antecubital_fossa
OTU_97.13483,Throat
OTU_97.13483,Anterior_nares_1
OTU_97.13485,Hard_palate_1
OTU_97.13488,Right_Retroauricular_crease
OTU_97.13488,Hard_palate
OTU_97.13488,Anterior_nares
OTU_97.13495,Buccal_mucosa
OTU_97.13495,Left_Antecubital_fossa_1
OTU_97.13495,Saliva_1
OTU_97.13495,Attached_Keratinized_gingiva
OTU_97.135,Anterior_nares
OTU_97.1350,Palatine_Tonsils_1
OTU_97.13504,Supragingival_plaque_1
OTU_97.13504,Buccal_mucosa
OTU_97.13504,Stool_1
OTU_97.13509,Attached_Keratinized_gingiva
OTU_97.13509,Throat_1
OTU_97.13510,Subgingival_plaque
OTU_97.13510,Attached_Keratinized_gingiva_1
OTU_97.13510,Palatine_Tonsils
OTU_97.13510,Anterior_nares_1
OTU_97.1352,Tongue_dorsum
OTU_97.13521,Saliva_1
OTU_97.13521,Left_Retroauricular_crease_1
OTU_97.13523,Saliva
OTU_97.13523,Stool
OTU_97.13523,Palatine_Tonsils
OTU_97.13523,Left_Antecubital_fossa
OTU_97.1353,Tongue_dorsum_1
OTU_97.1353,Throat_1
OTU_97.13536,Subgingival_plaque_1
OTU_97.1354,Left_Antecubital_fossa_1
OTU_97.1354,Attached_Keratinized_gingiva
OTU_97.13552,Saliva
OTU_97.13552,Hard_palate
OTU_97.13554,Left_Retroauricular_crease
OTU_97.13554,Hard_palate
OTU_97.13554,Stool_1
OTU_97.13555,Throat
OTU_97.13555,Anterior_nares
OTU_97.13556,Subgingival_plaque_1
OTU_97.13556,Anterior_nares
OTU_97.13556,Left_Antecubital_fossa
OTU_97.13558,Palatine_Tonsils_1
OTU_97.13558,Left_Retroauricular_crease_1
OTU_97.13558,Tongue_dorsum_1
OTU_97.1357,Right_Retroauricular_crease
OTU_97.1357,Stool
OTU_97.13576,Tongue_dorsum
OTU_97.13576,Saliva
OTU_97.13576,Left_Antecubital_fossa_1
OTU_97.13576,Stool_1
OTU_97.13576,Palatine_Tonsils
OTU_97.13577,Hard_palate
OTU_97.13577,Stool
OTU_97.1358,Supragingival_plaque
OTU_97.1358,Left_Antecubital_fossa_1
OTU_97.1358,Left_Antecubital_fossa
OTU_97.1358,Anterior_nares_1
OTU_97.13581,Tongue_dorsum
OTU_97.13581,Throat
OTU_97.13581,Left_Antecubital_fossa
OTU_97.13581,Tongue_dorsum_1
OTU_97.13582,Left_Antecubital_fossa_1
OTU_97.13582,Anterior_nares
OTU_97.13584,Right_Retroauricular_crease
OTU_97.13586,Buccal_mucosa
OTU_97.13587,Supragingival_plaque_1
OTU_97.13587,Supragingival_plaque
OTU_97.13587,Saliva_1
OTU_97.13589,Left_Retroauricular_crease
OTU_97.13589,Tongue_dorsum_1
OTU_97.13589,Right_Antecubital_fossa_1
OTU_97.13595,Supragingival_plaque_1
OTU_97.13595,Buccal_mucosa_1
OTU_97.136,Right_Antecubital_fossa
OTU_97.136,Anterior_nares_1
OTU_97.13603,Saliva
OTU_97.13603,Palatine_Tonsils_1
OTU_97.13604,Left_Retroauricular_crease
OTU_97.13604,Hard_palate
OTU_97.13604,Buccal_mucosa_1
OTU_97.13604,Throat_1
OTU_97.13608,Supragingival_plaque_1
OTU_97.13608,Supragingival_plaque
OTU_97.13608,Saliva
OTU_97.13608,Palatine_Tonsils
OTU_97.13609,Tongue_dorsum
OTU_97.13609,Saliva
OTU_97.13609,Left_Antecubital_fossa_1
OTU_97.13609,Right_Antecubital_fossa_1
OTU_97.1361,Supragingival_plaque_1
OTU_97.1361,Palatine_Tonsils
OTU_97.1361,Throat
OTU_97.1361,Anterior_nares
OTU_97.13610,Left_Retroauricular_crease
OTU_97.13610,Hard_palate_1
OTU_97.13612,Attached_Keratinized_gingiva_1
OTU_97.13612,Palatine_Tonsils_1
OTU_97.13613,Left_Retroauricular_crease_1
OTU_97.13614,Tongue_dorsum
OTU_97.13614,Buccal_mucosa
OTU_97.13614,Left_Retroauricular_crease
OTU_97.13615,Saliva
OTU_97.13615,Left_Antecubital_fossa_1
OTU_97.13619,Saliva
OTU_97.13635,Buccal_mucosa
OTU_97.13635,Stool_1
OTU_97.13635,Saliva_1
OTU_97.13636,Subgingival_plaque
OTU_97.13636,Left_Antecubital_fossa
OTU_97.13639,Supragingival_plaque_1
OTU_97.13639,Supragingival_plaque
OTU_97.13639,Right_Antecubital_fossa_1
OTU_97.1364,Palatine_Tonsils
OTU_97.1364,Left_Retroauricular_crease_1
OTU_97.13641,Tongue_dorsum_1
OTU_97.13654,Saliva
OTU_97.13654,Stool_1
OTU_97.13656,Supragingival_plaque_1
OTU_97.13656,Palatine_Tonsils
OTU_97.13656,Anterior_nares
OTU_97.13656,Right_Antecubital_fossa_1
OTU_97.13657,Saliva
OTU_97.13657,Buccal_mucosa_1
OTU_97.13657,Palatine_Tonsils_1
OTU_97.13657,Tongue_dorsum_1
OTU_97.13658,Buccal_mucosa_1
OTU_97.13658,Anterior_nares
OTU_97.13660,Subgingival_plaque
OTU_97.13660,Buccal_mucosa
OTU_97.1367,Hard_palate
OTU_97.1367,Buccal_mucosa_1
OTU_97.1367,Throat
OTU_97.13674,Left_Antecubital_fossa_1
OTU_97.13674,Stool
OTU_97.13674,Palatine_Tonsils_1
OTU_97.13675,Tongue_dorsum
OTU_97.13675,Anterior_nares
OTU_97.13678,Left_Antecubital_fossa_1
OTU_97.13678,Stool
OTU_97.13678,Subgingival_plaque_1
OTU_97.13678,Saliva_1
OTU_97.1368,Right_Retroauricular_crease_1
OTU_97.1368,Supragingival_plaque_1
OTU_97.1368,Buccal_mucosa
OTU_97.1368,Right_Antecubital_fossa
OTU_97.1368,Subgingival_plaque_1
OTU_97.1368,Right_Antecubital_fossa_1
OTU_97.13685,Tongue_dorsum
OTU_97.13685,Tongue_dorsum_1
OTU_97.13686,Throat_1
OTU_97.1369,Throat
OTU_97.1369,Palatine_Tonsils_1
OTU_97.13691,Stool_1
OTU_97.13691,Attached_Keratinized_gingiva
OTU_97.13696,Subgingival_plaque
OTU_97.13696,Right_Antecubital_fossa
OTU_97.13696,Buccal_mucosa_1
OTU_97.13696,Left_Antecubital_fossa
OTU_97.13696,Right_Antecubital_fossa_1
OTU_97.137,Subgingival_plaque
OTU_97.137,Supragingival_plaque_1
OTU_97.137,Palatine_Tonsils
OTU_97.1371,Left_Antecubital_fossa_1
OTU_97.1371,Right_Antecubital_fossa
OTU_97.13714,Right_Retroauricular_crease_1
OTU_97.13714,Right_Antecubital_fossa
OTU_97.13714,Anterior_nares_1
OTU_97.13719,Saliva_1
OTU_97.13725,Right_Retroauricular_crease
OTU_97.13725,Throat
OTU_97.13725,Throat_1
OTU_97.1373,Right_Retroauricular_crease_1
OTU_97.1373,Attached_Keratinized_gingiva_1
OTU_97.13736,Left_Antecubital_fossa
OTU_97.13745,Hard_palate
OTU_97.13745,Left_Antecubital_fossa
OTU_97.13745,Anterior_nares_1
OTU_97.13750,Right_Retroauricular_crease_1
OTU_97.13750,Subgingival_plaque
OTU_97.13750,Saliva
OTU_97.13750,Left_Retroauricular_crease_1
OTU_97.13751,Tongue_dorsum
OTU_97.13751,Supragingival_plaque
OTU_97.13751,Left_Antecubital_fossa_1
OTU_97.13751,Right_Retroauricular_crease
OTU_97.13751,Stool
OTU_97.13751,Subgingival_plaque_1
OTU_97.13751,Saliva_1
OTU_97.13751,Attached_Keratinized_gingiva
OTU_97.13751,Palatine_Tonsils_1
OTU_97.1376,Attached_Keratinized_gingiva_1
OTU_97.1376,Left_Retroauricular_crease_1
OTU_97.13760,Tongue_dorsum
OTU_97.13760,Hard_palate_1
OTU_97.13760,Attached_Keratinized_gingiva
OTU_97.13760,Throat_1
OTU_97.13762,Hard_palate_1
OTU_97.13767,Anterior_nares
OTU_97.13768,Left_Retroauricular_crease
OTU_97.13769,Buccal_mucosa_1
OTU_97.13769,Left_Antecubital_fossa
OTU_97.1377,Subgingival_plaque
OTU_97.1377,Hard_palate
OTU_97.1377,Left_Antecubital_fossa
OTU_97.13770,Right_Antecubital_fossa
OTU_97.13770,Attached_Keratinized_gingiva_1
OTU_97.13770,Hard_palate_1
OTU_97.13770,Buccal_mucosa_1
OTU_97.13770,Throat
OTU_97.13770,Tongue_dorsum_1
OTU_97.13774,Left_Antecubital_fossa
OTU_97.13785,Buccal_mucosa
OTU_97.13790,Stool
OTU_97.13799,Attached_Keratinized_gingiva_1
OTU_97.13799,Stool_1
OTU_97.138,Stool
OTU_97.138,Palatine_Tonsils_1
OTU_97.1380,Supragingival_plaque_1
OTU_97.1380,Stool_1
OTU_97.1380,Throat_1
OTU_97.13802,Supragingival_plaque_1
OTU_97.13802,Anterior_nares
OTU_97.13802,Anterior_nares_1
OTU_97.13808,Supragingival_plaque
OTU_97.13808,Left_Antecubital_fossa_1
OTU_97.13808,Right_Retroauricular_crease
OTU_97.13808,Hard_palate
OTU_97.13813,Subgingival_plaque_1
OTU_97.13813,Throat_1
OTU_97.13822,Tongue_dorsum
OTU_97.13822,Palatine_Tonsils_1
OTU_97.13822,Right_Antecubital_fossa_1
OTU_97.13828,Right_Antecubital_fossa_1
OTU_97.13828,Throat_1
OTU_97.13831,Tongue_dorsum
OTU_97.13831,Left_Retroauricular_crease_1
OTU_97.13836,Left_Antecubital_fossa_1
OTU_97.13836,Subgingival_plaque_1
OTU_97.13836,Left_Antecubital_fossa
OTU_97.13839,Hard_palate
OTU_97.13839,Left_Retroauricular_crease_1
OTU_97.13839,Tongue_dorsum_1
OTU_97.1384,Stool
OTU_97.1384,Stool_1
OTU_97.1384,Saliva_1
OTU_97.1384,Throat
OTU_97.13840,Attached_Keratinized_gingiva_1
OTU_97.13840,Buccal_mucosa_1
OTU_97.13841,Stool
OTU_97.13841,Attached_Keratinized_gingiva
OTU_97.13842,Supragingival_plaque_1
OTU_97.13842,Saliva_1
OTU_97.13842,Right_Antecubital_fossa_1
OTU_97.13846,Buccal_mucosa
OTU_97.13846,Left_Antecubital_fossa_1
OTU_97.13846,Buccal_mucosa_1
OTU_97.13846,Throat
OTU_97.13846,Left_Antecubital_fossa
OTU_97.13853,Buccal_mucosa_1
OTU_97.13853,Subgingival_plaque_1
OTU_97.13853,Saliva_1
OTU_97.13858,Supragingival_plaque_1
OTU_97.13858,Saliva
OTU_97.13858,Left_Retroauricular_crease
OTU_97.13858,Buccal_mucosa_1
OTU_97.1386,Throat
OTU_97.1386,Palatine_Tonsils_1
OTU_97.1386,Left_Retroauricular_crease_1
OTU_97.13860,Subgingival_plaque_1
OTU_97.13860,Attached_Keratinized_gingiva
OTU_97.13863,Palatine_Tonsils
OTU_97.13863,Attached_Keratinized_gingiva
OTU_97.13863,Throat_1
OTU_97.13865,Subgingival_plaque
OTU_97.13865,Supragingival_plaque
OTU_97.13865,Left_Antecubital_fossa_1
OTU_97.13865,Palatine_Tonsils_1
OTU_97.13867,Right_Retroauricular_crease_1
OTU_97.13867,Left_Antecubital_fossa_1
OTU_97.13867,Attached_Keratinized_gingiva_1
OTU_97.13867,Throat
OTU_97.13867,Anterior_nares_1
OTU_97.13869,Supragingival_plaque_1
OTU_97.13869,Subgingival_plaque_1
OTU_97.13870,Tongue_dorsum
OTU_97.13870,Right_Retroauricular_crease
OTU_97.13870,Anterior_nares_1
OTU_97.13875,Right_Retroauricular_crease
OTU_97.13875,Right_Antecubital_fossa
OTU_97.13875,Attached_Keratinized_gingiva_1
OTU_97.13875,Palatine_Tonsils_1
OTU_97.13875,Right_Antecubital_fossa_1
OTU_97.13887,Supragingival_plaque
OTU_97.13887,Attached_Keratinized_gingiva
OTU_97.13892,Attached_Keratinized_gingiva_1
OTU_97.13892,Hard_palate_1
OTU_97.13892,Palatine_Tonsils
OTU_97.13892,Anterior_nares_1
OTU_97.13895,Hard_palate_1
OTU_97.13899,Palatine_Tonsils_1
OTU_97.13902,Anterior_nares
OTU_97.13916,Right_Retroauricular_crease_1
OTU_97.13916,Supragingival_plaque_1
OTU_97.13916,Attached_Keratinized_gingiva_1
OTU_97.13925,Left_Retroauricular_crease
OTU_97.13925,Anterior_nares
OTU_97.13928,Palatine_Tonsils
OTU_97.13928,Attached_Keratinized_gingiva
OTU_97.13928,Anterior_nares
OTU_97.13928,Left_Antecubital_fossa
OTU_97.13931,Right_Antecubital_fossa
OTU_97.13932,Subgingival_plaque
OTU_97.13932,Hard_palate
OTU_97.13932,Stool
OTU_97.13933,Right_Retroauricular_crease
OTU_97.13933,Attached_Keratinized_gingiva_1
OTU_97.13933,Throat
OTU_97.13934,Hard_palate_1
OTU_97.13934,Left_Antecubital_fossa
OTU_97.13936,Saliva
OTU_97.13938,Right_Retroauricular_crease_1
OTU_97.13938,Right_Antecubital_fossa
OTU_97.13938,Tongue_dorsum_1
OTU_97.13941,Left_Antecubital_fossa_1
OTU_97.13941,Right_Antecubital_fossa
OTU_97.13941,Attached_Keratinized_gingiva_1
OTU_97.13941,Stool_1
OTU_97.13941,Subgingival_plaque_1
OTU_97.13941,Anterior_nares_1
OTU_97.13944,Left_Retroauricular_crease_1
OTU_97.13944,Tongue_dorsum_1
OTU_97.13945,Supragingival_plaque_1
OTU_97.13945,Supragingival_plaque
OTU_97.13946,Stool_1
OTU_97.13946,Subgingival_plaque_1
OTU_97.13946,Palatine_Tonsils_1
OTU_97.13948,Buccal_mucosa
OTU_97.13951,Subgingival_plaque
OTU_97.13951,Supragingival_plaque
OTU_97.13953,Left_Retroauricular_crease
OTU_97.13953,Anterior_nares
OTU_97.13976,Right_Retroauricular_crease_1
OTU_97.13976,Attached_Keratinized_gingiva
OTU_97.1398,Buccal_mucosa_1
OTU_97.1398,Palatine_Tonsils
OTU_97.13980,Supragingival_plaque_1
OTU_97.13980,Saliva
OTU_97.13980,Left_Antecubital_fossa_1
OTU_97.13980,Stool
OTU_97.13980,Attached_Keratinized_gingiva
OTU_97.13997,Stool_1
OTU_97.13997,Throat
OTU_97.14,Right_Antecubital_fossa
OTU_97.14,Saliva_1
OTU_97.14007,Subgingival_plaque
OTU_97.14007,Hard_palate_1
OTU_97.14012,Throat
OTU_97.14012,Left_Retroauricular_crease_1
OTU_97.14012,Left_Antecubital_fossa
OTU_97.14013,Supragingival_plaque_1
OTU_97.14013,Right_Retroauricular_crease
OTU_97.14014,Right_Retroauricular_crease
OTU_97.14014,Stool
OTU_97.14014,Palatine_Tonsils
OTU_97.14014,Anterior_nares
OTU_97.14017,Right_Retroauricular_crease_1
OTU_97.14017,Subgingival_plaque_1
OTU_97.14020,Subgingival_plaque_1
OTU_97.14020,Palatine_Tonsils
OTU_97.14022,Supragingival_plaque_1
OTU_97.14022,Saliva
OTU_97.14022,Left_Retroauricular_crease
OTU_97.14022,Throat_1
OTU_97.14023,Hard_palate
OTU_97.14024,Right_Antecubital_fossa
OTU_97.14027,Right_Retroauricular_crease
OTU_97.14027,Hard_palate
OTU_97.14027,Tongue_dorsum_1
OTU_97.14029,Right_Retroauricular_crease
OTU_97.14029,Stool
OTU_97.14032,Stool_1
OTU_97.14037,Tongue_dorsum
OTU_97.14037,Buccal_mucosa
OTU_97.14037,Supragingival_plaque
OTU_97.14037,Palatine_Tonsils
OTU_97.14038,Subgingival_plaque
OTU_97.14038,Left_Antecubital_fossa_1
OTU_97.14038,Stool_1
OTU_97.14039,Left_Retroauricular_crease
OTU_97.14039,Palatine_Tonsils
OTU_97.1404,Right_Retroauricular_crease
OTU_97.1404,Subgingival_plaque_1
OTU_97.14040,Right_Retroauricular_crease_1
OTU_97.14040,Attached_Keratinized_gingiva_1
OTU_97.14040,Stool
OTU_97.14040,Stool_1
OTU_97.14040,Palatine_Tonsils
OTU_97.14043,Hard_palate
OTU_97.14043,Anterior_nares
OTU_97.14043,Anterior_nares_1
OTU_97.1405,Attached_Keratinized_gingiva_1
OTU_97.14058,Left_Antecubital_fossa_1
OTU_97.14058,Hard_palate
OTU_97.14058,Hard_palate_1
OTU_97.14058,Subgingival_plaque_1
OTU_97.14059,Tongue_dorsum
OTU_97.14059,Right_Antecubital_fossa_1
OTU_97.14063,Palatine_Tonsils
OTU_97.14063,Anterior_nares_1
OTU_97.14068,Supragingival_plaque
OTU_97.14068,Left_Antecubital_fossa_1
OTU_97.14068,Left_Retroauricular_crease
OTU_97.14068,Hard_palate
OTU_97.14068,Right_Antecubital_fossa_1
OTU_97.1407,Attached_Keratinized_gingiva
OTU_97.1407,Anterior_nares
OTU_97.14071,Tongue_dorsum
OTU_97.14071,Right_Antecubital_fossa
OTU_97.1408,Throat
OTU_97.1408,Left_Antecubital_fossa
OTU_97.14083,Buccal_mucosa_1
OTU_97.14083,Subgingival_plaque_1
OTU_97.14088,Left_Antecubital_fossa
OTU_97.14096,Left_Retroauricular_crease_1
OTU_97.14096,Left_Antecubital_fossa
OTU_97.1410,Tongue_dorsum
OTU_97.1410,Anterior_nares_1
OTU_97.14117,Left_Antecubital_fossa_1
OTU_97.14117,Right_Antecubital_fossa
OTU_97.14118,Buccal_mucosa_1
OTU_97.14118,Subgingival_plaque_1
OTU_97.14118,Attached_Keratinized_gingiva
OTU_97.1412,Left_Antecubital_fossa_1
OTU_97.1412,Palatine_Tonsils
OTU_97.1412,Palatine_Tonsils_1
OTU_97.14120,Supragingival_plaque_1
OTU_97.14120,Saliva
OTU_97.14120,Saliva_1
OTU_97.14120,Throat
OTU_97.14128,Buccal_mucosa
OTU_97.14128,Palatine_Tonsils
OTU_97.14128,Left_Retroauricular_crease_1
OTU_97.14129,Supragingival_plaque_1
OTU_97.14129,Buccal_mucosa
OTU_97.1413,Subgingival_plaque
OTU_97.1413,Tongue_dorsum_1
OTU_97.14131,Hard_palate_1
OTU_97.14132,Saliva
OTU_97.14132,Right_Antecubital_fossa
OTU_97.14132,Palatine_Tonsils
OTU_97.14132,Left_Retroauricular_crease_1
OTU_97.1414,Hard_palate
OTU_97.1414,Hard_palate_1
OTU_97.1414,Palatine_Tonsils_1
OTU_97.1414,Tongue_dorsum_1
OTU_97.14144,Right_Antecubital_fossa
OTU_97.14144,Stool
OTU_97.14144,Throat_1
OTU_97.14148,Subgingival_plaque_1
OTU_97.1415,Hard_palate
OTU_97.1415,Saliva_1
OTU_97.14154,Stool_1
OTU_97.14154,Left_Antecubital_fossa
OTU_97.14161,Right_Retroauricular_crease_1
OTU_97.14161,Anterior_nares_1
OTU_97.14163,Throat_1
OTU_97.14171,Left_Antecubital_fossa_1
OTU_97.14171,Subgingival_plaque_1
OTU_97.14171,Left_Retroauricular_crease_1
OTU_97.14172,Right_Antecubital_fossa
OTU_97.14172,Palatine_Tonsils_1
OTU_97.14176,Left_Retroauricular_crease
OTU_97.14176,Throat_1
OTU_97.14178,Supragingival_plaque
OTU_97.14178,Hard_palate_1
OTU_97.14178,Stool_1
OTU_97.14178,Anterior_nares
OTU_97.1418,Right_Antecubital_fossa
OTU_97.1418,Palatine_Tonsils
OTU_97.1418,Throat_1
OTU_97.14180,Tongue_dorsum
OTU_97.14180,Right_Antecubital_fossa
OTU_97.14180,Throat
OTU_97.14186,Buccal_mucosa_1
OTU_97.14187,Subgingival_plaque
OTU_97.14187,Supragingival_plaque_1
OTU_97.14187,Buccal_mucosa
OTU_97.14187,Hard_palate
OTU_97.14190,Right_Retroauricular_crease_1
OTU_97.14190,Hard_palate
OTU_97.14190,Subgingival_plaque_1
OTU_97.14190,Palatine_Tonsils
OTU_97.14190,Tongue_dorsum_1
OTU_97.14190,Anterior_nares_1
OTU_97.14206,Supragingival_plaque_1
OTU_97.14206,Buccal_mucosa
OTU_97.14206,Left_Antecubital_fossa_1
OTU_97.14206,Saliva_1
OTU_97.14211,Left_Antecubital_fossa_1
OTU_97.14211,Right_Antecubital_fossa_1
OTU_97.14212,Buccal_mucosa_1
OTU_97.14212,Anterior_nares_1
OTU_97.14219,Saliva
OTU_97.14219,Attached_Keratinized_gingiva_1
OTU_97.14219,Palatine_Tonsils
OTU_97.14240,Supragingival_plaque_1
OTU_97.14240,Throat
OTU_97.14249,Right_Antecubital_fossa_1
OTU_97.14250,Supragingival_plaque_1
OTU_97.14251,Right_Antecubital_fossa
OTU_97.14251,Palatine_Tonsils_1
OTU_97.14254,Attached_Keratinized_gingiva_1
OTU_97.14266,Stool
OTU_97.14266,Subgingival_plaque_1
OTU_97.14266,Throat_1
OTU_97.14266,Anterior_nares_1
OTU_97.14272,Buccal_mucosa_1
OTU_97.14272,Right_Antecubital_fossa_1
OTU_97.14273,Buccal_mucosa_1
OTU_97.14273,Tongue_dorsum_1
OTU_97.14275,Supragingival_plaque_1
OTU_97.14275,Buccal_mucosa_1
OTU_97.14279,Saliva_1
OTU_97.14279,Left_Retroauricular_crease_1
OTU_97.14281,Subgingival_plaque_1
OTU_97.14281,Palatine_Tonsils_1
OTU_97.14282,Attached_Keratinized_gingiva_1
OTU_97.14282,Hard_palate
OTU_97.14283,Subgingival_plaque
OTU_97.14283,Right_Antecubital_fossa
OTU_97.14283,Attached_Keratinized_gingiva
OTU_97.14283,Anterior_nares
OTU_97.14286,Buccal_mucosa
OTU_97.14286,Right_Retroauricular_crease
OTU_97.14286,Stool
OTU_97.14290,Right_Retroauricular_crease
OTU_97.14290,Left_Antecubital_fossa
OTU_97.14295,Palatine_Tonsils_1
OTU_97.143,Right_Retroauricular_crease
OTU_97.143,Subgingival_plaque_1
OTU_97.143,Left_Antecubital_fossa
OTU_97.1430,Stool_1
OTU_97.1430,Palatine_Tonsils_1
OTU_97.14300,Left_Retroauricular_crease
OTU_97.14300,Hard_palate
OTU_97.14303,Right_Retroauricular_crease_1
OTU_97.14303,Buccal_mucosa
OTU_97.14303,Attached_Keratinized_gingiva_1
OTU_97.14303,Subgingival_plaque_1
OTU_97.14304,Palatine_Tonsils
OTU_97.14305,Subgingival_plaque
OTU_97.14305,Left_Retroauricular_crease
OTU_97.14305,Hard_palate
OTU_97.14306,Right_Antecubital_fossa
OTU_97.14306,Stool
OTU_97.14306,Anterior_nares
OTU_97.14306,Anterior_nares_1
OTU_97.14318,Saliva
OTU_97.14318,Stool_1
OTU_97.14318,Attached_Keratinized_gingiva
OTU_97.14318,Left_Retroauricular_crease_1
OTU_97.1432,Tongue_dorsum
OTU_97.1432,Palatine_Tonsils_1
OTU_97.14320,Subgingival_plaque
OTU_97.14320,Supragingival_plaque
OTU_97.14320,Hard_palate_1
OTU_97.14324,Palatine_Tonsils
OTU_97.14324,Left_Antecubital_fossa
OTU_97.14332,Buccal_mucosa
OTU_97.14332,Left_Antecubital_fossa_1
OTU_97.14332,Right_Retroauricular_crease
OTU_97.14332,Left_Antecubital_fossa
OTU_97.14340,Buccal_mucosa
OTU_97.14340,Right_Antecubital_fossa
OTU_97.14340,Hard_palate
OTU_97.14341,Right_Retroauricular_crease_1
OTU_97.14341,Attached_Keratinized_gingiva_1
OTU_97.14341,Hard_palate
OTU_97.14341,Subgingival_plaque_1
OTU_97.14341,Palatine_Tonsils_1
OTU_97.14341,Left_Antecubital_fossa
OTU_97.14341,Anterior_nares_1
OTU_97.14346,Attached_Keratinized_gingiva_1
OTU_97.14346,Stool_1
OTU_97.14346,Throat
OTU_97.14347,Saliva
OTU_97.14347,Throat_1
OTU_97.1436,Right_Retroauricular_crease
OTU_97.1436,Buccal_mucosa_1
OTU_97.1436,Stool
OTU_97.1436,Attached_Keratinized_gingiva
OTU_97.14365,Palatine_Tonsils_1
OTU_97.14365,Tongue_dorsum_1
OTU_97.14366,Subgingival_plaque
OTU_97.14366,Attached_Keratinized_gingiva
OTU_97.14366,Throat_1
OTU_97.14368,Buccal_mucosa_1
OTU_97.14368,Throat_1
OTU_97.1437,Subgingival_plaque_1
OTU_97.1437,Saliva_1
OTU_97.1437,Throat
OTU_97.14374,Throat_1
OTU_97.14378,Buccal_mucosa
OTU_97.14378,Left_Antecubital_fossa
OTU_97.14378,Anterior_nares_1
OTU_97.14388,Tongue_dorsum
OTU_97.14388,Right_Antecubital_fossa
OTU_97.14388,Palatine_Tonsils
OTU_97.14393,Stool
OTU_97.14396,Supragingival_plaque_1
OTU_97.14396,Supragingival_plaque
OTU_97.14396,Right_Retroauricular_crease
OTU_97.14396,Hard_palate_1
OTU_97.14396,Tongue_dorsum_1
OTU_97.14396,Right_Antecubital_fossa_1
OTU_97.14398,Buccal_mucosa
OTU_97.14398,Right_Retroauricular_crease
OTU_97.14398,Left_Retroauricular_crease
OTU_97.14398,Palatine_Tonsils_1
OTU_97.144,Buccal_mucosa
OTU_97.144,Stool
OTU_97.14405,Subgingival_plaque
OTU_97.14405,Right_Antecubital_fossa
OTU_97.14405,Hard_palate_1
OTU_97.14405,Tongue_dorsum_1
OTU_97.14405,Right_Antecubital_fossa_1
OTU_97.14415,Subgingival_plaque_1
OTU_97.14415,Palatine_Tonsils_1
OTU_97.14416,Supragingival_plaque_1
OTU_97.14416,Buccal_mucosa
OTU_97.14416,Left_Antecubital_fossa_1
OTU_97.14416,Subgingival_plaque_1
OTU_97.14419,Attached_Keratinized_gingiva_1
OTU_97.14419,Buccal_mucosa_1
OTU_97.14419,Palatine_Tonsils
OTU_97.14419,Anterior_nares
OTU_97.14426,Supragingival_plaque_1
OTU_97.14426,Buccal_mucosa
OTU_97.14426,Attached_Keratinized_gingiva
OTU_97.14430,Right_Retroauricular_crease_1
OTU_97.14430,Throat
OTU_97.14434,Left_Antecubital_fossa_1
OTU_97.14438,Buccal_mucosa_1
OTU_97.14439,Buccal_mucosa
OTU_97.14439,Throat_1
OTU_97.1444,Subgingival_plaque
OTU_97.1444,Supragingival_plaque_1
OTU_97.1444,Stool
OTU_97.1444,Anterior_nares_1
OTU_97.14443,Attached_Keratinized_gingiva
OTU_97.14443,Palatine_Tonsils_1
OTU_97.14443,Anterior_nares
OTU_97.14443,Left_Antecubital_fossa
OTU_97.1445,Subgingival_plaque
OTU_97.1445,Subgingival_plaque_1
OTU_97.14457,Buccal_mucosa
OTU_97.14457,Hard_palate_1
OTU_97.14457,Left_Retroauricular_crease_1
OTU_97.14472,Saliva_1
OTU_97.14473,Right_Antecubital_fossa
OTU_97.14473,Left_Antecubital_fossa
OTU_97.14473,Throat_1
OTU_97.14474,Supragingival_plaque_1
OTU_97.14482,Tongue_dorsum
OTU_97.14482,Subgingival_plaque_1
OTU_97.14482,Palatine_Tonsils
OTU_97.14485,Stool_1
OTU_97.14485,Throat_1
OTU_97.14488,Right_Retroauricular_crease_1
OTU_97.14488,Saliva
OTU_97.14488,Palatine_Tonsils
OTU_97.14490,Throat_1
OTU_97.14497,Supragingival_plaque
OTU_97.14497,Buccal_mucosa_1
OTU_97.14497,Anterior_nares
OTU_97.14497,Right_Antecubital_fossa_1
OTU_97.14497,Throat_1
OTU_97.145,Tongue_dorsum
OTU_97.145,Hard_palate
OTU_97.145,Stool
OTU_97.145,Throat
OTU_97.145,Attached_Keratinized_gingiva
OTU_97.14500,Left_Retroauricular_crease
OTU_97.14500,Anterior_nares
OTU_97.14500,Throat_1
OTU_97.14501,Attached_Keratinized_gingiva_1
OTU_97.14501,Stool
OTU_97.14501,Subgingival_plaque_1
OTU_97.14503,Subgingival_plaque
OTU_97.14503,Subgingival_plaque_1
OTU_97.14503,Saliva_1
OTU_97.14504,Right_Retroauricular_crease_1
OTU_97.14504,Anterior_nares_1
OTU_97.14507,Right_Retroauricular_crease
OTU_97.14507,Tongue_dorsum_1
OTU_97.14519,Saliva
OTU_97.14519,Hard_palate_1
OTU_97.1452,Left_Antecubital_fossa
OTU_97.1452,Tongue_dorsum_1
OTU_97.14530,Saliva_1
OTU_97.14530,Throat
OTU_97.14530,Palatine_Tonsils_1
OTU_97.14535,Supragingival_plaque_1
OTU_97.14539,Supragingival_plaque
OTU_97.14539,Subgingival_plaque_1
OTU_97.14539,Right_Antecubital_fossa_1
OTU_97.14539,Anterior_nares_1
OTU_97.14540,Saliva
OTU_97.14540,Buccal_mucosa_1
OTU_97.14540,Saliva_1
OTU_97.14549,Stool
OTU_97.1455,Supragingival_plaque_1
OTU_97.14559,Hard_palate
OTU_97.14561,Right_Antecubital_fossa
OTU_97.14561,Left_Retroauricular_crease
OTU_97.14564,Supragingival_plaque
OTU_97.14564,Saliva
OTU_97.14570,Attached_Keratinized_gingiva_1
OTU_97.14570,Stool
OTU_97.14570,Anterior_nares
OTU_97.14572,Right_Retroauricular_crease
OTU_97.14572,Buccal_mucosa_1
OTU_97.14572,Right_Antecubital_fossa_1
OTU_97.14575,Stool
OTU_97.14579,Right_Retroauricular_crease
OTU_97.14579,Hard_palate_1
OTU_97.14579,Saliva_1
OTU_97.1458,Attached_Keratinized_gingiva
OTU_97.1458,Anterior_nares
OTU_97.14589,Right_Retroauricular_crease
OTU_97.1459,Saliva
OTU_97.1459,Right_Antecubital_fossa_1
OTU_97.14594,Saliva
OTU_97.14594,Saliva_1
OTU_97.14594,Throat_1
OTU_97.14599,Tongue_dorsum
OTU_97.14599,Saliva_1
OTU_97.1461,Left_Retroauricular_crease_1
OTU_97.14614,Right_Retroauricular_crease_1
OTU_97.14614,Left_Retroauricular_crease_1
OTU_97.14619,Stool_1
OTU_97.14619,Saliva_1
OTU_97.14619,Tongue_dorsum_1
OTU_97.14619,Throat_1
OTU_97.14620,Tongue_dorsum
OTU_97.14620,Tongue_dorsum_1
OTU_97.14620,Throat_1
OTU_97.14631,Buccal_mucosa_1
OTU_97.14631,Left_Retroauricular_crease_1
OTU_97.14631,Tongue_dorsum_1
OTU_97.14632,Tongue_dorsum
OTU_97.14632,Left_Antecubital_fossa_1
OTU_97.14632,Palatine_Tonsils_1
OTU_97.14632,Anterior_nares
OTU_97.14633,Tongue_dorsum
OTU_97.14633,Right_Retroauricular_crease_1
OTU_97.14639,Saliva
OTU_97.14639,Hard_palate_1
OTU_97.14639,Stool
OTU_97.1464,Right_Retroauricular_crease_1
OTU_97.1464,Subgingival_plaque
OTU_97.1464,Left_Retroauricular_crease_1
OTU_97.14645,Subgingival_plaque
OTU_97.14645,Buccal_mucosa
OTU_97.14645,Throat_1
OTU_97.1465,Tongue_dorsum
OTU_97.1465,Saliva_1
OTU_97.14652,Supragingival_plaque
OTU_97.14652,Stool_1
OTU_97.14653,Tongue_dorsum
OTU_97.14653,Throat
OTU_97.14653,Palatine_Tonsils_1
OTU_97.14653,Anterior_nares_1
OTU_97.14656,Right_Retroauricular_crease
OTU_97.14656,Hard_palate_1
OTU_97.14656,Throat
OTU_97.14671,Left_Antecubital_fossa_1
OTU_97.14671,Left_Retroauricular_crease
OTU_97.14671,Throat
OTU_97.14671,Attached_Keratinized_gingiva
OTU_97.14675,Right_Retroauricular_crease_1
OTU_97.14675,Palatine_Tonsils
OTU_97.14679,Left_Retroauricular_crease
OTU_97.14680,Tongue_dorsum
OTU_97.14680,Right_Antecubital_fossa_1
OTU_97.1470,Right_Retroauricular_crease
OTU_97.1470,Buccal_mucosa_1
OTU_97.1470,Stool
OTU_97.1470,Anterior_nares
OTU_97.14702,Subgingival_plaque
OTU_97.14702,Left_Retroauricular_crease
OTU_97.14702,Saliva_1
OTU_97.14702,Palatine_Tonsils
OTU_97.14702,Anterior_nares
OTU_97.14705,Tongue_dorsum
OTU_97.14705,Subgingival_plaque_1
OTU_97.14707,Stool_1
OTU_97.14707,Right_Antecubital_fossa_1
OTU_97.14717,Supragingival_plaque_1
OTU_97.14717,Buccal_mucosa
OTU_97.14717,Stool_1
OTU_97.14717,Tongue_dorsum_1
OTU_97.14720,Subgingival_plaque
OTU_97.14720,Stool_1
OTU_97.14720,Palatine_Tonsils_1
OTU_97.14720,Tongue_dorsum_1
OTU_97.14733,Tongue_dorsum
OTU_97.14733,Hard_palate_1
OTU_97.14741,Right_Antecubital_fossa
OTU_97.14743,Saliva_1
OTU_97.14743,Attached_Keratinized_gingiva
OTU_97.14743,Right_Antecubital_fossa_1
OTU_97.14745,Attached_Keratinized_gingiva_1
OTU_97.14745,Tongue_dorsum_1
OTU_97.14745,Right_Antecubital_fossa_1
OTU_97.14746,Stool_1
OTU_97.14746,Left_Retroauricular_crease_1
OTU_97.14746,Throat_1
OTU_97.14749,Right_Retroauricular_crease_1
OTU_97.14749,Hard_palate
OTU_97.14749,Subgingival_plaque_1
OTU_97.14749,Palatine_Tonsils_1
OTU_97.14750,Right_Retroauricular_crease_1
OTU_97.14750,Left_Antecubital_fossa_1
OTU_97.14750,Palatine_Tonsils
OTU_97.14751,Right_Retroauricular_crease_1
OTU_97.14751,Throat
OTU_97.14759,Stool
OTU_97.14759,Palatine_Tonsils
OTU_97.14759,Palatine_Tonsils_1
OTU_97.14764,Palatine_Tonsils_1
OTU_97.14765,Supragingival_plaque_1
OTU_97.14765,Left_Retroauricular_crease
OTU_97.14765,Throat
OTU_97.14765,Tongue_dorsum_1
OTU_97.14765,Throat_1
OTU_97.14773,Buccal_mucosa
OTU_97.14773,Subgingival_plaque_1
OTU_97.14776,Right_Retroauricular_crease_1
OTU_97.14776,Attached_Keratinized_gingiva_1
OTU_97.14776,Tongue_dorsum_1
OTU_97.14777,Left_Antecubital_fossa_1
OTU_97.14777,Stool
OTU_97.14779,Tongue_dorsum
OTU_97.14779,Right_Antecubital_fossa
OTU_97.14781,Right_Retroauricular_crease_1
OTU_97.14781,Subgingival_plaque_1
OTU_97.14787,Tongue_dorsum
OTU_97.14787,Left_Antecubital_fossa_1
OTU_97.14789,Supragingival_plaque
OTU_97.14789,Stool
OTU_97.14796,Subgingival_plaque_1
OTU_97.14797,Supragingival_plaque_1
OTU_97.14797,Tongue_dorsum_1
OTU_97.14797,Throat_1
OTU_97.148,Subgingival_plaque_1
OTU_97.1480,Palatine_Tonsils
OTU_97.14803,Supragingival_plaque_1
OTU_97.14803,Throat
OTU_97.14803,Left_Retroauricular_crease_1
OTU_97.14804,Right_Antecubital_fossa_1
OTU_97.14804,Throat_1
OTU_97.14805,Subgingival_plaque
OTU_97.14805,Subgingival_plaque_1
OTU_97.14805,Palatine_Tonsils_1
OTU_97.14805,Anterior_nares_1
OTU_97.14806,Left_Retroauricular_crease
OTU_97.14806,Hard_palate
OTU_97.14806,Left_Retroauricular_crease_1
OTU_97.14806,Tongue_dorsum_1
OTU_97.14806,Throat_1
OTU_97.14809,Left_Retroauricular_crease
OTU_97.14809,Hard_palate_1
OTU_97.14809,Anterior_nares
OTU_97.14819,Right_Antecubital_fossa
OTU_97.14819,Subgingival_plaque_1
OTU_97.14820,Right_Retroauricular_crease_1
OTU_97.14820,Right_Retroauricular_crease
OTU_97.14820,Left_Retroauricular_crease
OTU_97.14820,Attached_Keratinized_gingiva_1
OTU_97.14820,Throat_1
OTU_97.14824,Tongue_dorsum
OTU_97.14824,Hard_palate_1
OTU_97.14824,Palatine_Tonsils
OTU_97.14824,Right_Antecubital_fossa_1
OTU_97.14829,Subgingival_plaque_1
OTU_97.14829,Saliva_1
OTU_97.14831,Buccal_mucosa_1
OTU_97.14833,Left_Antecubital_fossa_1
OTU_97.14837,Left_Retroauricular_crease_1
OTU_97.14837,Anterior_nares
OTU_97.14838,Right_Antecubital_fossa
OTU_97.14838,Attached_Keratinized_gingiva_1
OTU_97.14838,Palatine_Tonsils_1
OTU_97.14839,Buccal_mucosa_1
OTU_97.14839,Palatine_Tonsils_1
OTU_97.14839,Tongue_dorsum_1
OTU_97.14843,Stool
OTU_97.14843,Saliva_1
OTU_97.14843,Left_Retroauricular_crease_1
OTU_97.14854,Right_Retroauricular_crease_1
OTU_97.14856,Buccal_mucosa
OTU_97.14856,Palatine_Tonsils
OTU_97.14867,Left_Retroauricular_crease
OTU_97.14867,Attached_Keratinized_gingiva_1
OTU_97.14867,Palatine_Tonsils_1
OTU_97.14876,Tongue_dorsum
OTU_97.14876,Subgingival_plaque
OTU_97.14876,Throat
OTU_97.14876,Anterior_nares
OTU_97.14876,Anterior_nares_1
OTU_97.14878,Throat_1
OTU_97.14880,Throat_1
OTU_97.14884,Left_Retroauricular_crease
OTU_97.14884,Hard_palate
OTU_97.14884,Left_Antecubital_fossa
OTU_97.14884,Tongue_dorsum_1
OTU_97.14889,Supragingival_plaque
OTU_97.14891,Supragingival_plaque_1
OTU_97.14891,Saliva
OTU_97.14894,Subgingival_plaque
OTU_97.14894,Right_Antecubital_fossa
OTU_97.14894,Attached_Keratinized_gingiva_1
OTU_97.14894,Attached_Keratinized_gingiva
OTU_97.14895,Hard_palate_1
OTU_97.14895,Buccal_mucosa_1
OTU_97.14895,Palatine_Tonsils
OTU_97.14895,Left_Antecubital_fossa
OTU_97.14899,Palatine_Tonsils
OTU_97.14899,Left_Antecubital_fossa
OTU_97.149,Right_Retroauricular_crease_1
OTU_97.149,Right_Antecubital_fossa
OTU_97.149,Saliva_1
OTU_97.149,Throat
OTU_97.1490,Subgingival_plaque
OTU_97.1490,Stool
OTU_97.1490,Right_Antecubital_fossa_1
OTU_97.14909,Subgingival_plaque
OTU_97.14909,Supragingival_plaque_1
OTU_97.14909,Hard_palate_1
OTU_97.14909,Buccal_mucosa_1
OTU_97.14909,Attached_Keratinized_gingiva
OTU_97.14911,Subgingival_plaque_1
OTU_97.14911,Throat
OTU_97.14913,Left_Antecubital_fossa_1
OTU_97.14913,Hard_palate
OTU_97.14913,Hard_palate_1
OTU_97.14913,Subgingival_plaque_1
OTU_97.14913,Anterior_nares
OTU_97.14915,Left_Antecubital_fossa_1
OTU_97.14915,Attached_Keratinized_gingiva_1
OTU_97.14917,Left_Antecubital_fossa_1
OTU_97.14917,Attached_Keratinized_gingiva
OTU_97.14917,Palatine_Tonsils_1
OTU_97.14917,Throat_1
OTU_97.14917,Anterior_nares_1
OTU_97.1492,Buccal_mucosa
OTU_97.1492,Attached_Keratinized_gingiva_1
OTU_97.14920,Supragingival_plaque_1
OTU_97.14920,Subgingival_plaque_1
OTU_97.14920,Palatine_Tonsils_1
OTU_97.14925,Right_Retroauricular_crease_1
OTU_97.14925,Left_Retroauricular_crease
OTU_97.14925,Attached_Keratinized_gingiva
OTU_97.14925,Anterior_nares
OTU_97.14926,Right_Antecubital_fossa_1
OTU_97.1493,Attached_Keratinized_gingiva_1
OTU_97.1493,Hard_palate
OTU_97.1493,Hard_palate_1
OTU_97.1493,Anterior_nares
OTU_97.1493,Right_Antecubital_fossa_1
OTU_97.14931,Saliva
OTU_97.14931,Subgingival_plaque_1
OTU_97.14932,Hard_palate
OTU_97.14932,Throat
OTU_97.14932,Attached_Keratinized_gingiva
OTU_97.14939,Left_Antecubital_fossa_1
OTU_97.14939,Right_Antecubital_fossa
OTU_97.14939,Buccal_mucosa_1
OTU_97.1495,Stool
OTU_97.14953,Saliva
OTU_97.14953,Left_Antecubital_fossa_1
OTU_97.14953,Tongue_dorsum_1
OTU_97.14953,Throat_1
OTU_97.14954,Palatine_Tonsils_1
OTU_97.14956,Right_Retroauricular_crease
OTU_97.14959,Buccal_mucosa_1
OTU_97.14959,Palatine_Tonsils_1
OTU_97.14962,Left_Retroauricular_crease
OTU_97.14962,Subgingival_plaque_1
OTU_97.14962,Anterior_nares_1
OTU_97.14972,Supragingival_plaque
OTU_97.14972,Left_Retroauricular_crease
OTU_97.14972,Hard_palate_1
OTU_97.14972,Tongue_dorsum_1
OTU_97.1498,Buccal_mucosa_1
OTU_97.1498,Subgingival_plaque_1
OTU_97.1498,Anterior_nares
OTU_97.1498,Tongue_dorsum_1
OTU_97.1498,Right_Antecubital_fossa_1
OTU_97.14980,Supragingival_plaque_1
OTU_97.14980,Palatine_Tonsils_1
OTU_97.14982,Right_Antecubital_fossa
OTU_97.14982,Attached_Keratinized_gingiva_1
OTU_97.14982,Tongue_dorsum_1
OTU_97.1499,Left_Retroauricular_crease_1
OTU_97.1499,Tongue_dorsum_1
OTU_97.1499,Right_Antecubital_fossa_1
OTU_97.14994,Right_Antecubital_fossa_1
OTU_97.14996,Supragingival_plaque
OTU_97.14996,Throat
OTU_97.14996,Anterior_nares
OTU_97.15,Buccal_mucosa
OTU_97.15,Supragingival_plaque
OTU_97.15,Stool_1
OTU_97.15,Throat
OTU_97.15,Anterior_nares
OTU_97.150,Right_Retroauricular_crease
OTU_97.150,Stool
OTU_97.1500,Tongue_dorsum
OTU_97.1500,Left_Antecubital_fossa_1
OTU_97.1500,Attached_Keratinized_gingiva_1
OTU_97.1500,Buccal_mucosa_1
OTU_97.15000,Subgingival_plaque
OTU_97.15000,Supragingival_plaque_1
OTU_97.15000,Anterior_nares_1
OTU_97.15003,Saliva
OTU_97.15003,Tongue_dorsum_1
OTU_97.15003,Anterior_nares_1
OTU_97.15009,Buccal_mucosa
OTU_97.15009,Palatine_Tonsils_1
OTU_97.15009,Throat_1
OTU_97.1501,Supragingival_plaque_1
OTU_97.15010,Attached_Keratinized_gingiva_1
OTU_97.15010,Hard_palate_1
OTU_97.15010,Buccal_mucosa_1
OTU_97.15010,Left_Antecubital_fossa
OTU_97.15010,Anterior_nares_1
OTU_97.15012,Saliva
OTU_97.15012,Left_Antecubital_fossa
OTU_97.15012,Tongue_dorsum_1
OTU_97.15012,Throat_1
OTU_97.15014,Supragingival_plaque_1
OTU_97.15014,Left_Retroauricular_crease
OTU_97.15014,Subgingival_plaque_1
OTU_97.15014,Left_Antecubital_fossa
OTU_97.15017,Buccal_mucosa_1
OTU_97.15024,Subgingival_plaque_1
OTU_97.15024,Saliva_1
OTU_97.15024,Attached_Keratinized_gingiva
OTU_97.15026,Left_Antecubital_fossa_1
OTU_97.15026,Stool_1
OTU_97.15028,Left_Antecubital_fossa_1
OTU_97.15028,Buccal_mucosa_1
OTU_97.15034,Left_Antecubital_fossa_1
OTU_97.15034,Left_Retroauricular_crease
OTU_97.15034,Hard_palate
OTU_97.15034,Buccal_mucosa_1
OTU_97.15037,Left_Antecubital_fossa_1
OTU_97.15037,Attached_Keratinized_gingiva_1
OTU_97.15037,Attached_Keratinized_gingiva
OTU_97.15037,Anterior_nares
OTU_97.15039,Hard_palate
OTU_97.15039,Subgingival_plaque_1
OTU_97.15039,Left_Retroauricular_crease_1
OTU_97.15042,Tongue_dorsum
OTU_97.15042,Right_Retroauricular_crease
OTU_97.15042,Right_Antecubital_fossa
OTU_97.15047,Attached_Keratinized_gingiva
OTU_97.15047,Palatine_Tonsils_1
OTU_97.15047,Anterior_nares_1
OTU_97.1505,Buccal_mucosa_1
OTU_97.15055,Subgingival_plaque_1
OTU_97.15055,Left_Retroauricular_crease_1
OTU_97.15055,Throat_1
OTU_97.15058,Right_Retroauricular_crease
OTU_97.15058,Hard_palate_1
OTU_97.15058,Stool_1
OTU_97.15066,Attached_Keratinized_gingiva_1
OTU_97.15066,Subgingival_plaque_1
OTU_97.15066,Palatine_Tonsils
OTU_97.15066,Throat_1
OTU_97.1507,Left_Retroauricular_crease_1
OTU_97.15074,Supragingival_plaque_1
OTU_97.15074,Left_Retroauricular_crease
OTU_97.15085,Supragingival_plaque_1
OTU_97.15085,Hard_palate_1
OTU_97.1509,Tongue_dorsum
OTU_97.1509,Saliva
OTU_97.1509,Throat_1
OTU_97.15091,Subgingival_plaque
OTU_97.15091,Saliva
OTU_97.1510,Right_Antecubital_fossa
OTU_97.15104,Subgingival_plaque
OTU_97.15115,Saliva
OTU_97.15115,Right_Retroauricular_crease
OTU_97.15121,Hard_palate_1
OTU_97.15121,Anterior_nares
OTU_97.15122,Supragingival_plaque_1
OTU_97.15122,Supragingival_plaque
OTU_97.15124,Stool_1
OTU_97.15124,Anterior_nares
OTU_97.15125,Supragingival_plaque
OTU_97.1513,Supragingival_plaque_1
OTU_97.1513,Right_Retroauricular_crease
OTU_97.1513,Subgingival_plaque_1
OTU_97.15131,Left_Antecubital_fossa
OTU_97.15132,Left_Antecubital_fossa
OTU_97.15137,Buccal_mucosa
OTU_97.15137,Attached_Keratinized_gingiva
OTU_97.15137,Left_Antecubital_fossa
OTU_97.1514,Stool_1
OTU_97.1514,Palatine_Tonsils_1
OTU_97.15145,Subgingival_plaque
OTU_97.15145,Tongue_dorsum_1
OTU_97.15150,Right_Retroauricular_crease_1
OTU_97.15150,Subgingival_plaque
OTU_97.15151,Subgingival_plaque
OTU_97.15151,Supragingival_plaque_1
OTU_97.15151,Saliva
OTU_97.15151,Attached_Keratinized_gingiva_1
OTU_97.15151,Saliva_1
OTU_97.15151,Anterior_nares_1
OTU_97.15154,Supragingival_plaque_1
OTU_97.15154,Left_Antecubital_fossa_1
OTU_97.15154,Hard_palate
OTU_97.15163,Buccal_mucosa
OTU_97.15163,Saliva_1
OTU_97.15163,Left_Antecubital_fossa
OTU_97.15174,Right_Retroauricular_crease
OTU_97.15174,Attached_Keratinized_gingiva_1
OTU_97.15174,Hard_palate_1
OTU_97.15174,Palatine_Tonsils
OTU_97.15174,Left_Antecubital_fossa
OTU_97.1518,Subgingival_plaque_1
OTU_97.1518,Attached_Keratinized_gingiva
OTU_97.15181,Buccal_mucosa
OTU_97.15181,Right_Retroauricular_crease
OTU_97.15181,Right_Antecubital_fossa
OTU_97.15183,Subgingival_plaque
OTU_97.15183,Supragingival_plaque_1
OTU_97.15183,Hard_palate
OTU_97.15186,Supragingival_plaque_1
OTU_97.15186,Saliva
OTU_97.15186,Palatine_Tonsils
OTU_97.15188,Tongue_dorsum
OTU_97.15188,Anterior_nares
OTU_97.152,Attached_Keratinized_gingiva_1
OTU_97.152,Palatine_Tonsils
OTU_97.15211,Stool_1
OTU_97.15211,Right_Antecubital_fossa_1
OTU_97.15218,Buccal_mucosa
OTU_97.15218,Left_Antecubital_fossa_1
OTU_97.15218,Hard_palate_1
OTU_97.15218,Right_Antecubital_fossa_1
OTU_97.15221,Subgingival_plaque_1
OTU_97.15221,Palatine_Tonsils
OTU_97.15221,Palatine_Tonsils_1
OTU_97.15221,Left_Antecubital_fossa
OTU_97.15223,Buccal_mucosa_1
OTU_97.15223,Anterior_nares
OTU_97.15226,Buccal_mucosa_1
OTU_97.15226,Left_Antecubital_fossa
OTU_97.1523,Supragingival_plaque_1
OTU_97.15231,Anterior_nares_1
OTU_97.15235,Right_Retroauricular_crease_1
OTU_97.15235,Left_Retroauricular_crease
OTU_97.15237,Subgingival_plaque
OTU_97.15237,Subgingival_plaque_1
OTU_97.15243,Stool_1
OTU_97.15243,Throat_1
OTU_97.1525,Buccal_mucosa
OTU_97.1525,Stool
OTU_97.1525,Saliva_1
OTU_97.1525,Throat_1
OTU_97.15251,Right_Retroauricular_crease
OTU_97.15251,Subgingival_plaque_1
OTU_97.15251,Anterior_nares
OTU_97.15254,Right_Retroauricular_crease_1
OTU_97.15254,Hard_palate
OTU_97.15254,Saliva_1
OTU_97.15254,Right_Antecubital_fossa_1
OTU_97.15257,Supragingival_plaque_1
OTU_97.15257,Left_Retroauricular_crease
OTU_97.15258,Right_Retroauricular_crease_1
OTU_97.15258,Attached_Keratinized_gingiva_1
OTU_97.1526,Right_Antecubital_fossa
OTU_97.1526,Left_Retroauricular_crease
OTU_97.1526,Attached_Keratinized_gingiva_1
OTU_97.1526,Stool
OTU_97.1526,Right_Antecubital_fossa_1
OTU_97.15261,Stool
OTU_97.15261,Left_Antecubital_fossa
OTU_97.15265,Left_Antecubital_fossa_1
OTU_97.15265,Attached_Keratinized_gingiva_1
OTU_97.1527,Tongue_dorsum
OTU_97.1527,Palatine_Tonsils_1
OTU_97.15272,Buccal_mucosa
OTU_97.15272,Right_Antecubital_fossa
OTU_97.15276,Subgingival_plaque
OTU_97.15276,Supragingival_plaque
OTU_97.15276,Palatine_Tonsils
OTU_97.15280,Right_Retroauricular_crease_1
OTU_97.15280,Left_Retroauricular_crease
OTU_97.15287,Tongue_dorsum
OTU_97.15287,Subgingival_plaque_1
OTU_97.15287,Tongue_dorsum_1
OTU_97.15292,Supragingival_plaque
OTU_97.15292,Right_Retroauricular_crease
OTU_97.15292,Left_Retroauricular_crease_1
OTU_97.15299,Subgingival_plaque
OTU_97.15299,Buccal_mucosa
OTU_97.15299,Left_Retroauricular_crease
OTU_97.15299,Palatine_Tonsils
OTU_97.153,Supragingival_plaque
OTU_97.153,Palatine_Tonsils
OTU_97.1530,Right_Retroauricular_crease_1
OTU_97.1530,Buccal_mucosa_1
OTU_97.15306,Right_Antecubital_fossa
OTU_97.15306,Subgingival_plaque_1
OTU_97.15315,Left_Retroauricular_crease
OTU_97.15315,Stool_1
OTU_97.15320,Left_Antecubital_fossa_1
OTU_97.15320,Throat
OTU_97.15320,Tongue_dorsum_1
OTU_97.15321,Tongue_dorsum
OTU_97.15321,Right_Retroauricular_crease_1
OTU_97.15321,Left_Antecubital_fossa
OTU_97.15322,Attached_Keratinized_gingiva_1
OTU_97.15322,Left_Retroauricular_crease_1
OTU_97.15333,Subgingival_plaque
OTU_97.15333,Hard_palate
OTU_97.15335,Stool_1
OTU_97.15335,Left_Retroauricular_crease_1
OTU_97.15347,Attached_Keratinized_gingiva_1
OTU_97.15347,Anterior_nares_1
OTU_97.15349,Tongue_dorsum
OTU_97.15349,Palatine_Tonsils_1
OTU_97.15349,Left_Retroauricular_crease_1
OTU_97.1535,Tongue_dorsum_1
OTU_97.15352,Left_Retroauricular_crease
OTU_97.15363,Hard_palate_1
OTU_97.15363,Left_Antecubital_fossa
OTU_97.15364,Supragingival_plaque
OTU_97.15364,Buccal_mucosa_1
OTU_97.15364,Right_Antecubital_fossa_1
OTU_97.15376,Subgingival_plaque
OTU_97.15380,Left_Retroauricular_crease_1
OTU_97.15386,Saliva
OTU_97.15386,Attached_Keratinized_gingiva_1
OTU_97.15386,Left_Retroauricular_crease_1
OTU_97.15388,Supragingival_plaque
OTU_97.15388,Anterior_nares_1
OTU_97.1539,Right_Retroauricular_crease
OTU_97.15397,Hard_palate
OTU_97.15397,Left_Antecubital_fossa
OTU_97.15397,Right_Antecubital_fossa_1
OTU_97.1540,Attached_Keratinized_gingiva_1
OTU_97.1540,Hard_palate
OTU_97.1540,Throat_1
OTU_97.15401,Saliva
OTU_97.15401,Attached_Keratinized_gingiva_1
OTU_97.15403,Right_Antecubital_fossa
OTU_97.15405,Right_Retroauricular_crease_1
OTU_97.15405,Buccal_mucosa
OTU_97.15406,Left_Antecubital_fossa_1
OTU_97.15406,Right_Retroauricular_crease
OTU_97.15406,Subgingival_plaque_1
OTU_97.1541,Attached_Keratinized_gingiva_1
OTU_97.1541,Attached_Keratinized_gingiva
OTU_97.15410,Attached_Keratinized_gingiva_1
OTU_97.15410,Hard_palate_1
OTU_97.15410,Palatine_Tonsils_1
OTU_97.15410,Right_Antecubital_fossa_1
OTU_97.15415,Supragingival_plaque_1
OTU_97.15415,Buccal_mucosa
OTU_97.15415,Buccal_mucosa_1
OTU_97.15416,Subgingival_plaque_1
OTU_97.15416,Palatine_Tonsils_1
OTU_97.15418,Supragingival_plaque
OTU_97.15418,Left_Antecubital_fossa_1
OTU_97.15424,Right_Retroauricular_crease
OTU_97.15424,Left_Retroauricular_crease
OTU_97.15424,Stool
OTU_97.15436,Right_Retroauricular_crease
OTU_97.15436,Attached_Keratinized_gingiva
OTU_97.15436,Anterior_nares_1
OTU_97.15437,Tongue_dorsum
OTU_97.15437,Throat
OTU_97.15437,Attached_Keratinized_gingiva
OTU_97.15438,Tongue_dorsum
OTU_97.15438,Tongue_dorsum_1
OTU_97.1544,Subgingival_plaque
OTU_97.1544,Throat
OTU_97.1544,Left_Antecubital_fossa
OTU_97.15443,Saliva
OTU_97.15443,Palatine_Tonsils_1
OTU_97.15449,Left_Antecubital_fossa_1
OTU_97.15449,Left_Antecubital_fossa
OTU_97.15451,Right_Retroauricular_crease_1
OTU_97.15451,Supragingival_plaque
OTU_97.15451,Right_Antecubital_fossa
OTU_97.15453,Attached_Keratinized_gingiva_1
OTU_97.15453,Left_Retroauricular_crease_1
OTU_97.15453,Anterior_nares
OTU_97.15456,Hard_palate
OTU_97.15457,Saliva_1
OTU_97.15457,Left_Antecubital_fossa
OTU_97.15458,Tongue_dorsum
OTU_97.15458,Buccal_mucosa
OTU_97.15460,Attached_Keratinized_gingiva_1
OTU_97.15460,Subgingival_plaque_1
OTU_97.15460,Saliva_1
OTU_97.15460,Left_Retroauricular_crease_1
OTU_97.15465,Left_Antecubital_fossa_1
OTU_97.15465,Throat
OTU_97.1547,Saliva
OTU_97.1547,Left_Antecubital_fossa_1
OTU_97.1547,Attached_Keratinized_gingiva_1
OTU_97.1547,Throat
OTU_97.1547,Attached_Keratinized_gingiva
OTU_97.1547,Left_Antecubital_fossa
OTU_97.1547,Right_Antecubital_fossa_1
OTU_97.15474,Buccal_mucosa
OTU_97.15474,Left_Retroauricular_crease
OTU_97.15475,Left_Antecubital_fossa
OTU_97.1548,Buccal_mucosa
OTU_97.1548,Supragingival_plaque
OTU_97.15485,Right_Retroauricular_crease_1
OTU_97.15485,Supragingival_plaque
OTU_97.15485,Buccal_mucosa_1
OTU_97.15485,Attached_Keratinized_gingiva
OTU_97.15487,Saliva_1
OTU_97.15495,Left_Retroauricular_crease_1
OTU_97.15500,Right_Retroauricular_crease_1
OTU_97.15500,Saliva
OTU_97.15500,Left_Antecubital_fossa_1
OTU_97.15500,Saliva_1
OTU_97.15500,Tongue_dorsum_1
OTU_97.15504,Left_Retroauricular_crease
OTU_97.15504,Throat
OTU_97.15504,Palatine_Tonsils_1
OTU_97.15506,Attached_Keratinized_gingiva_1
OTU_97.15507,Supragingival_plaque_1
OTU_97.15507,Anterior_nares
OTU_97.15507,Throat_1
OTU_97.15508,Supragingival_plaque
OTU_97.15508,Hard_palate
OTU_97.15513,Stool_1
OTU_97.15513,Palatine_Tonsils
OTU_97.15526,Palatine_Tonsils_1
OTU_97.1553,Left_Antecubital_fossa_1
OTU_97.1553,Hard_palate
OTU_97.1553,Subgingival_plaque_1
OTU_97.1553,Tongue_dorsum_1
OTU_97.15539,Buccal_mucosa_1
OTU_97.15539,Tongue_dorsum_1
OTU_97.15548,Attached_Keratinized_gingiva_1
OTU_97.15548,Palatine_Tonsils_1
OTU_97.15548,Left_Antecubital_fossa
OTU_97.15554,Buccal_mucosa
OTU_97.15559,Left_Antecubital_fossa
OTU_97.15559,Right_Antecubital_fossa_1
OTU_97.15560,Left_Antecubital_fossa_1
OTU_97.15560,Palatine_Tonsils_1
OTU_97.15560,Left_Retroauricular_crease_1
OTU_97.15568,Left_Antecubital_fossa_1
OTU_97.15568,Right_Retroauricular_crease
OTU_97.15568,Right_Antecubital_fossa_1
OTU_97.15570,Left_Antecubital_fossa
OTU_97.15572,Stool_1
OTU_97.15572,Saliva_1
OTU_97.15572,Left_Retroauricular_crease_1
OTU_97.15577,Left_Antecubital_fossa
OTU_97.15577,Right_Antecubital_fossa_1
OTU_97.15581,Right_Antecubital_fossa
OTU_97.15581,Tongue_dorsum_1
OTU_97.15587,Right_Retroauricular_crease
OTU_97.15587,Attached_Keratinized_gingiva_1
OTU_97.15587,Buccal_mucosa_1
OTU_97.15587,Palatine_Tonsils
OTU_97.15587,Left_Antecubital_fossa
OTU_97.15588,Tongue_dorsum
OTU_97.15588,Subgingival_plaque_1
OTU_97.15588,Saliva_1
OTU_97.156,Right_Antecubital_fossa
OTU_97.156,Left_Retroauricular_crease
OTU_97.156,Buccal_mucosa_1
OTU_97.156,Tongue_dorsum_1
OTU_97.1560,Buccal_mucosa
OTU_97.1560,Right_Retroauricular_crease
OTU_97.1560,Stool_1
OTU_97.1560,Saliva_1
OTU_97.15618,Subgingival_plaque
OTU_97.15618,Buccal_mucosa
OTU_97.15619,Right_Retroauricular_crease_1
OTU_97.15619,Saliva_1
OTU_97.1562,Stool
OTU_97.1562,Saliva_1
OTU_97.1562,Anterior_nares
OTU_97.1562,Tongue_dorsum_1
OTU_97.15620,Hard_palate
OTU_97.15620,Palatine_Tonsils
OTU_97.15621,Palatine_Tonsils_1
OTU_97.15622,Left_Retroauricular_crease
OTU_97.15622,Stool_1
OTU_97.15622,Saliva_1
OTU_97.1563,Left_Antecubital_fossa_1
OTU_97.1563,Right_Antecubital_fossa
OTU_97.1563,Subgingival_plaque_1
OTU_97.15630,Right_Retroauricular_crease_1
OTU_97.15630,Supragingival_plaque_1
OTU_97.15630,Right_Retroauricular_crease
OTU_97.15630,Right_Antecubital_fossa
OTU_97.15630,Left_Retroauricular_crease_1
OTU_97.15630,Anterior_nares_1
OTU_97.15634,Saliva
OTU_97.15634,Attached_Keratinized_gingiva
OTU_97.15634,Left_Antecubital_fossa
OTU_97.15641,Right_Retroauricular_crease_1
OTU_97.15641,Right_Retroauricular_crease
OTU_97.15641,Attached_Keratinized_gingiva
OTU_97.15652,Right_Retroauricular_crease
OTU_97.15652,Right_Antecubital_fossa
OTU_97.15652,Throat_1
OTU_97.15657,Buccal_mucosa
OTU_97.15657,Left_Antecubital_fossa_1
OTU_97.15657,Throat_1
OTU_97.15659,Hard_palate_1
OTU_97.15659,Attached_Keratinized_gingiva
OTU_97.15660,Supragingival_plaque_1
OTU_97.15660,Throat
OTU_97.15660,Left_Antecubital_fossa
OTU_97.15662,Tongue_dorsum
OTU_97.15662,Buccal_mucosa_1
OTU_97.15662,Left_Antecubital_fossa
OTU_97.15662,Right_Antecubital_fossa_1
OTU_97.15662,Throat_1
OTU_97.15665,Tongue_dorsum
OTU_97.15665,Subgingival_plaque
OTU_97.15665,Stool_1
OTU_97.15665,Subgingival_plaque_1
OTU_97.15665,Saliva_1
OTU_97.15665,Palatine_Tonsils_1
OTU_97.15666,Buccal_mucosa_1
OTU_97.15666,Palatine_Tonsils
OTU_97.15668,Tongue_dorsum
OTU_97.15668,Right_Retroauricular_crease_1
OTU_97.15668,Hard_palate
OTU_97.15668,Stool_1
OTU_97.15668,Saliva_1
OTU_97.1567,Right_Retroauricular_crease_1
OTU_97.1567,Supragingival_plaque_1
OTU_97.1567,Left_Antecubital_fossa_1
OTU_97.1567,Left_Retroauricular_crease
OTU_97.1567,Hard_palate_1
OTU_97.1567,Stool
OTU_97.15670,Hard_palate
OTU_97.15670,Palatine_Tonsils_1
OTU_97.15670,Tongue_dorsum_1
OTU_97.15676,Attached_Keratinized_gingiva_1
OTU_97.15676,Palatine_Tonsils_1
OTU_97.15681,Right_Retroauricular_crease_1
OTU_97.15681,Palatine_Tonsils_1
OTU_97.15683,Subgingival_plaque
OTU_97.15683,Saliva
OTU_97.15683,Left_Retroauricular_crease
OTU_97.15683,Hard_palate_1
OTU_97.15683,Throat
OTU_97.15683,Palatine_Tonsils_1
OTU_97.15684,Subgingival_plaque
OTU_97.15684,Palatine_Tonsils
OTU_97.15687,Subgingival_plaque_1
OTU_97.15687,Left_Retroauricular_crease_1
OTU_97.15687,Anterior_nares
OTU_97.15687,Right_Antecubital_fossa_1
OTU_97.1569,Supragingival_plaque_1
OTU_97.1569,Left_Antecubital_fossa_1
OTU_97.1569,Right_Antecubital_fossa
OTU_97.1569,Anterior_nares_1
OTU_97.15690,Tongue_dorsum
OTU_97.15690,Hard_palate
OTU_97.15690,Anterior_nares
OTU_97.15698,Right_Retroauricular_crease
OTU_97.15698,Hard_palate_1
OTU_97.15698,Buccal_mucosa_1
OTU_97.15698,Right_Antecubital_fossa_1
OTU_97.157,Right_Antecubital_fossa
OTU_97.157,Left_Retroauricular_crease
OTU_97.157,Attached_Keratinized_gingiva_1
OTU_97.15702,Subgingival_plaque
OTU_97.15702,Buccal_mucosa
OTU_97.15702,Supragingival_plaque
OTU_97.15702,Saliva_1
OTU_97.15702,Palatine_Tonsils
OTU_97.15702,Throat_1
OTU_97.15702,Anterior_nares_1
OTU_97.15705,Stool_1
OTU_97.15708,Left_Antecubital_fossa_1
OTU_97.15708,Right_Retroauricular_crease
OTU_97.15708,Anterior_nares
OTU_97.1571,Hard_palate
OTU_97.15711,Subgingival_plaque
OTU_97.15711,Supragingival_plaque_1
OTU_97.15711,Supragingival_plaque
OTU_97.15711,Saliva_1
OTU_97.15714,Right_Retroauricular_crease_1
OTU_97.15714,Saliva
OTU_97.15714,Anterior_nares
OTU_97.15722,Saliva_1
OTU_97.15726,Saliva_1
OTU_97.15726,Palatine_Tonsils
OTU_97.15726,Anterior_nares_1
OTU_97.15729,Tongue_dorsum
OTU_97.15729,Hard_palate_1
OTU_97.15729,Stool_1
OTU_97.15731,Left_Retroauricular_crease
OTU_97.15731,Attached_Keratinized_gingiva_1
OTU_97.15743,Right_Retroauricular_crease_1
OTU_97.15743,Supragingival_plaque
OTU_97.15743,Right_Retroauricular_crease
OTU_97.15743,Palatine_Tonsils_1
OTU_97.15745,Supragingival_plaque_1
OTU_97.15745,Left_Retroauricular_crease_1
OTU_97.15750,Saliva
OTU_97.15750,Stool
OTU_97.15751,Subgingival_plaque
OTU_97.15751,Right_Antecubital_fossa
OTU_97.15751,Hard_palate_1
OTU_97.15751,Palatine_Tonsils_1
OTU_97.15751,Throat_1
OTU_97.15752,Tongue_dorsum
OTU_97.15752,Throat_1
OTU_97.15753,Stool
OTU_97.15753,Subgingival_plaque_1
OTU_97.15755,Hard_palate
OTU_97.15757,Left_Antecubital_fossa_1
OTU_97.15757,Right_Antecubital_fossa
OTU_97.15757,Anterior_nares_1
OTU_97.1576,Palatine_Tonsils
OTU_97.1576,Palatine_Tonsils_1
OTU_97.15767,Supragingival_plaque_1
OTU_97.15767,Right_Antecubital_fossa
OTU_97.15767,Anterior_nares_1
OTU_97.15768,Supragingival_plaque_1
OTU_97.15768,Attached_Keratinized_gingiva
OTU_97.15768,Right_Antecubital_fossa_1
OTU_97.15769,Right_Retroauricular_crease
OTU_97.15769,Attached_Keratinized_gingiva
OTU_97.15776,Tongue_dorsum
OTU_97.15776,Throat_1
OTU_97.15790,Right_Antecubital_fossa
OTU_97.15790,Throat
OTU_97.15790,Attached_Keratinized_gingiva
OTU_97.15796,Subgingival_plaque
OTU_97.15796,Buccal_mucosa
OTU_97.15796,Attached_Keratinized_gingiva
OTU_97.15799,Left_Retroauricular_crease_1
OTU_97.158,Right_Retroauricular_crease_1
OTU_97.158,Subgingival_plaque
OTU_97.158,Buccal_mucosa_1
OTU_97.1580,Saliva
OTU_97.1580,Stool_1
OTU_97.15809,Right_Retroauricular_crease_1
OTU_97.15809,Subgingival_plaque
OTU_97.1581,Tongue_dorsum
OTU_97.1581,Palatine_Tonsils_1
OTU_97.15811,Attached_Keratinized_gingiva_1
OTU_97.15811,Left_Retroauricular_crease_1
OTU_97.15811,Anterior_nares_1
OTU_97.15815,Left_Antecubital_fossa
OTU_97.15815,Throat_1
OTU_97.1582,Subgingival_plaque
OTU_97.1582,Hard_palate
OTU_97.15820,Saliva
OTU_97.15820,Left_Retroauricular_crease_1
OTU_97.15826,Supragingival_plaque
OTU_97.15826,Left_Retroauricular_crease
OTU_97.15831,Left_Retroauricular_crease
OTU_97.15831,Palatine_Tonsils
OTU_97.15833,Buccal_mucosa
OTU_97.15833,Attached_Keratinized_gingiva_1
OTU_97.15838,Saliva
OTU_97.15838,Attached_Keratinized_gingiva
OTU_97.1584,Right_Antecubital_fossa
OTU_97.1584,Left_Retroauricular_crease
OTU_97.1584,Attached_Keratinized_gingiva_1
OTU_97.1584,Throat_1
OTU_97.15842,Left_Antecubital_fossa_1
OTU_97.15842,Tongue_dorsum_1
OTU_97.15846,Right_Antecubital_fossa
OTU_97.15846,Left_Retroauricular_crease
OTU_97.15846,Buccal_mucosa_1
OTU_97.15846,Stool
OTU_97.15848,Left_Retroauricular_crease
OTU_97.15848,Throat
OTU_97.15848,Attached_Keratinized_gingiva
OTU_97.1585,Supragingival_plaque
OTU_97.1585,Saliva
OTU_97.1585,Subgingival_plaque_1
OTU_97.1585,Anterior_nares
OTU_97.15850,Subgingival_plaque
OTU_97.15850,Buccal_mucosa_1
OTU_97.15850,Anterior_nares_1
OTU_97.15851,Subgingival_plaque
OTU_97.15851,Left_Retroauricular_crease
OTU_97.15851,Stool_1
OTU_97.15851,Palatine_Tonsils
OTU_97.15851,Right_Antecubital_fossa_1
OTU_97.15852,Tongue_dorsum
OTU_97.15852,Right_Retroauricular_crease
OTU_97.15852,Throat
OTU_97.15856,Right_Retroauricular_crease_1
OTU_97.15856,Throat
OTU_97.15856,Right_Antecubital_fossa_1
OTU_97.15857,Throat_1
OTU_97.15865,Hard_palate
OTU_97.1587,Left_Antecubital_fossa_1
OTU_97.1587,Palatine_Tonsils
OTU_97.15874,Right_Antecubital_fossa
OTU_97.15874,Attached_Keratinized_gingiva
OTU_97.15877,Right_Antecubital_fossa_1
OTU_97.15877,Anterior_nares_1
OTU_97.15884,Tongue_dorsum
OTU_97.15884,Saliva
OTU_97.15884,Anterior_nares
OTU_97.15884,Throat_1
OTU_97.1589,Supragingival_plaque_1
OTU_97.1589,Stool
OTU_97.15894,Stool_1
OTU_97.15894,Attached_Keratinized_gingiva
OTU_97.1590,Right_Antecubital_fossa
OTU_97.1590,Left_Retroauricular_crease_1
OTU_97.1590,Right_Antecubital_fossa_1
OTU_97.15900,Supragingival_plaque_1
OTU_97.15900,Buccal_mucosa
OTU_97.15900,Right_Retroauricular_crease
OTU_97.15900,Right_Antecubital_fossa
OTU_97.15900,Attached_Keratinized_gingiva
OTU_97.15900,Right_Antecubital_fossa_1
OTU_97.15909,Subgingival_plaque
OTU_97.1591,Left_Retroauricular_crease
OTU_97.1591,Palatine_Tonsils_1
OTU_97.1591,Left_Retroauricular_crease_1
OTU_97.1591,Anterior_nares_1
OTU_97.15912,Buccal_mucosa
OTU_97.15912,Saliva
OTU_97.15912,Stool
OTU_97.15912,Tongue_dorsum_1
OTU_97.15913,Supragingival_plaque_1
OTU_97.15913,Supragingival_plaque
OTU_97.15913,Right_Antecubital_fossa
OTU_97.15913,Stool
OTU_97.15916,Supragingival_plaque_1
OTU_97.15916,Buccal_mucosa_1
OTU_97.15916,Anterior_nares
OTU_97.15916,Throat_1
OTU_97.15916,Anterior_nares_1
OTU_97.15919,Right_Antecubital_fossa
OTU_97.15919,Left_Retroauricular_crease
OTU_97.15919,Throat_1
OTU_97.1592,Supragingival_plaque
OTU_97.1592,Left_Antecubital_fossa_1
OTU_97.15929,Tongue_dorsum_1
OTU_97.15929,Right_Antecubital_fossa_1
OTU_97.15930,Buccal_mucosa_1
OTU_97.15930,Left_Antecubital_fossa
OTU_97.15930,Right_Antecubital_fossa_1
OTU_97.15930,Throat_1
OTU_97.15931,Left_Retroauricular_crease
OTU_97.15931,Stool
OTU_97.15932,Supragingival_plaque_1
OTU_97.15932,Saliva
OTU_97.15932,Left_Antecubital_fossa
OTU_97.15940,Buccal_mucosa_1
OTU_97.15940,Subgingival_plaque_1
OTU_97.15940,Right_Antecubital_fossa_1
OTU_97.15941,Left_Retroauricular_crease
OTU_97.15941,Attached_Keratinized_gingiva_1
OTU_97.15941,Stool_1
OTU_97.15945,Right_Retroauricular_crease_1
OTU_97.15945,Anterior_nares
OTU_97.15946,Subgingival_plaque
OTU_97.15946,Palatine_Tonsils_1
OTU_97.15946,Left_Retroauricular_crease_1
OTU_97.15947,Attached_Keratinized_gingiva_1
OTU_97.15947,Palatine_Tonsils_1
OTU_97.15947,Anterior_nares
OTU_97.15948,Left_Antecubital_fossa_1
OTU_97.15948,Left_Retroauricular_crease
OTU_97.15948,Left_Antecubital_fossa
OTU_97.1595,Right_Antecubital_fossa
OTU_97.1595,Left_Antecubital_fossa
OTU_97.1595,Throat_1
OTU_97.15955,Buccal_mucosa
OTU_97.15955,Tongue_dorsum_1
OTU_97.15965,Supragingival_plaque
OTU_97.15965,Buccal_mucosa_1
OTU_97.15965,Anterior_nares_1
OTU_97.15972,Supragingival_plaque
OTU_97.15972,Right_Antecubital_fossa_1
OTU_97.15972,Anterior_nares_1
OTU_97.15973,Right_Antecubital_fossa_1
OTU_97.15976,Subgingival_plaque
OTU_97.15976,Saliva_1
OTU_97.15977,Attached_Keratinized_gingiva_1
OTU_97.15977,Hard_palate
OTU_97.15977,Stool_1
OTU_97.15977,Palatine_Tonsils
OTU_97.15979,Right_Antecubital_fossa
OTU_97.15979,Palatine_Tonsils
OTU_97.15980,Tongue_dorsum
OTU_97.15980,Right_Antecubital_fossa_1
OTU_97.15990,Tongue_dorsum
OTU_97.15990,Supragingival_plaque
OTU_97.15990,Attached_Keratinized_gingiva_1
OTU_97.15990,Hard_palate
OTU_97.15990,Hard_palate_1
OTU_97.15990,Palatine_Tonsils
OTU_97.15992,Left_Antecubital_fossa_1
OTU_97.15992,Attached_Keratinized_gingiva_1
OTU_97.15992,Hard_palate
OTU_97.15996,Supragingival_plaque_1
OTU_97.15996,Left_Retroauricular_crease
OTU_97.15996,Subgingival_plaque_1
OTU_97.15996,Palatine_Tonsils_1
OTU_97.15996,Tongue_dorsum_1
OTU_97.15997,Tongue_dorsum
OTU_97.16,Right_Retroauricular_crease
OTU_97.16,Attached_Keratinized_gingiva_1
OTU_97.16,Palatine_Tonsils_1
OTU_97.1600,Right_Retroauricular_crease
OTU_97.1601,Right_Antecubital_fossa_1
OTU_97.1601,Anterior_nares_1
OTU_97.16016,Left_Antecubital_fossa_1
OTU_97.16016,Stool_1
OTU_97.16016,Left_Retroauricular_crease_1
OTU_97.16016,Left_Antecubital_fossa
OTU_97.16018,Subgingival_plaque_1
OTU_97.16018,Left_Retroauricular_crease_1
OTU_97.1602,Supragingival_plaque_1
OTU_97.1602,Left_Retroauricular_crease
OTU_97.1602,Saliva_1
OTU_97.1602,Palatine_Tonsils_1
OTU_97.16029,Supragingival_plaque_1
OTU_97.16029,Hard_palate
OTU_97.16029,Buccal_mucosa_1
OTU_97.16030,Stool_1
OTU_97.16030,Subgingival_plaque_1
OTU_97.16030,Throat
OTU_97.16030,Anterior_nares
OTU_97.1604,Saliva
OTU_97.16044,Throat
OTU_97.16046,Saliva
OTU_97.16046,Left_Antecubital_fossa_1
OTU_97.16046,Stool
OTU_97.16052,Tongue_dorsum
OTU_97.16052,Buccal_mucosa
OTU_97.16052,Stool_1
OTU_97.16052,Left_Antecubital_fossa
OTU_97.16054,Subgingival_plaque
OTU_97.16054,Right_Retroauricular_crease
OTU_97.16054,Stool
OTU_97.16054,Stool_1
OTU_97.16054,Right_Antecubital_fossa_1
OTU_97.16059,Throat_1
OTU_97.16062,Supragingival_plaque
OTU_97.16064,Saliva
OTU_97.16064,Right_Retroauricular_crease
OTU_97.16064,Palatine_Tonsils
OTU_97.16065,Left_Antecubital_fossa
OTU_97.16065,Right_Antecubital_fossa_1
OTU_97.16068,Right_Retroauricular_crease_1
OTU_97.16068,Subgingival_plaque_1
OTU_97.1607,Throat_1
OTU_97.16071,Subgingival_plaque_1
OTU_97.16071,Attached_Keratinized_gingiva
OTU_97.16073,Hard_palate
OTU_97.16073,Stool_1
OTU_97.16073,Subgingival_plaque_1
OTU_97.16074,Subgingival_plaque
OTU_97.16074,Attached_Keratinized_gingiva_1
OTU_97.16074,Throat
OTU_97.16074,Anterior_nares
OTU_97.16074,Tongue_dorsum_1
OTU_97.16079,Tongue_dorsum
OTU_97.16079,Left_Antecubital_fossa_1
OTU_97.16079,Attached_Keratinized_gingiva
OTU_97.16082,Buccal_mucosa
OTU_97.16082,Hard_palate
OTU_97.16082,Throat
OTU_97.16082,Left_Retroauricular_crease_1
OTU_97.16086,Subgingival_plaque
OTU_97.16086,Right_Retroauricular_crease
OTU_97.16087,Subgingival_plaque
OTU_97.16087,Supragingival_plaque_1
OTU_97.16087,Left_Retroauricular_crease
OTU_97.16089,Subgingival_plaque
OTU_97.16089,Subgingival_plaque_1
OTU_97.16089,Throat_1
OTU_97.16095,Right_Retroauricular_crease_1
OTU_97.16095,Buccal_mucosa
OTU_97.16095,Stool
OTU_97.16095,Left_Antecubital_fossa
OTU_97.16095,Right_Antecubital_fossa_1
OTU_97.16095,Throat_1
OTU_97.16106,Right_Retroauricular_crease_1
OTU_97.16106,Left_Antecubital_fossa_1
OTU_97.16106,Hard_palate
OTU_97.16116,Right_Retroauricular_crease_1
OTU_97.16116,Subgingival_plaque
OTU_97.16116,Saliva_1
OTU_97.16116,Throat
OTU_97.16118,Attached_Keratinized_gingiva_1
OTU_97.1612,Left_Antecubital_fossa_1
OTU_97.1612,Palatine_Tonsils
OTU_97.16121,Subgingival_plaque
OTU_97.16121,Left_Antecubital_fossa
OTU_97.16121,Right_Antecubital_fossa_1
OTU_97.16125,Left_Antecubital_fossa_1
OTU_97.16125,Right_Retroauricular_crease
OTU_97.16125,Left_Retroauricular_crease
OTU_97.16125,Hard_palate
OTU_97.16125,Saliva_1
OTU_97.16125,Attached_Keratinized_gingiva
OTU_97.16128,Attached_Keratinized_gingiva
OTU_97.16128,Anterior_nares
OTU_97.16133,Subgingival_plaque
OTU_97.16133,Throat_1
OTU_97.16134,Saliva
OTU_97.16134,Hard_palate_1
OTU_97.16134,Buccal_mucosa_1
OTU_97.16134,Tongue_dorsum_1
OTU_97.1615,Stool_1
OTU_97.1615,Saliva_1
OTU_97.16155,Left_Antecubital_fossa_1
OTU_97.16155,Right_Antecubital_fossa
OTU_97.16155,Subgingival_plaque_1
OTU_97.16155,Left_Retroauricular_crease_1
OTU_97.16160,Tongue_dorsum
OTU_97.16160,Right_Antecubital_fossa
OTU_97.16160,Throat_1
OTU_97.16162,Tongue_dorsum
OTU_97.16162,Subgingival_plaque
OTU_97.16162,Attached_Keratinized_gingiva
OTU_97.16162,Throat_1
OTU_97.16166,Supragingival_plaque_1
OTU_97.16166,Palatine_Tonsils_1
OTU_97.16166,Anterior_nares_1
OTU_97.16172,Left_Antecubital_fossa_1
OTU_97.16172,Saliva_1
OTU_97.16176,Subgingival_plaque
OTU_97.16176,Supragingival_plaque_1
OTU_97.16176,Left_Retroauricular_crease
OTU_97.16176,Saliva_1
OTU_97.16176,Palatine_Tonsils
OTU_97.16176,Anterior_nares_1
OTU_97.1618,Palatine_Tonsils_1
OTU_97.16180,Anterior_nares
OTU_97.16180,Left_Antecubital_fossa
OTU_97.16182,Right_Retroauricular_crease_1
OTU_97.16182,Left_Antecubital_fossa
OTU_97.16182,Throat_1
OTU_97.16186,Subgingival_plaque
OTU_97.16186,Throat
OTU_97.16193,Left_Retroauricular_crease
OTU_97.16193,Palatine_Tonsils
OTU_97.16193,Throat
OTU_97.16193,Left_Retroauricular_crease_1
OTU_97.16193,Right_Antecubital_fossa_1
OTU_97.16193,Anterior_nares_1
OTU_97.16194,Right_Retroauricular_crease_1
OTU_97.16194,Hard_palate_1
OTU_97.16194,Buccal_mucosa_1
OTU_97.16194,Tongue_dorsum_1
OTU_97.16197,Left_Retroauricular_crease
OTU_97.16197,Hard_palate_1
OTU_97.16197,Subgingival_plaque_1
OTU_97.16197,Left_Antecubital_fossa
OTU_97.16198,Saliva_1
OTU_97.16198,Palatine_Tonsils_1
OTU_97.16198,Right_Antecubital_fossa_1
OTU_97.162,Left_Antecubital_fossa_1
OTU_97.1620,Subgingival_plaque
OTU_97.1620,Left_Retroauricular_crease_1
OTU_97.16206,Tongue_dorsum
OTU_97.16206,Hard_palate
OTU_97.16206,Right_Antecubital_fossa_1
OTU_97.16209,Supragingival_plaque_1
OTU_97.16209,Throat
OTU_97.16209,Attached_Keratinized_gingiva
OTU_97.16209,Anterior_nares
OTU_97.16212,Hard_palate_1
OTU_97.16235,Saliva
OTU_97.16235,Attached_Keratinized_gingiva_1
OTU_97.16235,Hard_palate
OTU_97.16235,Left_Retroauricular_crease_1
OTU_97.16235,Anterior_nares_1
OTU_97.1624,Saliva
OTU_97.1625,Buccal_mucosa_1
OTU_97.1625,Subgingival_plaque_1
OTU_97.16250,Right_Retroauricular_crease_1
OTU_97.16250,Left_Antecubital_fossa_1
OTU_97.16250,Right_Antecubital_fossa
OTU_97.16250,Hard_palate_1
OTU_97.16251,Palatine_Tonsils_1
OTU_97.16255,Right_Retroauricular_crease
OTU_97.16255,Hard_palate
OTU_97.16255,Stool
OTU_97.16255,Subgingival_plaque_1
OTU_97.16264,Supragingival_plaque
OTU_97.16264,Left_Retroauricular_crease
OTU_97.16264,Left_Retroauricular_crease_1
OTU_97.16265,Tongue_dorsum
OTU_97.16265,Subgingival_plaque
OTU_97.16265,Right_Antecubital_fossa
OTU_97.16265,Hard_palate_1
OTU_97.16265,Palatine_Tonsils
OTU_97.16269,Saliva
OTU_97.16269,Throat
OTU_97.16269,Left_Retroauricular_crease_1
OTU_97.16272,Saliva
OTU_97.16273,Right_Retroauricular_crease
OTU_97.16278,Subgingival_plaque
OTU_97.16278,Right_Retroauricular_crease
OTU_97.16278,Stool
OTU_97.16278,Saliva_1
OTU_97.16278,Tongue_dorsum_1
OTU_97.16289,Buccal_mucosa_1
OTU_97.16289,Right_Antecubital_fossa_1
OTU_97.16291,Buccal_mucosa
OTU_97.16291,Hard_palate_1
OTU_97.16297,Left_Retroauricular_crease
OTU_97.16297,Attached_Keratinized_gingiva
OTU_97.16297,Left_Antecubital_fossa
OTU_97.16297,Right_Antecubital_fossa_1
OTU_97.16298,Subgingival_plaque
OTU_97.16298,Left_Retroauricular_crease
OTU_97.16298,Hard_palate_1
OTU_97.163,Subgingival_plaque
OTU_97.163,Supragingival_plaque
OTU_97.163,Right_Antecubital_fossa_1
OTU_97.1630,Buccal_mucosa_1
OTU_97.1630,Stool
OTU_97.1630,Anterior_nares
OTU_97.16301,Right_Retroauricular_crease_1
OTU_97.16301,Supragingival_plaque_1
OTU_97.16301,Tongue_dorsum_1
OTU_97.16301,Anterior_nares_1
OTU_97.16302,Right_Retroauricular_crease_1
OTU_97.16302,Buccal_mucosa_1
OTU_97.16302,Saliva_1
OTU_97.16304,Attached_Keratinized_gingiva
OTU_97.16316,Left_Antecubital_fossa_1
OTU_97.16316,Stool_1
OTU_97.16318,Stool
OTU_97.16318,Palatine_Tonsils
OTU_97.16319,Supragingival_plaque
OTU_97.16319,Right_Antecubital_fossa
OTU_97.16319,Stool_1
OTU_97.16322,Subgingival_plaque
OTU_97.16322,Supragingival_plaque_1
OTU_97.16322,Supragingival_plaque
OTU_97.16322,Left_Antecubital_fossa_1
OTU_97.16322,Anterior_nares
OTU_97.16323,Left_Antecubital_fossa
OTU_97.16323,Tongue_dorsum_1
OTU_97.16326,Supragingival_plaque_1
OTU_97.16326,Anterior_nares
OTU_97.16326,Left_Antecubital_fossa
OTU_97.16326,Tongue_dorsum_1
OTU_97.16331,Buccal_mucosa
OTU_97.16331,Left_Retroauricular_crease
OTU_97.16338,Subgingival_plaque
OTU_97.16338,Right_Antecubital_fossa
OTU_97.16338,Attached_Keratinized_gingiva_1
OTU_97.16338,Tongue_dorsum_1
OTU_97.1634,Buccal_mucosa
OTU_97.1634,Right_Retroauricular_crease
OTU_97.1634,Buccal_mucosa_1
OTU_97.1634,Tongue_dorsum_1
OTU_97.16340,Supragingival_plaque_1
OTU_97.16340,Left_Antecubital_fossa_1
OTU_97.16340,Right_Retroauricular_crease
OTU_97.16340,Left_Retroauricular_crease
OTU_97.16340,Hard_palate_1
OTU_97.16340,Stool_1
OTU_97.16340,Left_Antecubital_fossa
OTU_97.16344,Tongue_dorsum
OTU_97.16344,Hard_palate
OTU_97.16344,Stool
OTU_97.16346,Subgingival_plaque
OTU_97.16346,Supragingival_plaque_1
OTU_97.16346,Anterior_nares_1
OTU_97.16351,Throat_1
OTU_97.16358,Stool
OTU_97.16363,Tongue_dorsum
OTU_97.16363,Buccal_mucosa
OTU_97.16363,Left_Antecubital_fossa_1
OTU_97.16363,Right_Retroauricular_crease
OTU_97.16363,Right_Antecubital_fossa
OTU_97.16363,Attached_Keratinized_gingiva
OTU_97.16363,Left_Antecubital_fossa
OTU_97.16365,Subgingival_plaque_1
OTU_97.16365,Tongue_dorsum_1
OTU_97.1637,Right_Retroauricular_crease_1
OTU_97.1637,Subgingival_plaque
OTU_97.1637,Attached_Keratinized_gingiva_1
OTU_97.1637,Subgingival_plaque_1
OTU_97.1637,Saliva_1
OTU_97.1637,Anterior_nares_1
OTU_97.16371,Hard_palate
OTU_97.16371,Stool_1
OTU_97.16373,Stool_1
OTU_97.16373,Tongue_dorsum_1
OTU_97.16373,Right_Antecubital_fossa_1
OTU_97.16375,Right_Retroauricular_crease_1
OTU_97.16375,Supragingival_plaque
OTU_97.1638,Buccal_mucosa
OTU_97.1638,Supragingival_plaque
OTU_97.1638,Hard_palate
OTU_97.16383,Right_Retroauricular_crease_1
OTU_97.16383,Stool_1
OTU_97.16386,Left_Retroauricular_crease_1
OTU_97.16399,Buccal_mucosa
OTU_97.16399,Saliva
OTU_97.16399,Attached_Keratinized_gingiva_1
OTU_97.16406,Palatine_Tonsils
OTU_97.16406,Left_Antecubital_fossa
OTU_97.16410,Palatine_Tonsils
OTU_97.16411,Right_Retroauricular_crease_1
OTU_97.16411,Subgingival_plaque
OTU_97.16411,Saliva
OTU_97.16411,Palatine_Tonsils_1
OTU_97.16411,Right_Antecubital_fossa_1
OTU_97.16421,Stool
OTU_97.16421,Throat
OTU_97.16429,Tongue_dorsum
OTU_97.16429,Hard_palate
OTU_97.16429,Attached_Keratinized_gingiva
OTU_97.16430,Supragingival_plaque_1
OTU_97.16430,Left_Retroauricular_crease
OTU_97.16430,Left_Antecubital_fossa
OTU_97.16430,Tongue_dorsum_1
OTU_97.16435,Right_Retroauricular_crease_1
OTU_97.16435,Right_Antecubital_fossa
OTU_97.16435,Attached_Keratinized_gingiva
OTU_97.16436,Palatine_Tonsils
OTU_97.16436,Tongue_dorsum_1
OTU_97.16436,Right_Antecubital_fossa_1
OTU_97.16438,Subgingival_plaque
OTU_97.16438,Right_Antecubital_fossa
OTU_97.16443,Tongue_dorsum
OTU_97.16443,Buccal_mucosa_1
OTU_97.16459,Subgingival_plaque
OTU_97.16459,Attached_Keratinized_gingiva_1
OTU_97.16459,Throat
OTU_97.1646,Stool
OTU_97.1646,Stool_1
OTU_97.1646,Throat_1
OTU_97.1646,Anterior_nares_1
OTU_97.16467,Saliva
OTU_97.16467,Stool
OTU_97.16467,Subgingival_plaque_1
OTU_97.16469,Stool
OTU_97.16469,Tongue_dorsum_1
OTU_97.1647,Left_Antecubital_fossa_1
OTU_97.16470,Left_Retroauricular_crease
OTU_97.16470,Attached_Keratinized_gingiva_1
OTU_97.16470,Subgingival_plaque_1
OTU_97.16471,Tongue_dorsum
OTU_97.16471,Throat
OTU_97.16471,Anterior_nares
OTU_97.16473,Anterior_nares
OTU_97.16475,Hard_palate
OTU_97.16475,Palatine_Tonsils
OTU_97.16475,Palatine_Tonsils_1
OTU_97.16475,Anterior_nares_1
OTU_97.16487,Right_Retroauricular_crease
OTU_97.16491,Anterior_nares_1
OTU_97.16496,Right_Antecubital_fossa
OTU_97.165,Saliva
OTU_97.165,Palatine_Tonsils
OTU_97.165,Left_Antecubital_fossa
OTU_97.16501,Right_Retroauricular_crease_1
OTU_97.16501,Throat
OTU_97.16501,Left_Retroauricular_crease_1
OTU_97.16502,Subgingival_plaque_1
OTU_97.16502,Saliva_1
OTU_97.16504,Saliva
OTU_97.16504,Right_Antecubital_fossa
OTU_97.16504,Throat
OTU_97.16506,Buccal_mucosa
OTU_97.16506,Stool_1
OTU_97.16506,Throat_1
OTU_97.16513,Right_Antecubital_fossa
OTU_97.16513,Buccal_mucosa_1
OTU_97.16522,Attached_Keratinized_gingiva
OTU_97.16525,Right_Antecubital_fossa
OTU_97.16525,Buccal_mucosa_1
OTU_97.16525,Tongue_dorsum_1
OTU_97.16527,Left_Retroauricular_crease
OTU_97.16527,Palatine_Tonsils
OTU_97.1653,Right_Antecubital_fossa
OTU_97.16531,Stool
OTU_97.16531,Subgingival_plaque_1
OTU_97.16531,Left_Antecubital_fossa
OTU_97.16537,Palatine_Tonsils
OTU_97.16537,Tongue_dorsum_1
OTU_97.1654,Supragingival_plaque
OTU_97.1654,Attached_Keratinized_gingiva
OTU_97.1654,Anterior_nares_1
OTU_97.16543,Tongue_dorsum
OTU_97.16543,Palatine_Tonsils
OTU_97.16543,Throat
OTU_97.1655,Right_Retroauricular_crease_1
OTU_97.1655,Left_Retroauricular_crease_1
OTU_97.16550,Right_Retroauricular_crease_1
OTU_97.16550,Right_Antecubital_fossa
OTU_97.16550,Right_Antecubital_fossa_1
OTU_97.16551,Supragingival_plaque_1
OTU_97.16551,Hard_palate_1
OTU_97.16551,Stool
OTU_97.16551,Throat
OTU_97.16551,Anterior_nares_1
OTU_97.1656,Buccal_mucosa_1
OTU_97.1656,Saliva_1
OTU_97.16563,Supragingival_plaque
OTU_97.16563,Stool
OTU_97.16563,Saliva_1
OTU_97.16565,Saliva
OTU_97.16565,Palatine_Tonsils
OTU_97.16565,Attached_Keratinized_gingiva
OTU_97.16565,Anterior_nares_1
OTU_97.16569,Right_Antecubital_fossa
OTU_97.16569,Tongue_dorsum_1
OTU_97.16570,Attached_Keratinized_gingiva_1
OTU_97.16570,Buccal_mucosa_1
OTU_97.16570,Throat_1
OTU_97.16588,Right_Antecubital_fossa
OTU_97.16588,Throat
OTU_97.16591,Buccal_mucosa
OTU_97.16594,Tongue_dorsum
OTU_97.16595,Saliva
OTU_97.16595,Left_Antecubital_fossa_1
OTU_97.16595,Left_Retroauricular_crease
OTU_97.16598,Subgingival_plaque
OTU_97.16598,Attached_Keratinized_gingiva
OTU_97.16598,Left_Retroauricular_crease_1
OTU_97.16601,Hard_palate_1
OTU_97.16602,Right_Antecubital_fossa_1
OTU_97.16603,Right_Retroauricular_crease_1
OTU_97.16603,Supragingival_plaque
OTU_97.16603,Stool
OTU_97.16608,Supragingival_plaque
OTU_97.16608,Hard_palate
OTU_97.16609,Hard_palate_1
OTU_97.16609,Anterior_nares
OTU_97.16613,Anterior_nares_1
OTU_97.16618,Supragingival_plaque_1
OTU_97.16618,Supragingival_plaque
OTU_97.16618,Hard_palate_1
OTU_97.1662,Right_Retroauricular_crease_1
OTU_97.1662,Anterior_nares
OTU_97.16622,Left_Retroauricular_crease
OTU_97.16622,Attached_Keratinized_gingiva
OTU_97.16631,Tongue_dorsum
OTU_97.16631,Saliva
OTU_97.16631,Hard_palate
OTU_97.16632,Left_Retroauricular_crease
OTU_97.16632,Anterior_nares_1
OTU_97.16633,Left_Retroauricular_crease
OTU_97.16633,Stool_1
OTU_97.16633,Palatine_Tonsils_1
OTU_97.16634,Left_Antecubital_fossa
OTU_97.16634,Anterior_nares_1
OTU_97.16638,Saliva
OTU_97.16638,Hard_palate_1
OTU_97.16638,Stool_1
OTU_97.16638,Palatine_Tonsils
OTU_97.16638,Attached_Keratinized_gingiva
OTU_97.16638,Left_Retroauricular_crease_1
OTU_97.16639,Right_Retroauricular_crease
OTU_97.16639,Left_Retroauricular_crease
OTU_97.16640,Tongue_dorsum
OTU_97.16640,Hard_palate
OTU_97.16652,Subgingival_plaque_1
OTU_97.16652,Throat_1
OTU_97.16652,Anterior_nares_1
OTU_97.16660,Buccal_mucosa_1
OTU_97.16660,Left_Antecubital_fossa
OTU_97.16660,Throat_1
OTU_97.16666,Tongue_dorsum
OTU_97.16666,Subgingival_plaque
OTU_97.16666,Attached_Keratinized_gingiva_1
OTU_97.16666,Saliva_1
OTU_97.16666,Throat_1
OTU_97.16668,Supragingival_plaque
OTU_97.16668,Hard_palate_1
OTU_97.16668,Buccal_mucosa_1
OTU_97.16677,Left_Antecubital_fossa_1
OTU_97.16677,Left_Retroauricular_crease
OTU_97.1668,Tongue_dorsum
OTU_97.1668,Left_Antecubital_fossa
OTU_97.16683,Saliva
OTU_97.16683,Throat
OTU_97.16686,Hard_palate
OTU_97.16695,Left_Antecubital_fossa_1
OTU_97.16695,Stool
OTU_97.16696,Stool
OTU_97.16697,Right_Antecubital_fossa
OTU_97.16697,Stool_1
OTU_97.16706,Tongue_dorsum
OTU_97.16706,Subgingival_plaque
OTU_97.16706,Buccal_mucosa_1
OTU_97.16706,Saliva_1
OTU_97.16706,Left_Antecubital_fossa
OTU_97.16708,Left_Antecubital_fossa_1
OTU_97.16708,Hard_palate
OTU_97.16708,Left_Antecubital_fossa
OTU_97.1671,Palatine_Tonsils_1
OTU_97.1671,Left_Antecubital_fossa
OTU_97.16714,Left_Antecubital_fossa_1
OTU_97.16714,Attached_Keratinized_gingiva_1
OTU_97.16714,Stool_1
OTU_97.16728,Attached_Keratinized_gingiva_1
OTU_97.16732,Right_Retroauricular_crease_1
OTU_97.16740,Stool_1
OTU_97.16740,Subgingival_plaque_1
OTU_97.16740,Saliva_1
OTU_97.16740,Palatine_Tonsils_1
OTU_97.16740,Left_Antecubital_fossa
OTU_97.16741,Subgingival_plaque_1
OTU_97.16741,Right_Antecubital_fossa_1
OTU_97.16744,Hard_palate_1
OTU_97.16745,Tongue_dorsum_1
OTU_97.16750,Palatine_Tonsils_1
OTU_97.16751,Supragingival_plaque_1
OTU_97.16751,Saliva
OTU_97.16751,Left_Retroauricular_crease_1
OTU_97.16752,Tongue_dorsum
OTU_97.16752,Right_Retroauricular_crease
OTU_97.16752,Palatine_Tonsils_1
OTU_97.16759,Hard_palate_1
OTU_97.16759,Tongue_dorsum_1
OTU_97.16759,Anterior_nares_1
OTU_97.16769,Left_Antecubital_fossa
OTU_97.16783,Right_Retroauricular_crease_1
OTU_97.16783,Supragingival_plaque_1
OTU_97.16783,Left_Retroauricular_crease
OTU_97.16783,Stool_1
OTU_97.16787,Right_Retroauricular_crease_1
OTU_97.16787,Left_Retroauricular_crease
OTU_97.16787,Attached_Keratinized_gingiva
OTU_97.16791,Subgingival_plaque
OTU_97.16791,Supragingival_plaque
OTU_97.16791,Stool_1
OTU_97.16791,Right_Antecubital_fossa_1
OTU_97.16793,Supragingival_plaque_1
OTU_97.16796,Throat
OTU_97.16800,Supragingival_plaque
OTU_97.16800,Subgingival_plaque_1
OTU_97.16800,Anterior_nares
OTU_97.16800,Right_Antecubital_fossa_1
OTU_97.16800,Anterior_nares_1
OTU_97.16803,Right_Retroauricular_crease
OTU_97.1681,Saliva
OTU_97.1681,Buccal_mucosa_1
OTU_97.1681,Stool
OTU_97.16811,Right_Antecubital_fossa
OTU_97.16811,Left_Retroauricular_crease
OTU_97.16811,Stool
OTU_97.16811,Right_Antecubital_fossa_1
OTU_97.16811,Anterior_nares_1
OTU_97.16813,Subgingival_plaque
OTU_97.16813,Supragingival_plaque_1
OTU_97.16813,Hard_palate_1
OTU_97.16813,Right_Antecubital_fossa_1
OTU_97.16816,Saliva_1
OTU_97.16818,Right_Retroauricular_crease_1
OTU_97.16818,Left_Antecubital_fossa_1
OTU_97.16818,Stool
OTU_97.16818,Right_Antecubital_fossa_1
OTU_97.16819,Stool_1
OTU_97.16819,Attached_Keratinized_gingiva
OTU_97.16829,Right_Antecubital_fossa
OTU_97.16829,Attached_Keratinized_gingiva_1
OTU_97.16829,Hard_palate_1
OTU_97.16830,Right_Retroauricular_crease_1
OTU_97.16830,Palatine_Tonsils
OTU_97.16830,Left_Antecubital_fossa
OTU_97.16846,Hard_palate
OTU_97.16846,Hard_palate_1
OTU_97.16846,Tongue_dorsum_1
OTU_97.1685,Tongue_dorsum
OTU_97.16855,Subgingival_plaque
OTU_97.16855,Left_Retroauricular_crease_1
OTU_97.16857,Tongue_dorsum
OTU_97.16857,Right_Antecubital_fossa
OTU_97.16857,Hard_palate
OTU_97.1686,Stool
OTU_97.16860,Stool
OTU_97.16860,Palatine_Tonsils
OTU_97.16864,Subgingival_plaque_1
OTU_97.16875,Supragingival_plaque
OTU_97.16875,Saliva
OTU_97.16875,Stool
OTU_97.16877,Buccal_mucosa_1
OTU_97.16877,Throat
OTU_97.1688,Left_Antecubital_fossa_1
OTU_97.1688,Right_Antecubital_fossa
OTU_97.1688,Tongue_dorsum_1
OTU_97.1688,Anterior_nares_1
OTU_97.16883,Buccal_mucosa
OTU_97.16883,Hard_palate
OTU_97.16883,Palatine_Tonsils_1
OTU_97.16883,Anterior_nares_1
OTU_97.16885,Subgingival_plaque_1
OTU_97.16885,Left_Antecubital_fossa
OTU_97.16890,Subgingival_plaque
OTU_97.169,Supragingival_plaque
OTU_97.169,Throat
OTU_97.169,Left_Antecubital_fossa
OTU_97.16907,Saliva_1
OTU_97.16907,Anterior_nares_1
OTU_97.16909,Subgingival_plaque
OTU_97.16909,Anterior_nares
OTU_97.16911,Supragingival_plaque
OTU_97.16911,Right_Retroauricular_crease
OTU_97.16911,Tongue_dorsum_1
OTU_97.16913,Left_Retroauricular_crease
OTU_97.16913,Stool
OTU_97.16913,Subgingival_plaque_1
OTU_97.16915,Saliva_1
OTU_97.16915,Palatine_Tonsils
OTU_97.16915,Palatine_Tonsils_1
OTU_97.16919,Supragingival_plaque_1
OTU_97.16919,Hard_palate_1
OTU_97.16919,Subgingival_plaque_1
OTU_97.16919,Tongue_dorsum_1
OTU_97.16919,Throat_1
OTU_97.16926,Saliva_1
OTU_97.16926,Left_Antecubital_fossa
OTU_97.16926,Anterior_nares_1
OTU_97.16937,Attached_Keratinized_gingiva_1
OTU_97.16937,Stool
OTU_97.16937,Anterior_nares_1
OTU_97.16938,Left_Retroauricular_crease
OTU_97.16938,Stool
OTU_97.16942,Right_Retroauricular_crease
OTU_97.16942,Right_Antecubital_fossa
OTU_97.16942,Left_Retroauricular_crease_1
OTU_97.16942,Left_Antecubital_fossa
OTU_97.16946,Hard_palate_1
OTU_97.16949,Right_Antecubital_fossa_1
OTU_97.1696,Supragingival_plaque
OTU_97.1696,Palatine_Tonsils
OTU_97.16962,Stool_1
OTU_97.16962,Palatine_Tonsils
OTU_97.1697,Buccal_mucosa
OTU_97.1697,Left_Antecubital_fossa_1
OTU_97.1697,Stool
OTU_97.16984,Right_Retroauricular_crease_1
OTU_97.16989,Attached_Keratinized_gingiva_1
OTU_97.16989,Tongue_dorsum_1
OTU_97.16989,Right_Antecubital_fossa_1
OTU_97.16993,Tongue_dorsum
OTU_97.16993,Buccal_mucosa_1
OTU_97.16993,Left_Retroauricular_crease_1
OTU_97.16998,Subgingival_plaque
OTU_97.16998,Palatine_Tonsils_1
OTU_97.17,Buccal_mucosa_1
OTU_97.170,Tongue_dorsum
OTU_97.170,Attached_Keratinized_gingiva
OTU_97.170,Right_Antecubital_fossa_1
OTU_97.170,Anterior_nares_1
OTU_97.17002,Saliva
OTU_97.17002,Throat_1
OTU_97.17004,Supragingival_plaque_1
OTU_97.17004,Right_Retroauricular_crease
OTU_97.17004,Attached_Keratinized_gingiva_1
OTU_97.17004,Anterior_nares_1
OTU_97.17011,Supragingival_plaque_1
OTU_97.17011,Stool
OTU_97.17011,Left_Antecubital_fossa
OTU_97.17011,Throat_1
OTU_97.17013,Tongue_dorsum
OTU_97.17013,Right_Retroauricular_crease_1
OTU_97.17013,Supragingival_plaque
OTU_97.17013,Anterior_nares
OTU_97.17015,Supragingival_plaque_1
OTU_97.17015,Buccal_mucosa
OTU_97.17015,Supragingival_plaque
OTU_97.17016,Buccal_mucosa
OTU_97.17016,Left_Retroauricular_crease
OTU_97.17016,Hard_palate_1
OTU_97.17016,Attached_Keratinized_gingiva
OTU_97.17018,Buccal_mucosa_1
OTU_97.17018,Left_Retroauricular_crease_1
OTU_97.17026,Left_Retroauricular_crease
OTU_97.17026,Attached_Keratinized_gingiva_1
OTU_97.17026,Anterior_nares_1
OTU_97.17033,Right_Retroauricular_crease
OTU_97.17033,Left_Retroauricular_crease
OTU_97.17033,Subgingival_plaque_1
OTU_97.17035,Subgingival_plaque
OTU_97.17035,Palatine_Tonsils_1
OTU_97.1704,Saliva
OTU_97.1704,Anterior_nares
OTU_97.1704,Tongue_dorsum_1
OTU_97.17046,Left_Antecubital_fossa
OTU_97.17046,Right_Antecubital_fossa_1
OTU_97.1705,Supragingival_plaque_1
OTU_97.1705,Buccal_mucosa_1
OTU_97.1705,Subgingival_plaque_1
OTU_97.17053,Stool_1
OTU_97.17054,Subgingival_plaque
OTU_97.17054,Stool
OTU_97.17054,Attached_Keratinized_gingiva
OTU_97.17054,Anterior_nares_1
OTU_97.17057,Stool
OTU_97.17057,Subgingival_plaque_1
OTU_97.17057,Throat_1
OTU_97.17059,Supragingival_plaque
OTU_97.17059,Saliva_1
OTU_97.17070,Attached_Keratinized_gingiva
OTU_97.17070,Left_Retroauricular_crease_1
OTU_97.17072,Stool
OTU_97.17072,Anterior_nares_1
OTU_97.17082,Supragingival_plaque
OTU_97.17082,Throat
OTU_97.17082,Tongue_dorsum_1
OTU_97.17083,Stool_1
OTU_97.17083,Anterior_nares
OTU_97.17083,Right_Antecubital_fossa_1
OTU_97.17086,Throat
OTU_97.17086,Left_Retroauricular_crease_1
OTU_97.1709,Saliva_1
OTU_97.17095,Saliva
OTU_97.17095,Right_Retroauricular_crease
OTU_97.17095,Attached_Keratinized_gingiva_1
OTU_97.17095,Subgingival_plaque_1
OTU_97.17095,Saliva_1
OTU_97.17095,Throat
OTU_97.17095,Attached_Keratinized_gingiva
OTU_97.17095,Palatine_Tonsils_1
OTU_97.17095,Anterior_nares
OTU_97.17095,Tongue_dorsum_1
OTU_97.17098,Buccal_mucosa
OTU_97.17098,Left_Retroauricular_crease
OTU_97.17098,Hard_palate_1
OTU_97.17098,Anterior_nares
OTU_97.171,Supragingival_plaque_1
OTU_97.171,Hard_palate_1
OTU_97.171,Subgingival_plaque_1
OTU_97.1710,Supragingival_plaque
OTU_97.1710,Hard_palate
OTU_97.1710,Right_Antecubital_fossa_1
OTU_97.17107,Right_Antecubital_fossa
OTU_97.17107,Left_Retroauricular_crease
OTU_97.17107,Palatine_Tonsils_1
OTU_97.17107,Anterior_nares
OTU_97.17107,Tongue_dorsum_1
OTU_97.17108,Anterior_nares
OTU_97.17108,Throat_1
OTU_97.17117,Anterior_nares_1
OTU_97.17118,Supragingival_plaque_1
OTU_97.17118,Saliva
OTU_97.17118,Right_Retroauricular_crease
OTU_97.17118,Left_Antecubital_fossa
OTU_97.1712,Stool
OTU_97.1712,Subgingival_plaque_1
OTU_97.17122,Supragingival_plaque
OTU_97.17122,Right_Retroauricular_crease
OTU_97.17122,Subgingival_plaque_1
OTU_97.17122,Palatine_Tonsils
OTU_97.17122,Throat
OTU_97.17122,Anterior_nares_1
OTU_97.17128,Hard_palate_1
OTU_97.17128,Stool_1
OTU_97.17129,Stool
OTU_97.17129,Palatine_Tonsils
OTU_97.17129,Anterior_nares
OTU_97.17129,Left_Antecubital_fossa
OTU_97.1713,Right_Retroauricular_crease_1
OTU_97.1713,Right_Retroauricular_crease
OTU_97.1713,Throat_1
OTU_97.17134,Right_Antecubital_fossa
OTU_97.17134,Buccal_mucosa_1
OTU_97.17135,Attached_Keratinized_gingiva_1
OTU_97.17139,Supragingival_plaque_1
OTU_97.17139,Attached_Keratinized_gingiva
OTU_97.17140,Tongue_dorsum_1
OTU_97.17141,Attached_Keratinized_gingiva_1
OTU_97.17141,Stool_1
OTU_97.17141,Anterior_nares_1
OTU_97.17151,Left_Retroauricular_crease
OTU_97.17151,Hard_palate_1
OTU_97.17151,Left_Retroauricular_crease_1
OTU_97.17151,Throat_1
OTU_97.17162,Saliva
OTU_97.17162,Tongue_dorsum_1
OTU_97.17162,Right_Antecubital_fossa_1
OTU_97.17170,Supragingival_plaque_1
OTU_97.17170,Anterior_nares
OTU_97.17170,Tongue_dorsum_1
OTU_97.17174,Anterior_nares_1
OTU_97.17178,Tongue_dorsum
OTU_97.17178,Supragingival_plaque_1
OTU_97.17178,Supragingival_plaque
OTU_97.17178,Throat_1
OTU_97.1718,Tongue_dorsum
OTU_97.1718,Saliva
OTU_97.1718,Anterior_nares_1
OTU_97.17187,Buccal_mucosa
OTU_97.17187,Attached_Keratinized_gingiva
OTU_97.17188,Tongue_dorsum
OTU_97.17188,Right_Retroauricular_crease
OTU_97.17188,Stool_1
OTU_97.17188,Subgingival_plaque_1
OTU_97.17194,Saliva
OTU_97.17194,Buccal_mucosa_1
OTU_97.172,Saliva
OTU_97.172,Saliva_1
OTU_97.172,Throat_1
OTU_97.17201,Right_Retroauricular_crease_1
OTU_97.17201,Subgingival_plaque
OTU_97.17201,Attached_Keratinized_gingiva_1
OTU_97.17201,Stool
OTU_97.17201,Palatine_Tonsils
OTU_97.17205,Left_Antecubital_fossa_1
OTU_97.17205,Hard_palate
OTU_97.17205,Left_Retroauricular_crease_1
OTU_97.17208,Tongue_dorsum
OTU_97.17208,Supragingival_plaque_1
OTU_97.17208,Buccal_mucosa
OTU_97.17208,Left_Antecubital_fossa_1
OTU_97.17211,Tongue_dorsum_1
OTU_97.17215,Right_Antecubital_fossa_1
OTU_97.17220,Buccal_mucosa
OTU_97.17224,Tongue_dorsum
OTU_97.17224,Supragingival_plaque
OTU_97.17226,Buccal_mucosa
OTU_97.17226,Attached_Keratinized_gingiva
OTU_97.17226,Palatine_Tonsils_1
OTU_97.17230,Subgingival_plaque_1
OTU_97.17230,Palatine_Tonsils_1
OTU_97.17230,Tongue_dorsum_1
OTU_97.17233,Saliva
OTU_97.17239,Subgingival_plaque
OTU_97.17239,Supragingival_plaque_1
OTU_97.17239,Saliva_1
OTU_97.1724,Attached_Keratinized_gingiva
OTU_97.17245,Buccal_mucosa
OTU_97.17245,Tongue_dorsum_1
OTU_97.17247,Tongue_dorsum
OTU_97.17247,Palatine_Tonsils
OTU_97.17249,Hard_palate
OTU_97.1725,Subgingival_plaque
OTU_97.17250,Right_Retroauricular_crease
OTU_97.17250,Stool_1
OTU_97.17250,Subgingival_plaque_1
OTU_97.17250,Tongue_dorsum_1
OTU_97.17250,Right_Antecubital_fossa_1
OTU_97.1726,Subgingival_plaque
OTU_97.1726,Palatine_Tonsils
OTU_97.1726,Throat
OTU_97.1726,Left_Retroauricular_crease_1
OTU_97.17263,Attached_Keratinized_gingiva_1
OTU_97.1727,Left_Antecubital_fossa_1
OTU_97.1727,Hard_palate
OTU_97.1727,Palatine_Tonsils_1
OTU_97.17270,Left_Retroauricular_crease
OTU_97.17270,Stool
OTU_97.17270,Saliva_1
OTU_97.17273,Buccal_mucosa
OTU_97.17273,Left_Antecubital_fossa_1
OTU_97.17273,Left_Antecubital_fossa
OTU_97.17279,Saliva_1
OTU_97.17279,Left_Antecubital_fossa
OTU_97.17280,Attached_Keratinized_gingiva_1
OTU_97.17280,Saliva_1
OTU_97.17280,Left_Retroauricular_crease_1
OTU_97.17281,Anterior_nares
OTU_97.17286,Right_Retroauricular_crease
OTU_97.17290,Buccal_mucosa
OTU_97.17290,Attached_Keratinized_gingiva_1
OTU_97.17290,Buccal_mucosa_1
OTU_97.17290,Throat
OTU_97.17301,Palatine_Tonsils_1
OTU_97.17306,Supragingival_plaque_1
OTU_97.17306,Hard_palate
OTU_97.17306,Saliva_1
OTU_97.17308,Right_Retroauricular_crease
OTU_97.17308,Hard_palate
OTU_97.17308,Attached_Keratinized_gingiva
OTU_97.1731,Attached_Keratinized_gingiva_1
OTU_97.1731,Saliva_1
OTU_97.1731,Anterior_nares
OTU_97.1731,Throat_1
OTU_97.17310,Supragingival_plaque
OTU_97.17314,Saliva
OTU_97.17314,Attached_Keratinized_gingiva
OTU_97.17314,Anterior_nares
OTU_97.17317,Subgingival_plaque_1
OTU_97.17317,Palatine_Tonsils
OTU_97.17322,Supragingival_plaque_1
OTU_97.17322,Subgingival_plaque_1
OTU_97.17323,Attached_Keratinized_gingiva_1
OTU_97.17323,Subgingival_plaque_1
OTU_97.17323,Saliva_1
OTU_97.17324,Right_Retroauricular_crease_1
OTU_97.17324,Left_Retroauricular_crease
OTU_97.17324,Anterior_nares_1
OTU_97.17327,Right_Retroauricular_crease_1
OTU_97.17327,Left_Antecubital_fossa_1
OTU_97.17331,Right_Retroauricular_crease_1
OTU_97.17331,Stool_1
OTU_97.17331,Anterior_nares_1
OTU_97.17333,Supragingival_plaque_1
OTU_97.17333,Saliva_1
OTU_97.17333,Palatine_Tonsils_1
OTU_97.17333,Anterior_nares
OTU_97.17336,Saliva
OTU_97.17336,Attached_Keratinized_gingiva_1
OTU_97.17336,Saliva_1
OTU_97.17336,Throat
OTU_97.17336,Attached_Keratinized_gingiva
OTU_97.17341,Subgingival_plaque
OTU_97.17341,Right_Antecubital_fossa
OTU_97.17341,Palatine_Tonsils
OTU_97.17341,Left_Retroauricular_crease_1
OTU_97.17346,Supragingival_plaque_1
OTU_97.17346,Saliva_1
OTU_97.17346,Tongue_dorsum_1
OTU_97.1735,Right_Retroauricular_crease
OTU_97.17354,Attached_Keratinized_gingiva_1
OTU_97.17355,Buccal_mucosa_1
OTU_97.17355,Left_Antecubital_fossa
OTU_97.1736,Left_Antecubital_fossa_1
OTU_97.1736,Right_Antecubital_fossa
OTU_97.1736,Attached_Keratinized_gingiva_1
OTU_97.1736,Buccal_mucosa_1
OTU_97.1736,Anterior_nares
OTU_97.1736,Tongue_dorsum_1
OTU_97.17365,Attached_Keratinized_gingiva_1
OTU_97.17365,Attached_Keratinized_gingiva
OTU_97.17365,Anterior_nares
OTU_97.1737,Supragingival_plaque
OTU_97.17381,Hard_palate_1
OTU_97.17381,Palatine_Tonsils_1
OTU_97.1739,Supragingival_plaque
OTU_97.17395,Right_Retroauricular_crease
OTU_97.17395,Left_Retroauricular_crease_1
OTU_97.17395,Anterior_nares
OTU_97.17398,Buccal_mucosa
OTU_97.17398,Hard_palate
OTU_97.174,Right_Antecubital_fossa
OTU_97.174,Stool_1
OTU_97.1740,Attached_Keratinized_gingiva_1
OTU_97.1740,Throat
OTU_97.17401,Tongue_dorsum
OTU_97.17401,Attached_Keratinized_gingiva_1
OTU_97.17401,Buccal_mucosa_1
OTU_97.17404,Left_Antecubital_fossa_1
OTU_97.17404,Right_Retroauricular_crease
OTU_97.17406,Saliva_1
OTU_97.17408,Buccal_mucosa
OTU_97.17408,Throat
OTU_97.17411,Right_Antecubital_fossa
OTU_97.17411,Hard_palate
OTU_97.17417,Subgingival_plaque
OTU_97.17417,Anterior_nares
OTU_97.17420,Saliva
OTU_97.17424,Hard_palate
OTU_97.17424,Saliva_1
OTU_97.17424,Right_Antecubital_fossa_1
OTU_97.17430,Supragingival_plaque
OTU_97.17430,Left_Antecubital_fossa_1
OTU_97.17430,Buccal_mucosa_1
OTU_97.17430,Palatine_Tonsils_1
OTU_97.17430,Left_Retroauricular_crease_1
OTU_97.17435,Buccal_mucosa
OTU_97.17435,Stool_1
OTU_97.17435,Throat
OTU_97.17436,Buccal_mucosa
OTU_97.17436,Right_Retroauricular_crease
OTU_97.17436,Anterior_nares
OTU_97.17438,Subgingival_plaque
OTU_97.17438,Right_Antecubital_fossa
OTU_97.17438,Throat_1
OTU_97.17441,Subgingival_plaque_1
OTU_97.17441,Anterior_nares
OTU_97.17444,Buccal_mucosa
OTU_97.17444,Supragingival_plaque
OTU_97.17444,Palatine_Tonsils
OTU_97.17445,Hard_palate_1
OTU_97.17455,Supragingival_plaque_1
OTU_97.17455,Buccal_mucosa
OTU_97.17455,Right_Retroauricular_crease
OTU_97.17455,Subgingival_plaque_1
OTU_97.17456,Subgingival_plaque
OTU_97.17456,Right_Antecubital_fossa
OTU_97.17456,Buccal_mucosa_1
OTU_97.17456,Palatine_Tonsils_1
OTU_97.17456,Left_Retroauricular_crease_1
OTU_97.17457,Saliva
OTU_97.17457,Right_Antecubital_fossa
OTU_97.17457,Attached_Keratinized_gingiva_1
OTU_97.17459,Buccal_mucosa
OTU_97.17462,Right_Retroauricular_crease_1
OTU_97.17462,Supragingival_plaque_1
OTU_97.17462,Left_Antecubital_fossa_1
OTU_97.17465,Attached_Keratinized_gingiva_1
OTU_97.17465,Hard_palate
OTU_97.17465,Stool
OTU_97.17465,Stool_1
OTU_97.17465,Subgingival_plaque_1
OTU_97.17465,Palatine_Tonsils
OTU_97.17467,Tongue_dorsum
OTU_97.17467,Hard_palate
OTU_97.17467,Left_Retroauricular_crease_1
OTU_97.17467,Throat_1
OTU_97.17480,Buccal_mucosa
OTU_97.17480,Supragingival_plaque
OTU_97.17480,Right_Retroauricular_crease
OTU_97.17480,Left_Retroauricular_crease
OTU_97.17482,Supragingival_plaque
OTU_97.17482,Hard_palate_1
OTU_97.17482,Stool
OTU_97.17482,Throat
OTU_97.17482,Tongue_dorsum_1
OTU_97.17483,Supragingival_plaque
OTU_97.17483,Throat_1
OTU_97.17487,Tongue_dorsum
OTU_97.17496,Tongue_dorsum
OTU_97.17496,Buccal_mucosa
OTU_97.17496,Attached_Keratinized_gingiva_1
OTU_97.17500,Supragingival_plaque_1
OTU_97.17500,Hard_palate
OTU_97.17500,Palatine_Tonsils
OTU_97.17502,Left_Antecubital_fossa_1
OTU_97.17502,Saliva_1
OTU_97.1751,Saliva_1
OTU_97.1751,Throat
OTU_97.1751,Anterior_nares
OTU_97.1751,Throat_1
OTU_97.17519,Buccal_mucosa
OTU_97.17519,Saliva
OTU_97.17519,Tongue_dorsum_1
OTU_97.17519,Right_Antecubital_fossa_1
OTU_97.17529,Buccal_mucosa
OTU_97.17529,Saliva
OTU_97.17529,Left_Retroauricular_crease
OTU_97.17533,Buccal_mucosa_1
OTU_97.17533,Stool
OTU_97.17533,Palatine_Tonsils
OTU_97.17533,Left_Retroauricular_crease_1
OTU_97.17536,Left_Antecubital_fossa_1
OTU_97.17536,Stool
OTU_97.1754,Right_Retroauricular_crease_1
OTU_97.1754,Throat_1
OTU_97.17540,Tongue_dorsum
OTU_97.17540,Right_Retroauricular_crease
OTU_97.17540,Saliva_1
OTU_97.17542,Palatine_Tonsils_1
OTU_97.17547,Supragingival_plaque
OTU_97.17547,Stool_1
OTU_97.17549,Saliva_1
OTU_97.1755,Buccal_mucosa_1
OTU_97.1755,Subgingival_plaque_1
OTU_97.1755,Left_Antecubital_fossa
OTU_97.1755,Tongue_dorsum_1
OTU_97.1755,Throat_1
OTU_97.17554,Stool
OTU_97.17554,Palatine_Tonsils
OTU_97.17554,Tongue_dorsum_1
OTU_97.17559,Supragingival_plaque
OTU_97.17559,Subgingival_plaque_1
OTU_97.17559,Throat_1
OTU_97.17567,Right_Retroauricular_crease_1
OTU_97.17567,Hard_palate_1
OTU_97.17574,Right_Antecubital_fossa
OTU_97.17574,Buccal_mucosa_1
OTU_97.17576,Left_Antecubital_fossa_1
OTU_97.17576,Hard_palate_1
OTU_97.17578,Supragingival_plaque_1
OTU_97.17578,Right_Antecubital_fossa
OTU_97.17579,Left_Antecubital_fossa_1
OTU_97.17579,Stool_1
OTU_97.17579,Saliva_1
OTU_97.17594,Supragingival_plaque
OTU_97.17594,Saliva
OTU_97.17594,Left_Antecubital_fossa_1
OTU_97.17594,Right_Antecubital_fossa
OTU_97.17594,Hard_palate
OTU_97.17595,Tongue_dorsum
OTU_97.17595,Attached_Keratinized_gingiva_1
OTU_97.17595,Tongue_dorsum_1
OTU_97.176,Stool_1
OTU_97.1760,Supragingival_plaque_1
OTU_97.1760,Right_Retroauricular_crease
OTU_97.17601,Subgingival_plaque
OTU_97.17601,Buccal_mucosa
OTU_97.17601,Stool_1
OTU_97.17601,Palatine_Tonsils_1
OTU_97.17605,Palatine_Tonsils
OTU_97.17605,Right_Antecubital_fossa_1
OTU_97.17605,Anterior_nares_1
OTU_97.17606,Buccal_mucosa_1
OTU_97.17606,Saliva_1
OTU_97.17619,Buccal_mucosa_1
OTU_97.1762,Right_Retroauricular_crease_1
OTU_97.17620,Stool_1
OTU_97.17621,Subgingival_plaque
OTU_97.17621,Left_Retroauricular_crease
OTU_97.17621,Buccal_mucosa_1
OTU_97.17621,Subgingival_plaque_1
OTU_97.17622,Stool
OTU_97.17622,Subgingival_plaque_1
OTU_97.17622,Left_Antecubital_fossa
OTU_97.17622,Throat_1
OTU_97.17625,Right_Retroauricular_crease
OTU_97.17625,Saliva_1
OTU_97.17625,Tongue_dorsum_1
OTU_97.17627,Right_Retroauricular_crease_1
OTU_97.17627,Supragingival_plaque
OTU_97.17627,Subgingival_plaque_1
OTU_97.1763,Hard_palate
OTU_97.1763,Subgingival_plaque_1
OTU_97.1763,Left_Retroauricular_crease_1
OTU_97.1763,Tongue_dorsum_1
OTU_97.17632,Supragingival_plaque_1
OTU_97.17634,Hard_palate
OTU_97.17634,Palatine_Tonsils_1
OTU_97.17639,Subgingival_plaque
OTU_97.17639,Attached_Keratinized_gingiva
OTU_97.17639,Palatine_Tonsils_1
OTU_97.17639,Anterior_nares
OTU_97.1764,Supragingival_plaque_1
OTU_97.1764,Attached_Keratinized_gingiva_1
OTU_97.1764,Anterior_nares
OTU_97.17641,Saliva
OTU_97.17641,Left_Antecubital_fossa_1
OTU_97.17641,Right_Retroauricular_crease
OTU_97.17645,Tongue_dorsum
OTU_97.17648,Saliva
OTU_97.17648,Palatine_Tonsils_1
OTU_97.17648,Anterior_nares_1
OTU_97.17649,Hard_palate
OTU_97.17649,Attached_Keratinized_gingiva
OTU_97.17649,Throat_1
OTU_97.17651,Tongue_dorsum
OTU_97.17651,Left_Retroauricular_crease
OTU_97.17651,Hard_palate
OTU_97.17656,Tongue_dorsum
OTU_97.17656,Right_Antecubital_fossa
OTU_97.17656,Throat_1
OTU_97.1766,Tongue_dorsum
OTU_97.1766,Buccal_mucosa
OTU_97.1766,Throat
OTU_97.17668,Left_Retroauricular_crease
OTU_97.17668,Buccal_mucosa_1
OTU_97.17669,Supragingival_plaque_1
OTU_97.17671,Tongue_dorsum
OTU_97.17671,Buccal_mucosa
OTU_97.17671,Left_Antecubital_fossa
OTU_97.17672,Left_Retroauricular_crease
OTU_97.17672,Subgingival_plaque_1
OTU_97.17677,Left_Antecubital_fossa_1
OTU_97.1768,Tongue_dorsum
OTU_97.17680,Saliva_1
OTU_97.17680,Right_Antecubital_fossa_1
OTU_97.17687,Buccal_mucosa
OTU_97.17687,Anterior_nares
OTU_97.17696,Stool
OTU_97.17696,Palatine_Tonsils_1
OTU_97.17696,Left_Retroauricular_crease_1
OTU_97.17696,Right_Antecubital_fossa_1
OTU_97.17699,Tongue_dorsum
OTU_97.17699,Right_Retroauricular_crease
OTU_97.17699,Buccal_mucosa_1
OTU_97.17699,Left_Retroauricular_crease_1
OTU_97.1770,Supragingival_plaque_1
OTU_97.1770,Throat_1
OTU_97.17701,Subgingival_plaque_1
OTU_97.17701,Anterior_nares
OTU_97.17711,Throat
OTU_97.17724,Subgingival_plaque
OTU_97.17724,Attached_Keratinized_gingiva_1
OTU_97.17726,Anterior_nares_1
OTU_97.17727,Tongue_dorsum_1
OTU_97.17727,Throat_1
OTU_97.17731,Attached_Keratinized_gingiva
OTU_97.17731,Right_Antecubital_fossa_1
OTU_97.17739,Right_Retroauricular_crease_1
OTU_97.17739,Throat_1
OTU_97.17742,Subgingival_plaque
OTU_97.17742,Attached_Keratinized_gingiva_1
OTU_97.1775,Right_Retroauricular_crease_1
OTU_97.1775,Left_Antecubital_fossa_1
OTU_97.1775,Palatine_Tonsils
OTU_97.1775,Anterior_nares
OTU_97.1775,Throat_1
OTU_97.17750,Supragingival_plaque_1
OTU_97.17750,Supragingival_plaque
OTU_97.17750,Stool_1
OTU_97.17750,Palatine_Tonsils
OTU_97.17750,Attached_Keratinized_gingiva
OTU_97.17755,Subgingival_plaque
OTU_97.17755,Stool
OTU_97.17755,Throat_1
OTU_97.17760,Right_Retroauricular_crease_1
OTU_97.17760,Attached_Keratinized_gingiva_1
OTU_97.17760,Palatine_Tonsils
OTU_97.17766,Attached_Keratinized_gingiva
OTU_97.17766,Tongue_dorsum_1
OTU_97.17767,Right_Retroauricular_crease
OTU_97.17767,Stool_1
OTU_97.17769,Left_Retroauricular_crease
OTU_97.17769,Attached_Keratinized_gingiva_1
OTU_97.17769,Saliva_1
OTU_97.1777,Left_Antecubital_fossa
OTU_97.17776,Right_Retroauricular_crease_1
OTU_97.17776,Hard_palate_1
OTU_97.17776,Buccal_mucosa_1
OTU_97.17776,Left_Retroauricular_crease_1
OTU_97.17776,Right_Antecubital_fossa_1
OTU_97.17779,Attached_Keratinized_gingiva_1
OTU_97.17779,Palatine_Tonsils_1
OTU_97.1778,Saliva_1
OTU_97.1778,Attached_Keratinized_gingiva
OTU_97.1778,Right_Antecubital_fossa_1
OTU_97.17783,Right_Retroauricular_crease
OTU_97.17783,Hard_palate_1
OTU_97.17783,Throat
OTU_97.17783,Tongue_dorsum_1
OTU_97.1779,Subgingival_plaque
OTU_97.1779,Palatine_Tonsils
OTU_97.1779,Right_Antecubital_fossa_1
OTU_97.17798,Supragingival_plaque_1
OTU_97.17798,Saliva
OTU_97.17798,Attached_Keratinized_gingiva
OTU_97.178,Attached_Keratinized_gingiva_1
OTU_97.17807,Saliva
OTU_97.17807,Anterior_nares_1
OTU_97.1781,Saliva
OTU_97.1781,Throat
OTU_97.17812,Right_Retroauricular_crease
OTU_97.17812,Attached_Keratinized_gingiva_1
OTU_97.17812,Anterior_nares_1
OTU_97.17813,Right_Retroauricular_crease_1
OTU_97.17813,Supragingival_plaque
OTU_97.17813,Hard_palate_1
OTU_97.17813,Left_Retroauricular_crease_1
OTU_97.17815,Hard_palate_1
OTU_97.17815,Subgingival_plaque_1
OTU_97.17820,Buccal_mucosa
OTU_97.17824,Supragingival_plaque
OTU_97.17824,Attached_Keratinized_gingiva_1
OTU_97.17828,Stool_1
OTU_97.17835,Right_Antecubital_fossa
OTU_97.17835,Hard_palate
OTU_97.17835,Saliva_1
OTU_97.17839,Anterior_nares
OTU_97.17843,Palatine_Tonsils
OTU_97.17843,Anterior_nares
OTU_97.17843,Left_Antecubital_fossa
OTU_97.1785,Buccal_mucosa
OTU_97.1785,Left_Retroauricular_crease
OTU_97.1785,Saliva_1
OTU_97.17853,Tongue_dorsum
OTU_97.17856,Anterior_nares_1
OTU_97.1786,Right_Retroauricular_crease_1
OTU_97.1786,Attached_Keratinized_gingiva
OTU_97.1787,Right_Antecubital_fossa
OTU_97.1787,Stool
OTU_97.17883,Subgingival_plaque
OTU_97.17888,Tongue_dorsum
OTU_97.17888,Attached_Keratinized_gingiva_1
OTU_97.17888,Left_Retroauricular_crease_1
OTU_97.17889,Attached_Keratinized_gingiva_1
OTU_97.17889,Stool_1
OTU_97.1789,Tongue_dorsum
OTU_97.1789,Supragingival_plaque_1
OTU_97.1789,Hard_palate_1
OTU_97.17891,Buccal_mucosa
OTU_97.17891,Left_Retroauricular_crease
OTU_97.17891,Saliva_1
OTU_97.17891,Throat_1
OTU_97.17893,Stool
OTU_97.17893,Tongue_dorsum_1
OTU_97.17893,Right_Antecubital_fossa_1
OTU_97.17893,Throat_1
OTU_97.17895,Right_Retroauricular_crease
OTU_97.17895,Attached_Keratinized_gingiva_1
OTU_97.179,Tongue_dorsum
OTU_97.179,Stool_1
OTU_97.179,Anterior_nares_1
OTU_97.1790,Subgingival_plaque
OTU_97.17900,Palatine_Tonsils
OTU_97.17900,Left_Retroauricular_crease_1
OTU_97.17900,Right_Antecubital_fossa_1
OTU_97.17908,Supragingival_plaque_1
OTU_97.17908,Throat
OTU_97.17908,Left_Retroauricular_crease_1
OTU_97.1791,Anterior_nares
OTU_97.1791,Left_Antecubital_fossa
OTU_97.1791,Right_Antecubital_fossa_1
OTU_97.17921,Right_Antecubital_fossa
OTU_97.17921,Tongue_dorsum_1
OTU_97.17922,Stool
OTU_97.17922,Palatine_Tonsils_1
OTU_97.17925,Left_Retroauricular_crease
OTU_97.17925,Palatine_Tonsils
OTU_97.17931,Saliva
OTU_97.17931,Buccal_mucosa_1
OTU_97.17932,Throat
OTU_97.17933,Tongue_dorsum
OTU_97.17936,Attached_Keratinized_gingiva_1
OTU_97.17936,Hard_palate_1
OTU_97.17936,Left_Antecubital_fossa
OTU_97.17943,Right_Retroauricular_crease_1
OTU_97.17943,Buccal_mucosa
OTU_97.17943,Throat_1
OTU_97.17951,Right_Retroauricular_crease
OTU_97.17951,Throat
OTU_97.17951,Tongue_dorsum_1
OTU_97.17951,Right_Antecubital_fossa_1
OTU_97.17956,Right_Retroauricular_crease_1
OTU_97.17967,Right_Retroauricular_crease_1
OTU_97.17967,Left_Retroauricular_crease
OTU_97.17967,Saliva_1
OTU_97.1798,Right_Retroauricular_crease_1
OTU_97.1798,Supragingival_plaque_1
OTU_97.1798,Right_Antecubital_fossa
OTU_97.1798,Hard_palate_1
OTU_97.17981,Right_Antecubital_fossa
OTU_97.17981,Buccal_mucosa_1
OTU_97.17981,Stool
OTU_97.17981,Left_Antecubital_fossa
OTU_97.17984,Right_Retroauricular_crease_1
OTU_97.17984,Stool_1
OTU_97.17989,Supragingival_plaque_1
OTU_97.17993,Stool
OTU_97.17996,Saliva
OTU_97.18,Supragingival_plaque
OTU_97.18,Left_Antecubital_fossa_1
OTU_97.18,Right_Antecubital_fossa
OTU_97.18,Subgingival_plaque_1
OTU_97.180,Tongue_dorsum
OTU_97.180,Hard_palate
OTU_97.1800,Tongue_dorsum
OTU_97.1800,Stool
OTU_97.1800,Attached_Keratinized_gingiva
OTU_97.18000,Subgingival_plaque
OTU_97.18000,Supragingival_plaque_1
OTU_97.1801,Right_Retroauricular_crease
OTU_97.1801,Anterior_nares
OTU_97.18011,Stool
OTU_97.18012,Subgingival_plaque
OTU_97.18012,Hard_palate_1
OTU_97.18012,Subgingival_plaque_1
OTU_97.18012,Left_Antecubital_fossa
OTU_97.18012,Right_Antecubital_fossa_1
OTU_97.18017,Right_Retroauricular_crease_1
OTU_97.18017,Right_Antecubital_fossa
OTU_97.18017,Palatine_Tonsils
OTU_97.1802,Left_Antecubital_fossa_1
OTU_97.1802,Attached_Keratinized_gingiva_1
OTU_97.1802,Buccal_mucosa_1
OTU_97.18020,Left_Antecubital_fossa_1
OTU_97.18021,Supragingival_plaque_1
OTU_97.18021,Throat
OTU_97.18023,Subgingival_plaque
OTU_97.18023,Supragingival_plaque_1
OTU_97.18023,Throat_1
OTU_97.18026,Right_Retroauricular_crease_1
OTU_97.18026,Left_Antecubital_fossa_1
OTU_97.18026,Hard_palate_1
OTU_97.18026,Stool_1
OTU_97.18038,Left_Antecubital_fossa
OTU_97.18038,Throat_1
OTU_97.18039,Subgingival_plaque
OTU_97.18039,Supragingival_plaque_1
OTU_97.18039,Stool_1
OTU_97.18039,Throat_1
OTU_97.18040,Right_Retroauricular_crease_1
OTU_97.18040,Buccal_mucosa_1
OTU_97.18040,Left_Retroauricular_crease_1
OTU_97.18046,Tongue_dorsum
OTU_97.18046,Buccal_mucosa
OTU_97.18046,Right_Antecubital_fossa
OTU_97.18046,Saliva_1
OTU_97.18046,Attached_Keratinized_gingiva
OTU_97.18046,Anterior_nares
OTU_97.18046,Anterior_nares_1
OTU_97.18049,Supragingival_plaque_1
OTU_97.18049,Throat
OTU_97.18049,Left_Retroauricular_crease_1
OTU_97.18049,Throat_1
OTU_97.18053,Hard_palate_1
OTU_97.18056,Attached_Keratinized_gingiva_1
OTU_97.18056,Hard_palate_1
OTU_97.18059,Palatine_Tonsils_1
OTU_97.18060,Right_Antecubital_fossa_1
OTU_97.18060,Anterior_nares_1
OTU_97.18062,Supragingival_plaque
OTU_97.18062,Left_Retroauricular_crease
OTU_97.18063,Buccal_mucosa_1
OTU_97.18063,Left_Antecubital_fossa
OTU_97.18068,Hard_palate
OTU_97.18068,Hard_palate_1
OTU_97.18070,Hard_palate
OTU_97.18070,Tongue_dorsum_1
OTU_97.18072,Hard_palate
OTU_97.18075,Tongue_dorsum
OTU_97.18075,Right_Retroauricular_crease_1
OTU_97.18075,Right_Antecubital_fossa
OTU_97.18075,Hard_palate_1
OTU_97.18075,Tongue_dorsum_1
OTU_97.18084,Saliva
OTU_97.18084,Left_Antecubital_fossa_1
OTU_97.18084,Right_Antecubital_fossa_1
OTU_97.18092,Hard_palate
OTU_97.18092,Buccal_mucosa_1
OTU_97.18092,Palatine_Tonsils_1
OTU_97.18093,Subgingival_plaque_1
OTU_97.18093,Saliva_1
OTU_97.18093,Throat
OTU_97.18093,Tongue_dorsum_1
OTU_97.18098,Right_Retroauricular_crease_1
OTU_97.18098,Attached_Keratinized_gingiva
OTU_97.181,Attached_Keratinized_gingiva_1
OTU_97.1811,Subgingival_plaque
OTU_97.1811,Stool_1
OTU_97.18118,Supragingival_plaque_1
OTU_97.18118,Supragingival_plaque
OTU_97.18118,Palatine_Tonsils_1
OTU_97.18118,Tongue_dorsum_1
OTU_97.18119,Stool
OTU_97.18119,Anterior_nares_1
OTU_97.1812,Right_Antecubital_fossa
OTU_97.18120,Tongue_dorsum
OTU_97.18120,Supragingival_plaque
OTU_97.18120,Left_Retroauricular_crease
OTU_97.18120,Attached_Keratinized_gingiva_1
OTU_97.18122,Left_Retroauricular_crease
OTU_97.18122,Palatine_Tonsils
OTU_97.18124,Tongue_dorsum
OTU_97.18124,Saliva
OTU_97.18124,Anterior_nares_1
OTU_97.18129,Hard_palate
OTU_97.18135,Stool_1
OTU_97.18138,Subgingival_plaque
OTU_97.18138,Buccal_mucosa
OTU_97.18138,Stool
OTU_97.18140,Supragingival_plaque_1
OTU_97.18140,Tongue_dorsum_1
OTU_97.18141,Attached_Keratinized_gingiva_1
OTU_97.18141,Throat
OTU_97.18141,Anterior_nares
OTU_97.18142,Right_Retroauricular_crease_1
OTU_97.18142,Saliva
OTU_97.1815,Supragingival_plaque_1
OTU_97.1815,Saliva_1
OTU_97.18151,Right_Retroauricular_crease
OTU_97.18151,Hard_palate
OTU_97.18151,Throat
OTU_97.18158,Buccal_mucosa_1
OTU_97.18158,Tongue_dorsum_1
OTU_97.18164,Saliva
OTU_97.18164,Left_Retroauricular_crease
OTU_97.18164,Tongue_dorsum_1
OTU_97.18164,Throat_1
OTU_97.18164,Anterior_nares_1
OTU_97.18173,Subgingival_plaque
OTU_97.18173,Left_Antecubital_fossa_1
OTU_97.18173,Buccal_mucosa_1
OTU_97.18173,Anterior_nares_1
OTU_97.18176,Buccal_mucosa
OTU_97.18176,Saliva
OTU_97.18176,Hard_palate
OTU_97.18176,Subgingival_plaque_1
OTU_97.18180,Palatine_Tonsils
OTU_97.18182,Tongue_dorsum
OTU_97.18182,Subgingival_plaque
OTU_97.18182,Attached_Keratinized_gingiva
OTU_97.18182,Throat_1
OTU_97.18184,Left_Antecubital_fossa_1
OTU_97.18184,Right_Antecubital_fossa
OTU_97.18184,Buccal_mucosa_1
OTU_97.18184,Subgingival_plaque_1
OTU_97.18184,Throat
OTU_97.18184,Attached_Keratinized_gingiva
OTU_97.1819,Buccal_mucosa
OTU_97.18194,Right_Retroauricular_crease_1
OTU_97.18194,Supragingival_plaque_1
OTU_97.18194,Left_Retroauricular_crease
OTU_97.18194,Right_Antecubital_fossa_1
OTU_97.18199,Supragingival_plaque
OTU_97.18199,Left_Retroauricular_crease
OTU_97.18199,Attached_Keratinized_gingiva_1
OTU_97.18199,Palatine_Tonsils
OTU_97.18199,Palatine_Tonsils_1
OTU_97.18199,Right_Antecubital_fossa_1
OTU_97.18200,Left_Retroauricular_crease_1
OTU_97.18200,Throat_1
OTU_97.18202,Hard_palate_1
OTU_97.18202,Buccal_mucosa_1
OTU_97.18202,Stool_1
OTU_97.18210,Subgingival_plaque
OTU_97.18210,Hard_palate
OTU_97.18210,Left_Retroauricular_crease_1
OTU_97.18211,Buccal_mucosa
OTU_97.18211,Hard_palate_1
OTU_97.18211,Attached_Keratinized_gingiva
OTU_97.18211,Right_Antecubital_fossa_1
OTU_97.18215,Palatine_Tonsils
OTU_97.18215,Right_Antecubital_fossa_1
OTU_97.18219,Subgingival_plaque
OTU_97.18223,Right_Retroauricular_crease
OTU_97.18223,Palatine_Tonsils_1
OTU_97.18229,Saliva
OTU_97.18229,Buccal_mucosa_1
OTU_97.18229,Anterior_nares
OTU_97.1823,Supragingival_plaque
OTU_97.1823,Left_Antecubital_fossa_1
OTU_97.1823,Right_Retroauricular_crease
OTU_97.1823,Left_Antecubital_fossa
OTU_97.18231,Saliva
OTU_97.18231,Anterior_nares
OTU_97.18233,Saliva_1
OTU_97.18233,Tongue_dorsum_1
OTU_97.18233,Throat_1
OTU_97.18247,Saliva
OTU_97.18247,Palatine_Tonsils_1
OTU_97.18248,Tongue_dorsum
OTU_97.18248,Left_Antecubital_fossa_1
OTU_97.18248,Stool_1
OTU_97.18251,Right_Retroauricular_crease
OTU_97.18251,Right_Antecubital_fossa
OTU_97.18251,Hard_palate_1
OTU_97.18251,Anterior_nares_1
OTU_97.18259,Buccal_mucosa_1
OTU_97.18259,Throat
OTU_97.18261,Right_Retroauricular_crease
OTU_97.18261,Palatine_Tonsils
OTU_97.18266,Right_Retroauricular_crease_1
OTU_97.18266,Buccal_mucosa_1
OTU_97.18266,Anterior_nares_1
OTU_97.18271,Buccal_mucosa
OTU_97.18271,Tongue_dorsum_1
OTU_97.18275,Right_Antecubital_fossa
OTU_97.18275,Left_Retroauricular_crease
OTU_97.18275,Buccal_mucosa_1
OTU_97.18279,Buccal_mucosa
OTU_97.18279,Attached_Keratinized_gingiva
OTU_97.18279,Left_Retroauricular_crease_1
OTU_97.18286,Hard_palate_1
OTU_97.18286,Palatine_Tonsils
OTU_97.18286,Tongue_dorsum_1
OTU_97.18294,Tongue_dorsum
OTU_97.18294,Attached_Keratinized_gingiva
OTU_97.18294,Palatine_Tonsils_1
OTU_97.18294,Anterior_nares
OTU_97.18297,Right_Retroauricular_crease_1
OTU_97.18297,Stool_1
OTU_97.18297,Throat_1
OTU_97.18298,Hard_palate
OTU_97.18298,Stool_1
OTU_97.18298,Throat_1
OTU_97.183,Tongue_dorsum
OTU_97.183,Buccal_mucosa_1
OTU_97.183,Attached_Keratinized_gingiva
OTU_97.183,Tongue_dorsum_1
OTU_97.18302,Right_Retroauricular_crease_1
OTU_97.18302,Left_Antecubital_fossa_1
OTU_97.18302,Throat
OTU_97.18302,Attached_Keratinized_gingiva
OTU_97.18302,Throat_1
OTU_97.18312,Subgingival_plaque
OTU_97.18312,Left_Retroauricular_crease
OTU_97.18312,Tongue_dorsum_1
OTU_97.18314,Attached_Keratinized_gingiva
OTU_97.1832,Left_Retroauricular_crease
OTU_97.1832,Subgingival_plaque_1
OTU_97.18322,Tongue_dorsum
OTU_97.18322,Right_Retroauricular_crease
OTU_97.18322,Anterior_nares_1
OTU_97.18327,Buccal_mucosa_1
OTU_97.18327,Anterior_nares
OTU_97.18327,Right_Antecubital_fossa_1
OTU_97.18328,Supragingival_plaque_1
OTU_97.18328,Buccal_mucosa
OTU_97.18328,Saliva
OTU_97.18328,Left_Antecubital_fossa
OTU_97.18333,Subgingival_plaque
OTU_97.18333,Buccal_mucosa_1
OTU_97.18333,Anterior_nares_1
OTU_97.18341,Saliva
OTU_97.18341,Left_Retroauricular_crease
OTU_97.18341,Attached_Keratinized_gingiva_1
OTU_97.18345,Supragingival_plaque_1
OTU_97.18345,Supragingival_plaque
OTU_97.18345,Left_Retroauricular_crease_1
OTU_97.18347,Attached_Keratinized_gingiva_1
OTU_97.18347,Palatine_Tonsils_1
OTU_97.18347,Left_Antecubital_fossa
OTU_97.1835,Hard_palate_1
OTU_97.18354,Supragingival_plaque
OTU_97.18356,Right_Retroauricular_crease_1
OTU_97.18356,Subgingival_plaque_1
OTU_97.18362,Right_Retroauricular_crease
OTU_97.18362,Subgingival_plaque_1
OTU_97.18362,Palatine_Tonsils_1
OTU_97.18368,Left_Antecubital_fossa_1
OTU_97.18368,Subgingival_plaque_1
OTU_97.18368,Tongue_dorsum_1
OTU_97.18371,Tongue_dorsum_1
OTU_97.18376,Tongue_dorsum
OTU_97.18379,Palatine_Tonsils
OTU_97.1838,Stool_1
OTU_97.1838,Saliva_1
OTU_97.18382,Saliva
OTU_97.18382,Hard_palate_1
OTU_97.18384,Tongue_dorsum
OTU_97.18384,Supragingival_plaque
OTU_97.18384,Attached_Keratinized_gingiva_1
OTU_97.18384,Stool_1
OTU_97.18390,Subgingival_plaque
OTU_97.18390,Right_Antecubital_fossa
OTU_97.18390,Right_Antecubital_fossa_1
OTU_97.18395,Supragingival_plaque
OTU_97.18395,Attached_Keratinized_gingiva_1
OTU_97.18395,Stool
OTU_97.18395,Stool_1
OTU_97.184,Right_Antecubital_fossa
OTU_97.184,Palatine_Tonsils
OTU_97.184,Left_Antecubital_fossa
OTU_97.184,Right_Antecubital_fossa_1
OTU_97.18402,Right_Retroauricular_crease_1
OTU_97.18402,Buccal_mucosa_1
OTU_97.18402,Attached_Keratinized_gingiva
OTU_97.18402,Left_Retroauricular_crease_1
OTU_97.18403,Tongue_dorsum
OTU_97.18403,Hard_palate_1
OTU_97.18403,Tongue_dorsum_1
OTU_97.18405,Tongue_dorsum
OTU_97.18405,Supragingival_plaque
OTU_97.18405,Saliva
OTU_97.18405,Attached_Keratinized_gingiva_1
OTU_97.18405,Hard_palate
OTU_97.18405,Palatine_Tonsils
OTU_97.18413,Subgingival_plaque
OTU_97.18413,Right_Antecubital_fossa
OTU_97.18413,Tongue_dorsum_1
OTU_97.18424,Subgingival_plaque
OTU_97.18424,Stool_1
OTU_97.18424,Attached_Keratinized_gingiva
OTU_97.18424,Left_Antecubital_fossa
OTU_97.18426,Right_Antecubital_fossa
OTU_97.18426,Hard_palate
OTU_97.1843,Saliva_1
OTU_97.18430,Supragingival_plaque
OTU_97.18430,Throat
OTU_97.18435,Supragingival_plaque_1
OTU_97.18435,Buccal_mucosa_1
OTU_97.18435,Tongue_dorsum_1
OTU_97.18438,Stool
OTU_97.18439,Supragingival_plaque_1
OTU_97.18439,Tongue_dorsum_1
OTU_97.18439,Throat_1
OTU_97.18440,Anterior_nares
OTU_97.18445,Hard_palate_1
OTU_97.18445,Stool_1
OTU_97.18445,Throat
OTU_97.18445,Tongue_dorsum_1
OTU_97.18449,Tongue_dorsum
OTU_97.18449,Buccal_mucosa
OTU_97.18449,Left_Retroauricular_crease
OTU_97.18456,Right_Retroauricular_crease
OTU_97.18468,Attached_Keratinized_gingiva
OTU_97.18468,Throat_1
OTU_97.18481,Saliva_1
OTU_97.18489,Right_Retroauricular_crease_1
OTU_97.18489,Supragingival_plaque_1
OTU_97.18489,Buccal_mucosa
OTU_97.18490,Supragingival_plaque_1
OTU_97.18490,Right_Retroauricular_crease
OTU_97.18493,Subgingival_plaque
OTU_97.18493,Hard_palate_1
OTU_97.18493,Throat
OTU_97.18494,Supragingival_plaque_1
OTU_97.18494,Right_Antecubital_fossa
OTU_97.18494,Attached_Keratinized_gingiva
OTU_97.18494,Palatine_Tonsils_1
OTU_97.18496,Tongue_dorsum
OTU_97.18496,Right_Retroauricular_crease
OTU_97.18496,Hard_palate_1
OTU_97.18506,Left_Retroauricular_crease
OTU_97.18506,Saliva_1
OTU_97.18508,Supragingival_plaque
OTU_97.18508,Hard_palate
OTU_97.18508,Palatine_Tonsils
OTU_97.1851,Saliva
OTU_97.1851,Right_Retroauricular_crease
OTU_97.1851,Stool
OTU_97.1851,Anterior_nares
OTU_97.18513,Buccal_mucosa
OTU_97.18513,Right_Retroauricular_crease
OTU_97.18513,Subgingival_plaque_1
OTU_97.18513,Throat
OTU_97.18513,Attached_Keratinized_gingiva
OTU_97.18513,Throat_1
OTU_97.18528,Hard_palate_1
OTU_97.18528,Stool
OTU_97.18528,Subgingival_plaque_1
OTU_97.18528,Left_Antecubital_fossa
OTU_97.18529,Subgingival_plaque
OTU_97.18529,Left_Antecubital_fossa_1
OTU_97.18529,Palatine_Tonsils
OTU_97.18529,Attached_Keratinized_gingiva
OTU_97.18529,Throat_1
OTU_97.18536,Supragingival_plaque
OTU_97.18536,Saliva
OTU_97.18536,Subgingival_plaque_1
OTU_97.18548,Buccal_mucosa_1
OTU_97.18548,Right_Antecubital_fossa_1
OTU_97.18552,Right_Antecubital_fossa
OTU_97.18552,Left_Retroauricular_crease_1
OTU_97.18555,Tongue_dorsum
OTU_97.18555,Attached_Keratinized_gingiva_1
OTU_97.18555,Palatine_Tonsils
OTU_97.18566,Saliva_1
OTU_97.18566,Palatine_Tonsils
OTU_97.18568,Left_Antecubital_fossa_1
OTU_97.18568,Saliva_1
OTU_97.18568,Throat
OTU_97.18568,Left_Retroauricular_crease_1
OTU_97.18568,Tongue_dorsum_1
OTU_97.18576,Right_Retroauricular_crease
OTU_97.18576,Attached_Keratinized_gingiva_1
OTU_97.18576,Anterior_nares_1
OTU_97.18577,Right_Retroauricular_crease
OTU_97.18577,Stool
OTU_97.18577,Palatine_Tonsils_1
OTU_97.18577,Left_Retroauricular_crease_1
OTU_97.18577,Throat_1
OTU_97.18578,Right_Antecubital_fossa_1
OTU_97.18589,Subgingival_plaque
OTU_97.18589,Buccal_mucosa
OTU_97.18593,Saliva
OTU_97.1860,Hard_palate
OTU_97.1860,Saliva_1
OTU_97.18603,Subgingival_plaque_1
OTU_97.18603,Throat_1
OTU_97.18605,Subgingival_plaque
OTU_97.18605,Saliva_1
OTU_97.18605,Anterior_nares
OTU_97.18606,Left_Retroauricular_crease
OTU_97.18606,Attached_Keratinized_gingiva_1
OTU_97.18607,Throat_1
OTU_97.18611,Palatine_Tonsils
OTU_97.18611,Throat_1
OTU_97.18612,Left_Retroauricular_crease
OTU_97.18612,Anterior_nares
OTU_97.18614,Saliva_1
OTU_97.18616,Tongue_dorsum
OTU_97.18616,Buccal_mucosa
OTU_97.18616,Stool
OTU_97.18619,Left_Antecubital_fossa_1
OTU_97.18619,Left_Retroauricular_crease
OTU_97.18619,Hard_palate_1
OTU_97.18619,Saliva_1
OTU_97.18626,Saliva_1
OTU_97.18626,Anterior_nares_1
OTU_97.18628,Saliva_1
OTU_97.18630,Left_Retroauricular_crease
OTU_97.18634,Tongue_dorsum
OTU_97.18634,Hard_palate_1
OTU_97.18634,Throat
OTU_97.18636,Tongue_dorsum
OTU_97.18636,Right_Retroauricular_crease
OTU_97.18636,Hard_palate_1
OTU_97.18636,Stool
OTU_97.18636,Right_Antecubital_fossa_1
OTU_97.18642,Buccal_mucosa
OTU_97.18642,Subgingival_plaque_1
OTU_97.18655,Hard_palate_1
OTU_97.18655,Anterior_nares
OTU_97.18664,Tongue_dorsum
OTU_97.18664,Stool_1
OTU_97.18664,Left_Antecubital_fossa
OTU_97.18664,Right_Antecubital_fossa_1
OTU_97.18676,Right_Antecubital_fossa
OTU_97.18676,Hard_palate_1
OTU_97.18676,Anterior_nares_1
OTU_97.18679,Supragingival_plaque
OTU_97.18679,Saliva_1
OTU_97.18681,Supragingival_plaque_1
OTU_97.18681,Left_Retroauricular_crease
OTU_97.18682,Right_Antecubital_fossa
OTU_97.18684,Supragingival_plaque
OTU_97.18684,Left_Antecubital_fossa_1
OTU_97.18684,Left_Retroauricular_crease
OTU_97.18684,Buccal_mucosa_1
OTU_97.18687,Right_Retroauricular_crease_1
OTU_97.18687,Hard_palate
OTU_97.18687,Tongue_dorsum_1
OTU_97.18688,Right_Retroauricular_crease_1
OTU_97.18688,Right_Antecubital_fossa_1
OTU_97.18691,Saliva
OTU_97.18691,Palatine_Tonsils
OTU_97.18694,Anterior_nares_1
OTU_97.18698,Buccal_mucosa_1
OTU_97.18698,Saliva_1
OTU_97.18698,Throat
OTU_97.18698,Left_Retroauricular_crease_1
OTU_97.1870,Supragingival_plaque
OTU_97.1870,Subgingival_plaque_1
OTU_97.1870,Left_Antecubital_fossa
OTU_97.18704,Right_Retroauricular_crease
OTU_97.18704,Palatine_Tonsils
OTU_97.18706,Attached_Keratinized_gingiva_1
OTU_97.18706,Saliva_1
OTU_97.18706,Palatine_Tonsils_1
OTU_97.18709,Tongue_dorsum
OTU_97.18709,Supragingival_plaque
OTU_97.18709,Stool_1
OTU_97.1871,Palatine_Tonsils
OTU_97.1871,Palatine_Tonsils_1
OTU_97.1871,Throat_1
OTU_97.18714,Attached_Keratinized_gingiva_1
OTU_97.18714,Buccal_mucosa_1
OTU_97.18720,Tongue_dorsum
OTU_97.18720,Saliva
OTU_97.18720,Hard_palate_1
OTU_97.18729,Right_Retroauricular_crease_1
OTU_97.18729,Buccal_mucosa_1
OTU_97.18729,Stool_1
OTU_97.18729,Saliva_1
OTU_97.18729,Throat
OTU_97.18729,Anterior_nares
OTU_97.18730,Subgingival_plaque
OTU_97.18730,Right_Antecubital_fossa
OTU_97.18730,Palatine_Tonsils
OTU_97.18738,Throat
OTU_97.18738,Tongue_dorsum_1
OTU_97.18742,Buccal_mucosa
OTU_97.18742,Left_Antecubital_fossa_1
OTU_97.18742,Stool_1
OTU_97.18742,Left_Antecubital_fossa
OTU_97.18748,Saliva
OTU_97.18748,Stool_1
OTU_97.18748,Attached_Keratinized_gingiva
OTU_97.1875,Attached_Keratinized_gingiva_1
OTU_97.1875,Left_Antecubital_fossa
OTU_97.18752,Left_Retroauricular_crease
OTU_97.18752,Anterior_nares_1
OTU_97.18754,Subgingival_plaque
OTU_97.18754,Stool_1
OTU_97.18754,Subgingival_plaque_1
OTU_97.18754,Throat
OTU_97.18756,Hard_palate
OTU_97.18756,Stool
OTU_97.1876,Left_Antecubital_fossa_1
OTU_97.1876,Hard_palate_1
OTU_97.18767,Hard_palate
OTU_97.18767,Hard_palate_1
OTU_97.18767,Tongue_dorsum_1
OTU_97.1877,Tongue_dorsum
OTU_97.1877,Supragingival_plaque
OTU_97.1877,Right_Retroauricular_crease
OTU_97.1877,Attached_Keratinized_gingiva_1
OTU_97.18770,Subgingival_plaque
OTU_97.18770,Supragingival_plaque
OTU_97.18770,Right_Retroauricular_crease
OTU_97.18770,Palatine_Tonsils_1
OTU_97.18773,Buccal_mucosa_1
OTU_97.18773,Stool_1
OTU_97.18773,Right_Antecubital_fossa_1
OTU_97.18779,Left_Retroauricular_crease
OTU_97.18779,Stool_1
OTU_97.18779,Anterior_nares
OTU_97.18779,Anterior_nares_1
OTU_97.18783,Subgingival_plaque
OTU_97.18783,Attached_Keratinized_gingiva
OTU_97.18785,Subgingival_plaque
OTU_97.18785,Buccal_mucosa
OTU_97.18785,Attached_Keratinized_gingiva
OTU_97.18787,Stool
OTU_97.18787,Right_Antecubital_fossa_1
OTU_97.18787,Anterior_nares_1
OTU_97.18793,Right_Antecubital_fossa
OTU_97.18793,Hard_palate_1
OTU_97.18793,Buccal_mucosa_1
OTU_97.18797,Attached_Keratinized_gingiva_1
OTU_97.18797,Buccal_mucosa_1
OTU_97.18797,Left_Antecubital_fossa
OTU_97.18797,Anterior_nares_1
OTU_97.18799,Left_Retroauricular_crease
OTU_97.18799,Buccal_mucosa_1
OTU_97.18799,Stool
OTU_97.18799,Palatine_Tonsils
OTU_97.18799,Throat
OTU_97.18799,Attached_Keratinized_gingiva
OTU_97.18799,Left_Antecubital_fossa
OTU_97.18804,Saliva
OTU_97.18804,Stool
OTU_97.18804,Anterior_nares
OTU_97.18807,Hard_palate_1
OTU_97.18807,Palatine_Tonsils
OTU_97.18807,Throat
OTU_97.18821,Tongue_dorsum
OTU_97.18821,Subgingival_plaque
OTU_97.18821,Supragingival_plaque
OTU_97.18823,Buccal_mucosa
OTU_97.18824,Saliva
OTU_97.18824,Buccal_mucosa_1
OTU_97.18826,Hard_palate
OTU_97.18826,Hard_palate_1
OTU_97.18826,Left_Retroauricular_crease_1
OTU_97.18828,Subgingival_plaque_1
OTU_97.18828,Throat_1
OTU_97.18831,Throat
OTU_97.18835,Tongue_dorsum
OTU_97.18835,Stool_1
OTU_97.18839,Buccal_mucosa
OTU_97.18839,Throat
OTU_97.1884,Tongue_dorsum
OTU_97.1884,Buccal_mucosa
OTU_97.1884,Buccal_mucosa_1
OTU_97.1884,Subgingival_plaque_1
OTU_97.1884,Saliva_1
OTU_97.1884,Right_Antecubital_fossa_1
OTU_97.18844,Supragingival_plaque_1
OTU_97.18844,Left_Retroauricular_crease
OTU_97.18844,Palatine_Tonsils
OTU_97.18845,Left_Antecubital_fossa_1
OTU_97.18845,Right_Antecubital_fossa_1
OTU_97.18846,Hard_palate_1
OTU_97.18846,Throat
OTU_97.1885,Left_Antecubital_fossa_1
OTU_97.1885,Attached_Keratinized_gingiva_1
OTU_97.1885,Subgingival_plaque_1
OTU_97.18857,Right_Retroauricular_crease
OTU_97.18857,Throat_1
OTU_97.18865,Attached_Keratinized_gingiva
OTU_97.18870,Tongue_dorsum
OTU_97.18870,Buccal_mucosa_1
OTU_97.18870,Palatine_Tonsils
OTU_97.18870,Anterior_nares
OTU_97.18871,Buccal_mucosa
OTU_97.18871,Saliva
OTU_97.18871,Attached_Keratinized_gingiva_1
OTU_97.18871,Throat_1
OTU_97.18877,Throat
OTU_97.18885,Hard_palate
OTU_97.18886,Buccal_mucosa
OTU_97.18886,Hard_palate
OTU_97.18887,Right_Antecubital_fossa_1
OTU_97.18891,Hard_palate
OTU_97.18892,Right_Retroauricular_crease_1
OTU_97.18892,Subgingival_plaque
OTU_97.18892,Left_Retroauricular_crease
OTU_97.18892,Saliva_1
OTU_97.18892,Throat
OTU_97.18892,Left_Antecubital_fossa
OTU_97.18898,Tongue_dorsum
OTU_97.18898,Tongue_dorsum_1
OTU_97.189,Tongue_dorsum
OTU_97.189,Right_Retroauricular_crease
OTU_97.189,Buccal_mucosa_1
OTU_97.189,Left_Antecubital_fossa
OTU_97.189,Anterior_nares_1
OTU_97.18904,Tongue_dorsum
OTU_97.18904,Left_Antecubital_fossa_1
OTU_97.18904,Stool
OTU_97.18904,Left_Retroauricular_crease_1
OTU_97.18909,Subgingival_plaque
OTU_97.18909,Supragingival_plaque_1
OTU_97.18909,Buccal_mucosa
OTU_97.18909,Subgingival_plaque_1
OTU_97.18909,Right_Antecubital_fossa_1
OTU_97.18920,Right_Retroauricular_crease_1
OTU_97.18920,Attached_Keratinized_gingiva_1
OTU_97.18920,Stool_1
OTU_97.18929,Left_Retroauricular_crease_1
OTU_97.18929,Anterior_nares_1
OTU_97.18932,Right_Retroauricular_crease_1
OTU_97.18932,Throat
OTU_97.18936,Left_Retroauricular_crease
OTU_97.18936,Attached_Keratinized_gingiva_1
OTU_97.18936,Buccal_mucosa_1
OTU_97.18938,Stool_1
OTU_97.18942,Supragingival_plaque
OTU_97.18942,Subgingival_plaque_1
OTU_97.18942,Attached_Keratinized_gingiva
OTU_97.18943,Supragingival_plaque_1
OTU_97.18943,Buccal_mucosa
OTU_97.18943,Hard_palate
OTU_97.18943,Stool
OTU_97.18943,Subgingival_plaque_1
OTU_97.18943,Throat_1
OTU_97.1895,Left_Antecubital_fossa_1
OTU_97.1895,Palatine_Tonsils
OTU_97.1895,Tongue_dorsum_1
OTU_97.18952,Stool
OTU_97.18952,Anterior_nares
OTU_97.18952,Left_Antecubital_fossa
OTU_97.18952,Tongue_dorsum_1
OTU_97.18963,Subgingival_plaque
OTU_97.18963,Left_Antecubital_fossa
OTU_97.18963,Anterior_nares_1
OTU_97.18969,Subgingival_plaque_1
OTU_97.18969,Throat_1
OTU_97.1897,Right_Antecubital_fossa_1
OTU_97.18979,Right_Retroauricular_crease_1
OTU_97.18979,Buccal_mucosa
OTU_97.18979,Left_Retroauricular_crease
OTU_97.18979,Buccal_mucosa_1
OTU_97.18979,Subgingival_plaque_1
OTU_97.18979,Anterior_nares
OTU_97.18982,Right_Retroauricular_crease_1
OTU_97.18982,Saliva
OTU_97.18982,Right_Antecubital_fossa
OTU_97.18982,Anterior_nares_1
OTU_97.18985,Saliva
OTU_97.18985,Left_Antecubital_fossa_1
OTU_97.18985,Buccal_mucosa_1
OTU_97.18987,Supragingival_plaque
OTU_97.18987,Palatine_Tonsils
OTU_97.18987,Left_Antecubital_fossa
OTU_97.1899,Anterior_nares_1
OTU_97.18998,Buccal_mucosa
OTU_97.18998,Saliva
OTU_97.18998,Right_Antecubital_fossa
OTU_97.18998,Left_Antecubital_fossa
OTU_97.190,Palatine_Tonsils
OTU_97.190,Anterior_nares
OTU_97.19001,Left_Antecubital_fossa_1
OTU_97.19001,Attached_Keratinized_gingiva_1
OTU_97.19001,Attached_Keratinized_gingiva
OTU_97.19001,Palatine_Tonsils_1
OTU_97.19001,Left_Antecubital_fossa
OTU_97.19001,Right_Antecubital_fossa_1
OTU_97.19002,Right_Retroauricular_crease
OTU_97.19002,Throat
OTU_97.19002,Left_Retroauricular_crease_1
OTU_97.19002,Anterior_nares
OTU_97.19005,Supragingival_plaque
OTU_97.19005,Attached_Keratinized_gingiva_1
OTU_97.19005,Left_Retroauricular_crease_1
OTU_97.19005,Anterior_nares_1
OTU_97.19010,Supragingival_plaque_1
OTU_97.19010,Buccal_mucosa
OTU_97.19010,Saliva_1
OTU_97.19017,Left_Antecubital_fossa_1
OTU_97.19017,Left_Retroauricular_crease_1
OTU_97.19021,Subgingival_plaque
OTU_97.19021,Left_Antecubital_fossa_1
OTU_97.19021,Throat
OTU_97.19021,Left_Retroauricular_crease_1
OTU_97.19023,Right_Retroauricular_crease_1
OTU_97.19023,Throat
OTU_97.19030,Tongue_dorsum
OTU_97.19030,Supragingival_plaque_1
OTU_97.19030,Left_Retroauricular_crease_1
OTU_97.19031,Attached_Keratinized_gingiva_1
OTU_97.19031,Left_Antecubital_fossa
OTU_97.19033,Attached_Keratinized_gingiva_1
OTU_97.19033,Hard_palate
OTU_97.19033,Stool
OTU_97.19033,Attached_Keratinized_gingiva
OTU_97.19046,Tongue_dorsum
OTU_97.19046,Subgingival_plaque_1
OTU_97.19047,Buccal_mucosa_1
OTU_97.19047,Saliva_1
OTU_97.19047,Anterior_nares_1
OTU_97.19051,Supragingival_plaque
OTU_97.19051,Anterior_nares_1
OTU_97.19054,Supragingival_plaque
OTU_97.19054,Hard_palate_1
OTU_97.19054,Throat
OTU_97.1906,Stool
OTU_97.1906,Subgingival_plaque_1
OTU_97.19061,Hard_palate
OTU_97.19061,Attached_Keratinized_gingiva
OTU_97.19061,Left_Retroauricular_crease_1
OTU_97.19061,Anterior_nares
OTU_97.19062,Left_Antecubital_fossa_1
OTU_97.19062,Right_Retroauricular_crease
OTU_97.19062,Stool_1
OTU_97.19066,Tongue_dorsum
OTU_97.19066,Throat
OTU_97.19069,Buccal_mucosa_1
OTU_97.19069,Saliva_1
OTU_97.1907,Stool_1
OTU_97.19072,Left_Retroauricular_crease_1
OTU_97.19072,Throat_1
OTU_97.19076,Tongue_dorsum
OTU_97.19076,Right_Antecubital_fossa
OTU_97.19080,Hard_palate
OTU_97.19080,Right_Antecubital_fossa_1
OTU_97.19080,Throat_1
OTU_97.19086,Hard_palate
OTU_97.19086,Left_Retroauricular_crease_1
OTU_97.19088,Buccal_mucosa
OTU_97.19088,Left_Retroauricular_crease
OTU_97.19088,Stool
OTU_97.1909,Attached_Keratinized_gingiva_1
OTU_97.1909,Stool
OTU_97.1909,Throat
OTU_97.1909,Throat_1
OTU_97.19099,Supragingival_plaque
OTU_97.19099,Stool
OTU_97.19101,Subgingival_plaque
OTU_97.19101,Subgingival_plaque_1
OTU_97.19102,Attached_Keratinized_gingiva_1
OTU_97.19107,Right_Retroauricular_crease_1
OTU_97.19107,Subgingival_plaque_1
OTU_97.19107,Anterior_nares
OTU_97.19107,Right_Antecubital_fossa_1
OTU_97.19118,Tongue_dorsum
OTU_97.19118,Buccal_mucosa
OTU_97.19118,Saliva
OTU_97.19118,Hard_palate_1
OTU_97.19123,Tongue_dorsum
OTU_97.19123,Left_Retroauricular_crease
OTU_97.19123,Stool_1
OTU_97.19123,Attached_Keratinized_gingiva
OTU_97.19123,Left_Retroauricular_crease_1
OTU_97.19125,Hard_palate
OTU_97.19125,Palatine_Tonsils_1
OTU_97.19125,Anterior_nares
OTU_97.19125,Throat_1
OTU_97.19133,Stool
OTU_97.19133,Left_Retroauricular_crease_1
OTU_97.19133,Tongue_dorsum_1
OTU_97.19137,Stool_1
OTU_97.19137,Subgingival_plaque_1
OTU_97.19137,Attached_Keratinized_gingiva
OTU_97.1914,Buccal_mucosa
OTU_97.1914,Left_Antecubital_fossa_1
OTU_97.1914,Right_Retroauricular_crease
OTU_97.1914,Buccal_mucosa_1
OTU_97.1914,Palatine_Tonsils
OTU_97.1914,Palatine_Tonsils_1
OTU_97.19143,Right_Retroauricular_crease
OTU_97.19143,Hard_palate_1
OTU_97.19143,Throat_1
OTU_97.19145,Tongue_dorsum_1
OTU_97.19157,Subgingival_plaque
OTU_97.19157,Left_Antecubital_fossa_1
OTU_97.19157,Right_Retroauricular_crease
OTU_97.19157,Saliva_1
OTU_97.19159,Tongue_dorsum
OTU_97.19159,Buccal_mucosa
OTU_97.19159,Stool_1
OTU_97.19159,Tongue_dorsum_1
OTU_97.19162,Buccal_mucosa
OTU_97.19162,Hard_palate_1
OTU_97.19162,Anterior_nares_1
OTU_97.19164,Left_Retroauricular_crease
OTU_97.19164,Stool_1
OTU_97.19164,Subgingival_plaque_1
OTU_97.19164,Attached_Keratinized_gingiva
OTU_97.19165,Left_Antecubital_fossa_1
OTU_97.19165,Saliva_1
OTU_97.19167,Buccal_mucosa
OTU_97.19167,Attached_Keratinized_gingiva
OTU_97.19167,Left_Retroauricular_crease_1
OTU_97.19167,Anterior_nares
OTU_97.19167,Tongue_dorsum_1
OTU_97.19180,Tongue_dorsum_1
OTU_97.19181,Right_Retroauricular_crease_1
OTU_97.19181,Buccal_mucosa
OTU_97.19181,Right_Antecubital_fossa_1
OTU_97.19187,Palatine_Tonsils_1
OTU_97.19187,Left_Retroauricular_crease_1
OTU_97.19187,Right_Antecubital_fossa_1
OTU_97.19188,Tongue_dorsum
OTU_97.19188,Stool
OTU_97.1919,Supragingival_plaque
OTU_97.1919,Palatine_Tonsils
OTU_97.19190,Right_Antecubital_fossa
OTU_97.19192,Left_Antecubital_fossa
OTU_97.19195,Stool_1
OTU_97.19195,Throat_1
OTU_97.192,Buccal_mucosa
OTU_97.192,Right_Antecubital_fossa
OTU_97.192,Hard_palate
OTU_97.19211,Tongue_dorsum
OTU_97.19211,Left_Antecubital_fossa_1
OTU_97.19211,Right_Antecubital_fossa
OTU_97.19211,Buccal_mucosa_1
OTU_97.19217,Right_Antecubital_fossa
OTU_97.19217,Left_Retroauricular_crease
OTU_97.19217,Attached_Keratinized_gingiva_1
OTU_97.19217,Palatine_Tonsils_1
OTU_97.19221,Supragingival_plaque
OTU_97.19221,Stool
OTU_97.19234,Tongue_dorsum
OTU_97.19234,Supragingival_plaque
OTU_97.19241,Stool
OTU_97.19241,Stool_1
OTU_97.19241,Attached_Keratinized_gingiva
OTU_97.19241,Palatine_Tonsils_1
OTU_97.19244,Tongue_dorsum
OTU_97.19244,Buccal_mucosa
OTU_97.19244,Buccal_mucosa_1
OTU_97.19252,Supragingival_plaque
OTU_97.19252,Attached_Keratinized_gingiva
OTU_97.19252,Palatine_Tonsils_1
OTU_97.1926,Subgingival_plaque
OTU_97.1926,Buccal_mucosa_1
OTU_97.19260,Right_Retroauricular_crease
OTU_97.19260,Left_Retroauricular_crease
OTU_97.19264,Subgingival_plaque
OTU_97.19264,Left_Antecubital_fossa_1
OTU_97.19264,Palatine_Tonsils
OTU_97.19265,Left_Antecubital_fossa_1
OTU_97.19265,Right_Retroauricular_crease
OTU_97.19265,Left_Retroauricular_crease_1
OTU_97.19265,Anterior_nares
OTU_97.19268,Hard_palate_1
OTU_97.19268,Stool
OTU_97.19268,Saliva_1
OTU_97.19269,Left_Antecubital_fossa_1
OTU_97.1927,Tongue_dorsum
OTU_97.1927,Hard_palate
OTU_97.1927,Stool_1
OTU_97.1928,Palatine_Tonsils
OTU_97.1928,Palatine_Tonsils_1
OTU_97.1928,Anterior_nares
OTU_97.19281,Buccal_mucosa
OTU_97.19281,Throat
OTU_97.19281,Anterior_nares_1
OTU_97.19285,Subgingival_plaque
OTU_97.19285,Stool_1
OTU_97.19285,Throat
OTU_97.19285,Palatine_Tonsils_1
OTU_97.19290,Hard_palate
OTU_97.19290,Stool_1
OTU_97.19290,Anterior_nares_1
OTU_97.193,Tongue_dorsum
OTU_97.193,Stool
OTU_97.193,Palatine_Tonsils
OTU_97.193,Attached_Keratinized_gingiva
OTU_97.19304,Supragingival_plaque_1
OTU_97.19304,Right_Antecubital_fossa_1
OTU_97.19304,Anterior_nares_1
OTU_97.19308,Supragingival_plaque
OTU_97.19308,Stool_1
OTU_97.19308,Anterior_nares_1
OTU_97.1931,Left_Antecubital_fossa
OTU_97.1931,Tongue_dorsum_1
OTU_97.19312,Left_Antecubital_fossa_1
OTU_97.19312,Palatine_Tonsils_1
OTU_97.19313,Saliva
OTU_97.19315,Buccal_mucosa_1
OTU_97.19315,Stool_1
OTU_97.19315,Tongue_dorsum_1
OTU_97.1933,Stool
OTU_97.1933,Left_Retroauricular_crease_1
OTU_97.19333,Hard_palate_1
OTU_97.19333,Subgingival_plaque_1
OTU_97.19333,Tongue_dorsum_1
OTU_97.19333,Anterior_nares_1
OTU_97.19335,Saliva_1
OTU_97.19335,Anterior_nares_1
OTU_97.19337,Subgingival_plaque
OTU_97.19340,Saliva
OTU_97.19340,Right_Retroauricular_crease
OTU_97.19340,Subgingival_plaque_1
OTU_97.19343,Anterior_nares
OTU_97.19343,Tongue_dorsum_1
OTU_97.19358,Right_Antecubital_fossa_1
OTU_97.19360,Buccal_mucosa_1
OTU_97.19360,Left_Retroauricular_crease_1
OTU_97.19367,Left_Retroauricular_crease
OTU_97.19367,Palatine_Tonsils_1
OTU_97.19367,Tongue_dorsum_1
OTU_97.19369,Tongue_dorsum_1
OTU_97.19369,Anterior_nares_1
OTU_97.19371,Palatine_Tonsils
OTU_97.19371,Anterior_nares_1
OTU_97.19379,Supragingival_plaque_1
OTU_97.19379,Saliva
OTU_97.19379,Right_Antecubital_fossa_1
OTU_97.19386,Supragingival_plaque_1
OTU_97.19386,Supragingival_plaque
OTU_97.19386,Left_Retroauricular_crease_1
OTU_97.19386,Throat_1
OTU_97.19389,Subgingival_plaque
OTU_97.19389,Saliva
OTU_97.1939,Buccal_mucosa
OTU_97.1939,Supragingival_plaque
OTU_97.1939,Right_Antecubital_fossa
OTU_97.19395,Hard_palate
OTU_97.19398,Subgingival_plaque
OTU_97.19398,Supragingival_plaque
OTU_97.19398,Left_Antecubital_fossa_1
OTU_97.19398,Left_Retroauricular_crease
OTU_97.19398,Subgingival_plaque_1
OTU_97.19398,Left_Antecubital_fossa
OTU_97.19398,Tongue_dorsum_1
OTU_97.1940,Saliva
OTU_97.1940,Right_Retroauricular_crease
OTU_97.1940,Left_Retroauricular_crease
OTU_97.1940,Right_Antecubital_fossa_1
OTU_97.19410,Subgingival_plaque
OTU_97.19410,Supragingival_plaque
OTU_97.19410,Hard_palate
OTU_97.19410,Stool
OTU_97.19410,Stool_1
OTU_97.19410,Anterior_nares_1
OTU_97.19416,Stool
OTU_97.19416,Saliva_1
OTU_97.19416,Attached_Keratinized_gingiva
OTU_97.19416,Tongue_dorsum_1
OTU_97.19418,Subgingival_plaque
OTU_97.19418,Right_Antecubital_fossa
OTU_97.19418,Palatine_Tonsils
OTU_97.19418,Anterior_nares
OTU_97.19427,Tongue_dorsum_1
OTU_97.19428,Subgingival_plaque
OTU_97.19432,Tongue_dorsum
OTU_97.19432,Subgingival_plaque
OTU_97.19432,Right_Retroauricular_crease
OTU_97.19432,Anterior_nares_1
OTU_97.19437,Left_Retroauricular_crease_1
OTU_97.19438,Supragingival_plaque_1
OTU_97.19438,Buccal_mucosa
OTU_97.19438,Supragingival_plaque
OTU_97.19438,Stool_1
OTU_97.19438,Anterior_nares_1
OTU_97.19439,Attached_Keratinized_gingiva_1
OTU_97.19439,Subgingival_plaque_1
OTU_97.19440,Left_Retroauricular_crease
OTU_97.19440,Stool
OTU_97.19440,Stool_1
OTU_97.19440,Throat_1
OTU_97.19441,Tongue_dorsum
OTU_97.19441,Subgingival_plaque_1
OTU_97.19441,Left_Antecubital_fossa
OTU_97.19444,Buccal_mucosa
OTU_97.19444,Palatine_Tonsils
OTU_97.19444,Left_Antecubital_fossa
OTU_97.19444,Throat_1
OTU_97.19454,Left_Retroauricular_crease
OTU_97.19454,Stool_1
OTU_97.19454,Left_Retroauricular_crease_1
OTU_97.19455,Saliva
OTU_97.19455,Right_Antecubital_fossa
OTU_97.19455,Stool
OTU_97.19455,Throat
OTU_97.19455,Left_Antecubital_fossa
OTU_97.19455,Throat_1
OTU_97.19457,Saliva
OTU_97.19457,Left_Antecubital_fossa
OTU_97.19464,Saliva
OTU_97.19464,Attached_Keratinized_gingiva_1
OTU_97.19470,Subgingival_plaque_1
OTU_97.19470,Tongue_dorsum_1
OTU_97.1948,Right_Retroauricular_crease
OTU_97.1948,Attached_Keratinized_gingiva_1
OTU_97.1948,Throat_1
OTU_97.19482,Buccal_mucosa
OTU_97.19482,Hard_palate_1
OTU_97.19482,Right_Antecubital_fossa_1
OTU_97.19483,Buccal_mucosa_1
OTU_97.19485,Hard_palate
OTU_97.19485,Stool
OTU_97.195,Left_Retroauricular_crease
OTU_97.195,Attached_Keratinized_gingiva
OTU_97.19505,Saliva
OTU_97.19505,Throat
OTU_97.19508,Supragingival_plaque_1
OTU_97.19508,Palatine_Tonsils
OTU_97.1951,Stool_1
OTU_97.1951,Saliva_1
OTU_97.1951,Palatine_Tonsils
OTU_97.1951,Throat
OTU_97.1951,Anterior_nares_1
OTU_97.19517,Hard_palate_1
OTU_97.1952,Right_Retroauricular_crease_1
OTU_97.1952,Hard_palate
OTU_97.1952,Saliva_1
OTU_97.19520,Supragingival_plaque
OTU_97.19520,Right_Antecubital_fossa
OTU_97.19520,Buccal_mucosa_1
OTU_97.19520,Subgingival_plaque_1
OTU_97.19533,Hard_palate_1
OTU_97.19533,Saliva_1
OTU_97.19533,Tongue_dorsum_1
OTU_97.19533,Throat_1
OTU_97.19534,Tongue_dorsum
OTU_97.19534,Right_Retroauricular_crease_1
OTU_97.19534,Supragingival_plaque
OTU_97.19534,Subgingival_plaque_1
OTU_97.19535,Stool
OTU_97.19535,Anterior_nares
OTU_97.19542,Anterior_nares_1
OTU_97.19548,Right_Antecubital_fossa
OTU_97.19548,Left_Retroauricular_crease
OTU_97.19548,Hard_palate
OTU_97.19548,Subgingival_plaque_1
OTU_97.1955,Left_Antecubital_fossa_1
OTU_97.19550,Left_Antecubital_fossa_1
OTU_97.19552,Left_Antecubital_fossa_1
OTU_97.19552,Attached_Keratinized_gingiva
OTU_97.19553,Right_Retroauricular_crease
OTU_97.19561,Supragingival_plaque_1
OTU_97.19561,Right_Antecubital_fossa
OTU_97.1957,Tongue_dorsum
OTU_97.1957,Right_Retroauricular_crease_1
OTU_97.1957,Attached_Keratinized_gingiva_1
OTU_97.1957,Hard_palate_1
OTU_97.1957,Attached_Keratinized_gingiva
OTU_97.1957,Left_Antecubital_fossa
OTU_97.19578,Supragingival_plaque
OTU_97.19578,Saliva
OTU_97.19578,Hard_palate
OTU_97.19578,Stool
OTU_97.19578,Anterior_nares
OTU_97.19586,Supragingival_plaque_1
OTU_97.19586,Left_Retroauricular_crease
OTU_97.19586,Saliva_1
OTU_97.19586,Right_Antecubital_fossa_1
OTU_97.19587,Attached_Keratinized_gingiva_1
OTU_97.19587,Palatine_Tonsils
OTU_97.19589,Palatine_Tonsils_1
OTU_97.19592,Left_Antecubital_fossa_1
OTU_97.19592,Saliva_1
OTU_97.19592,Throat
OTU_97.19599,Attached_Keratinized_gingiva_1
OTU_97.19599,Right_Antecubital_fossa_1
OTU_97.19607,Palatine_Tonsils
OTU_97.19607,Tongue_dorsum_1
OTU_97.19610,Left_Antecubital_fossa
OTU_97.19617,Tongue_dorsum
OTU_97.19624,Right_Antecubital_fossa
OTU_97.19624,Buccal_mucosa_1
OTU_97.19625,Saliva
OTU_97.19625,Saliva_1
OTU_97.19625,Palatine_Tonsils_1
OTU_97.19628,Supragingival_plaque_1
OTU_97.19628,Left_Retroauricular_crease
OTU_97.19628,Subgingival_plaque_1
OTU_97.19636,Attached_Keratinized_gingiva_1
OTU_97.19636,Throat_1
OTU_97.19638,Buccal_mucosa
OTU_97.1964,Saliva
OTU_97.1964,Saliva_1
OTU_97.1964,Left_Retroauricular_crease_1
OTU_97.19641,Anterior_nares
OTU_97.19642,Hard_palate
OTU_97.19642,Palatine_Tonsils
OTU_97.19648,Right_Retroauricular_crease_1
OTU_97.19648,Attached_Keratinized_gingiva_1
OTU_97.19648,Tongue_dorsum_1
OTU_97.19649,Right_Retroauricular_crease_1
OTU_97.19649,Hard_palate_1
OTU_97.19649,Stool
OTU_97.19649,Stool_1
OTU_97.19649,Tongue_dorsum_1
OTU_97.19651,Attached_Keratinized_gingiva
OTU_97.19651,Anterior_nares
OTU_97.19669,Supragingival_plaque_1
OTU_97.1967,Hard_palate_1
OTU_97.1967,Stool_1
OTU_97.19671,Right_Antecubital_fossa_1
OTU_97.19671,Anterior_nares_1
OTU_97.19672,Left_Antecubital_fossa_1
OTU_97.19674,Buccal_mucosa
OTU_97.19674,Hard_palate
OTU_97.19674,Buccal_mucosa_1
OTU_97.19674,Tongue_dorsum_1
OTU_97.19674,Anterior_nares_1
OTU_97.19675,Subgingival_plaque
OTU_97.19677,Hard_palate_1
OTU_97.19677,Tongue_dorsum_1
OTU_97.19681,Right_Antecubital_fossa_1
OTU_97.19683,Supragingival_plaque
OTU_97.19683,Attached_Keratinized_gingiva
OTU_97.19683,Right_Antecubital_fossa_1
OTU_97.19688,Right_Retroauricular_crease_1
OTU_97.19688,Hard_palate
OTU_97.19688,Left_Retroauricular_crease_1
OTU_97.19699,Tongue_dorsum
OTU_97.197,Right_Retroauricular_crease
OTU_97.197,Hard_palate
OTU_97.197,Anterior_nares
OTU_97.197,Anterior_nares_1
OTU_97.19701,Tongue_dorsum
OTU_97.19701,Hard_palate_1
OTU_97.19703,Subgingival_plaque
OTU_97.19715,Left_Retroauricular_crease
OTU_97.19715,Right_Antecubital_fossa_1
OTU_97.19731,Right_Retroauricular_crease_1
OTU_97.19731,Attached_Keratinized_gingiva_1
OTU_97.19731,Hard_palate
OTU_97.19731,Throat
OTU_97.19735,Palatine_Tonsils
OTU_97.19735,Tongue_dorsum_1
OTU_97.19736,Right_Retroauricular_crease
OTU_97.19736,Tongue_dorsum_1
OTU_97.19739,Palatine_Tonsils
OTU_97.19748,Subgingival_plaque_1
OTU_97.19748,Palatine_Tonsils_1
OTU_97.1977,Supragingival_plaque_1
OTU_97.19771,Attached_Keratinized_gingiva
OTU_97.19771,Left_Antecubital_fossa
OTU_97.19775,Right_Antecubital_fossa_1
OTU_97.19778,Tongue_dorsum
OTU_97.19778,Throat_1
OTU_97.1979,Supragingival_plaque_1
OTU_97.1979,Buccal_mucosa
OTU_97.1979,Saliva_1
OTU_97.1979,Palatine_Tonsils
OTU_97.1979,Anterior_nares
OTU_97.19803,Subgingival_plaque_1
OTU_97.19808,Right_Retroauricular_crease
OTU_97.19808,Left_Retroauricular_crease_1
OTU_97.19810,Right_Retroauricular_crease_1
OTU_97.19810,Subgingival_plaque
OTU_97.19810,Left_Retroauricular_crease
OTU_97.19813,Saliva
OTU_97.19813,Left_Antecubital_fossa_1
OTU_97.19813,Throat
OTU_97.19817,Right_Retroauricular_crease
OTU_97.19818,Supragingival_plaque_1
OTU_97.19818,Subgingival_plaque_1
OTU_97.19818,Saliva_1
OTU_97.19818,Left_Antecubital_fossa
OTU_97.19819,Right_Antecubital_fossa_1
OTU_97.19819,Throat_1
OTU_97.1982,Supragingival_plaque_1
OTU_97.1982,Right_Antecubital_fossa_1
OTU_97.19824,Tongue_dorsum_1
OTU_97.19837,Supragingival_plaque
OTU_97.19837,Buccal_mucosa_1
OTU_97.19837,Anterior_nares
OTU_97.19838,Right_Retroauricular_crease
OTU_97.19838,Stool_1
OTU_97.19838,Palatine_Tonsils_1
OTU_97.19838,Anterior_nares
OTU_97.1984,Left_Retroauricular_crease
OTU_97.1984,Tongue_dorsum_1
OTU_97.1984,Throat_1
OTU_97.19841,Stool_1
OTU_97.19844,Tongue_dorsum
OTU_97.19844,Buccal_mucosa
OTU_97.19844,Hard_palate
OTU_97.19847,Stool
OTU_97.19847,Palatine_Tonsils
OTU_97.19848,Tongue_dorsum
OTU_97.19848,Right_Antecubital_fossa_1
OTU_97.19850,Stool_1
OTU_97.19850,Subgingival_plaque_1
OTU_97.19850,Right_Antecubital_fossa_1
OTU_97.19851,Saliva
OTU_97.19851,Throat
OTU_97.19852,Right_Retroauricular_crease_1
OTU_97.19852,Stool_1
OTU_97.19854,Supragingival_plaque_1
OTU_97.19854,Left_Retroauricular_crease
OTU_97.19854,Buccal_mucosa_1
OTU_97.19857,Supragingival_plaque
OTU_97.19857,Hard_palate_1
OTU_97.19857,Stool_1
OTU_97.19857,Anterior_nares
OTU_97.19860,Buccal_mucosa
OTU_97.19860,Supragingival_plaque
OTU_97.19860,Saliva
OTU_97.19860,Right_Antecubital_fossa
OTU_97.19860,Palatine_Tonsils
OTU_97.19860,Tongue_dorsum_1
OTU_97.19867,Left_Antecubital_fossa_1
OTU_97.19867,Hard_palate_1
OTU_97.19867,Attached_Keratinized_gingiva
OTU_97.19890,Supragingival_plaque_1
OTU_97.19890,Right_Retroauricular_crease
OTU_97.19890,Left_Retroauricular_crease
OTU_97.19890,Attached_Keratinized_gingiva_1
OTU_97.19890,Anterior_nares
OTU_97.19892,Hard_palate_1
OTU_97.19892,Palatine_Tonsils_1
OTU_97.19900,Supragingival_plaque
OTU_97.19902,Tongue_dorsum
OTU_97.19902,Hard_palate_1
OTU_97.19902,Palatine_Tonsils
OTU_97.19910,Supragingival_plaque_1
OTU_97.19917,Hard_palate
OTU_97.19918,Buccal_mucosa
OTU_97.19918,Right_Retroauricular_crease
OTU_97.19918,Hard_palate
OTU_97.19918,Subgingival_plaque_1
OTU_97.19925,Subgingival_plaque
OTU_97.19925,Left_Antecubital_fossa_1
OTU_97.19925,Left_Retroauricular_crease_1
OTU_97.19929,Supragingival_plaque_1
OTU_97.1993,Saliva
OTU_97.1993,Right_Antecubital_fossa
OTU_97.1993,Subgingival_plaque_1
OTU_97.1993,Palatine_Tonsils_1
OTU_97.1993,Anterior_nares_1
OTU_97.19930,Subgingival_plaque
OTU_97.19930,Left_Antecubital_fossa_1
OTU_97.19930,Stool
OTU_97.19931,Buccal_mucosa
OTU_97.19931,Palatine_Tonsils_1
OTU_97.19931,Right_Antecubital_fossa_1
OTU_97.19932,Tongue_dorsum
OTU_97.19932,Left_Retroauricular_crease_1
OTU_97.19932,Left_Antecubital_fossa
OTU_97.19936,Hard_palate_1
OTU_97.19936,Stool_1
OTU_97.19936,Throat
OTU_97.19936,Attached_Keratinized_gingiva
OTU_97.19936,Left_Retroauricular_crease_1
OTU_97.19938,Palatine_Tonsils_1
OTU_97.19938,Tongue_dorsum_1
OTU_97.19943,Hard_palate_1
OTU_97.19943,Stool_1
OTU_97.19946,Right_Retroauricular_crease_1
OTU_97.19946,Buccal_mucosa
OTU_97.19946,Left_Antecubital_fossa_1
OTU_97.19946,Hard_palate_1
OTU_97.19946,Attached_Keratinized_gingiva
OTU_97.19950,Right_Retroauricular_crease
OTU_97.19950,Left_Retroauricular_crease
OTU_97.19955,Tongue_dorsum
OTU_97.19955,Buccal_mucosa
OTU_97.19956,Right_Antecubital_fossa
OTU_97.19956,Saliva_1
OTU_97.19956,Palatine_Tonsils_1
OTU_97.19959,Right_Retroauricular_crease_1
OTU_97.19959,Supragingival_plaque
OTU_97.19959,Throat
OTU_97.19964,Right_Antecubital_fossa
OTU_97.19964,Hard_palate_1
OTU_97.19964,Left_Retroauricular_crease_1
OTU_97.19964,Right_Antecubital_fossa_1
OTU_97.19980,Saliva
OTU_97.19980,Left_Antecubital_fossa_1
OTU_97.19980,Buccal_mucosa_1
OTU_97.19980,Stool_1
OTU_97.19984,Tongue_dorsum
OTU_97.19984,Right_Antecubital_fossa
OTU_97.19984,Saliva_1
OTU_97.19987,Right_Retroauricular_crease
OTU_97.19987,Subgingival_plaque_1
OTU_97.19987,Saliva_1
OTU_97.19987,Throat_1
OTU_97.19989,Stool
OTU_97.19989,Subgingival_plaque_1
OTU_97.19991,Attached_Keratinized_gingiva_1
OTU_97.19993,Tongue_dorsum
OTU_97.19993,Right_Retroauricular_crease_1
OTU_97.20,Anterior_nares
OTU_97.200,Supragingival_plaque_1
OTU_97.200,Hard_palate
OTU_97.200,Buccal_mucosa_1
OTU_97.2000,Buccal_mucosa_1
OTU_97.2000,Anterior_nares
OTU_97.2000,Tongue_dorsum_1
OTU_97.20005,Buccal_mucosa
OTU_97.20005,Subgingival_plaque_1
OTU_97.20005,Palatine_Tonsils
OTU_97.20005,Left_Retroauricular_crease_1
OTU_97.20007,Supragingival_plaque
OTU_97.20009,Supragingival_plaque
OTU_97.20009,Stool
OTU_97.20009,Throat_1
OTU_97.20025,Right_Retroauricular_crease_1
OTU_97.20025,Right_Antecubital_fossa
OTU_97.20025,Saliva_1
OTU_97.20025,Palatine_Tonsils
OTU_97.20025,Left_Antecubital_fossa
OTU_97.20026,Right_Retroauricular_crease_1
OTU_97.20026,Hard_palate_1
OTU_97.20026,Palatine_Tonsils_1
OTU_97.20026,Anterior_nares_1
OTU_97.20028,Subgingival_plaque_1
OTU_97.20028,Anterior_nares
OTU_97.20034,Left_Retroauricular_crease_1
OTU_97.20037,Attached_Keratinized_gingiva_1
OTU_97.20037,Stool_1
OTU_97.20037,Throat_1
OTU_97.20042,Buccal_mucosa
OTU_97.20042,Subgingival_plaque_1
OTU_97.20043,Supragingival_plaque
OTU_97.20045,Supragingival_plaque
OTU_97.20045,Buccal_mucosa_1
OTU_97.20045,Stool_1
OTU_97.20045,Attached_Keratinized_gingiva
OTU_97.20056,Right_Retroauricular_crease
OTU_97.20056,Hard_palate_1
OTU_97.20056,Anterior_nares_1
OTU_97.20063,Left_Retroauricular_crease
OTU_97.20063,Palatine_Tonsils_1
OTU_97.20063,Anterior_nares_1
OTU_97.20065,Right_Retroauricular_crease_1
OTU_97.20065,Hard_palate
OTU_97.20065,Palatine_Tonsils
OTU_97.2007,Left_Retroauricular_crease_1
OTU_97.20071,Subgingival_plaque
OTU_97.20071,Right_Antecubital_fossa
OTU_97.20071,Hard_palate
OTU_97.20071,Palatine_Tonsils
OTU_97.20073,Tongue_dorsum
OTU_97.20073,Right_Antecubital_fossa
OTU_97.20073,Left_Retroauricular_crease_1
OTU_97.20073,Left_Antecubital_fossa
OTU_97.20073,Throat_1
OTU_97.20075,Buccal_mucosa
OTU_97.20075,Right_Antecubital_fossa
OTU_97.20075,Hard_palate_1
OTU_97.20075,Attached_Keratinized_gingiva
OTU_97.20075,Palatine_Tonsils_1
OTU_97.2009,Stool_1
OTU_97.2009,Subgingival_plaque_1
OTU_97.2009,Left_Antecubital_fossa
OTU_97.20101,Right_Retroauricular_crease_1
OTU_97.20101,Supragingival_plaque_1
OTU_97.20101,Throat
OTU_97.20102,Hard_palate_1
OTU_97.20105,Subgingival_plaque
OTU_97.20105,Attached_Keratinized_gingiva
OTU_97.20105,Anterior_nares_1
OTU_97.20111,Right_Retroauricular_crease_1
OTU_97.20111,Left_Retroauricular_crease
OTU_97.20111,Hard_palate
OTU_97.20111,Buccal_mucosa_1
OTU_97.20114,Subgingival_plaque_1
OTU_97.20115,Buccal_mucosa
OTU_97.20115,Buccal_mucosa_1
OTU_97.20115,Tongue_dorsum_1
OTU_97.20118,Stool
OTU_97.20118,Palatine_Tonsils_1
OTU_97.20119,Left_Retroauricular_crease
OTU_97.20119,Hard_palate
OTU_97.20119,Palatine_Tonsils
OTU_97.20119,Attached_Keratinized_gingiva
OTU_97.20121,Supragingival_plaque
OTU_97.20121,Right_Antecubital_fossa
OTU_97.20121,Palatine_Tonsils_1
OTU_97.20121,Anterior_nares
OTU_97.20121,Right_Antecubital_fossa_1
OTU_97.20125,Right_Antecubital_fossa_1
OTU_97.20126,Attached_Keratinized_gingiva_1
OTU_97.20126,Tongue_dorsum_1
OTU_97.20127,Right_Retroauricular_crease_1
OTU_97.20127,Right_Retroauricular_crease
OTU_97.20127,Right_Antecubital_fossa
OTU_97.20127,Palatine_Tonsils
OTU_97.20127,Throat
OTU_97.20127,Left_Antecubital_fossa
OTU_97.20127,Throat_1
OTU_97.20128,Buccal_mucosa_1
OTU_97.20129,Supragingival_plaque
OTU_97.20131,Left_Retroauricular_crease
OTU_97.20131,Stool_1
OTU_97.20131,Left_Retroauricular_crease_1
OTU_97.20131,Right_Antecubital_fossa_1
OTU_97.20149,Tongue_dorsum
OTU_97.20149,Supragingival_plaque
OTU_97.20155,Attached_Keratinized_gingiva_1
OTU_97.20155,Right_Antecubital_fossa_1
OTU_97.20164,Left_Retroauricular_crease
OTU_97.20164,Attached_Keratinized_gingiva_1
OTU_97.20164,Stool
OTU_97.20165,Stool
OTU_97.20167,Hard_palate_1
OTU_97.20168,Buccal_mucosa
OTU_97.20168,Saliva
OTU_97.20176,Saliva_1
OTU_97.20176,Palatine_Tonsils_1
OTU_97.20179,Buccal_mucosa
OTU_97.20179,Attached_Keratinized_gingiva_1
OTU_97.20179,Throat
OTU_97.20179,Palatine_Tonsils_1
OTU_97.2018,Left_Antecubital_fossa_1
OTU_97.2018,Anterior_nares_1
OTU_97.20181,Hard_palate
OTU_97.20181,Left_Retroauricular_crease_1
OTU_97.20181,Throat_1
OTU_97.20183,Subgingival_plaque
OTU_97.20183,Supragingival_plaque_1
OTU_97.20183,Palatine_Tonsils_1
OTU_97.20187,Tongue_dorsum
OTU_97.20187,Supragingival_plaque
OTU_97.2019,Right_Retroauricular_crease_1
OTU_97.2019,Right_Retroauricular_crease
OTU_97.2019,Subgingival_plaque_1
OTU_97.2019,Palatine_Tonsils
OTU_97.20190,Subgingival_plaque
OTU_97.20190,Left_Retroauricular_crease
OTU_97.20197,Right_Retroauricular_crease_1
OTU_97.20197,Hard_palate
OTU_97.202,Hard_palate
OTU_97.202,Saliva_1
OTU_97.202,Anterior_nares_1
OTU_97.2020,Left_Antecubital_fossa_1
OTU_97.2020,Throat_1
OTU_97.20203,Stool_1
OTU_97.20205,Supragingival_plaque_1
OTU_97.20205,Right_Antecubital_fossa
OTU_97.20205,Attached_Keratinized_gingiva
OTU_97.20207,Tongue_dorsum
OTU_97.20207,Stool
OTU_97.20207,Left_Retroauricular_crease_1
OTU_97.20212,Saliva
OTU_97.20212,Saliva_1
OTU_97.20213,Buccal_mucosa
OTU_97.20213,Saliva
OTU_97.20213,Stool_1
OTU_97.20217,Tongue_dorsum
OTU_97.2022,Supragingival_plaque_1
OTU_97.2022,Tongue_dorsum_1
OTU_97.20220,Attached_Keratinized_gingiva_1
OTU_97.20224,Right_Retroauricular_crease_1
OTU_97.20224,Palatine_Tonsils_1
OTU_97.20225,Supragingival_plaque_1
OTU_97.20225,Tongue_dorsum_1
OTU_97.20225,Throat_1
OTU_97.20226,Subgingival_plaque
OTU_97.20226,Left_Retroauricular_crease_1
OTU_97.20234,Right_Antecubital_fossa
OTU_97.20240,Tongue_dorsum
OTU_97.20240,Right_Retroauricular_crease_1
OTU_97.20240,Saliva
OTU_97.20240,Buccal_mucosa_1
OTU_97.20240,Subgingival_plaque_1
OTU_97.20249,Throat
OTU_97.20249,Attached_Keratinized_gingiva
OTU_97.20252,Right_Retroauricular_crease
OTU_97.20252,Saliva_1
OTU_97.20252,Palatine_Tonsils
OTU_97.20252,Attached_Keratinized_gingiva
OTU_97.20253,Right_Antecubital_fossa
OTU_97.20255,Buccal_mucosa
OTU_97.20255,Left_Antecubital_fossa_1
OTU_97.20255,Hard_palate
OTU_97.20255,Throat_1
OTU_97.2027,Right_Retroauricular_crease
OTU_97.2027,Hard_palate_1
OTU_97.2027,Left_Retroauricular_crease_1
OTU_97.2027,Anterior_nares_1
OTU_97.20270,Buccal_mucosa_1
OTU_97.20270,Attached_Keratinized_gingiva
OTU_97.20270,Palatine_Tonsils_1
OTU_97.20270,Left_Retroauricular_crease_1
OTU_97.20270,Right_Antecubital_fossa_1
OTU_97.20271,Left_Retroauricular_crease
OTU_97.20273,Hard_palate
OTU_97.20273,Palatine_Tonsils_1
OTU_97.20273,Left_Retroauricular_crease_1
OTU_97.20273,Anterior_nares
OTU_97.20275,Stool
OTU_97.20275,Stool_1
OTU_97.20276,Anterior_nares
OTU_97.20278,Tongue_dorsum
OTU_97.20278,Right_Antecubital_fossa
OTU_97.20278,Saliva_1
OTU_97.20278,Palatine_Tonsils
OTU_97.20278,Palatine_Tonsils_1
OTU_97.20278,Anterior_nares
OTU_97.2028,Saliva
OTU_97.2028,Hard_palate_1
OTU_97.2028,Buccal_mucosa_1
OTU_97.2028,Anterior_nares
OTU_97.20282,Saliva
OTU_97.203,Subgingival_plaque
OTU_97.203,Saliva_1
OTU_97.203,Throat
OTU_97.203,Right_Antecubital_fossa_1
OTU_97.2030,Attached_Keratinized_gingiva_1
OTU_97.2030,Left_Antecubital_fossa
OTU_97.20304,Attached_Keratinized_gingiva_1
OTU_97.20304,Palatine_Tonsils
OTU_97.20304,Anterior_nares
OTU_97.20314,Right_Antecubital_fossa_1
OTU_97.20315,Throat
OTU_97.2032,Saliva
OTU_97.20320,Attached_Keratinized_gingiva
OTU_97.20325,Tongue_dorsum
OTU_97.20326,Right_Antecubital_fossa
OTU_97.20333,Attached_Keratinized_gingiva_1
OTU_97.20333,Stool
OTU_97.20333,Stool_1
OTU_97.20343,Left_Antecubital_fossa_1
OTU_97.20354,Right_Retroauricular_crease_1
OTU_97.20354,Attached_Keratinized_gingiva
OTU_97.20354,Anterior_nares_1
OTU_97.2036,Buccal_mucosa
OTU_97.2036,Anterior_nares
OTU_97.20361,Supragingival_plaque
OTU_97.20361,Right_Antecubital_fossa
OTU_97.20361,Left_Retroauricular_crease_1
OTU_97.20363,Saliva_1
OTU_97.20366,Right_Antecubital_fossa
OTU_97.20366,Palatine_Tonsils
OTU_97.20373,Supragingival_plaque
OTU_97.20373,Left_Antecubital_fossa
OTU_97.20374,Left_Antecubital_fossa
OTU_97.20383,Left_Antecubital_fossa_1
OTU_97.20383,Right_Retroauricular_crease
OTU_97.20383,Palatine_Tonsils
OTU_97.20387,Saliva
OTU_97.20387,Anterior_nares_1
OTU_97.20390,Left_Retroauricular_crease
OTU_97.20390,Subgingival_plaque_1
OTU_97.20397,Buccal_mucosa
OTU_97.20397,Subgingival_plaque_1
OTU_97.204,Buccal_mucosa
OTU_97.204,Palatine_Tonsils_1
OTU_97.204,Left_Retroauricular_crease_1
OTU_97.20406,Right_Retroauricular_crease
OTU_97.20406,Left_Retroauricular_crease
OTU_97.20406,Attached_Keratinized_gingiva_1
OTU_97.20406,Left_Retroauricular_crease_1
OTU_97.20408,Attached_Keratinized_gingiva_1
OTU_97.20408,Throat
OTU_97.20412,Right_Retroauricular_crease_1
OTU_97.20412,Saliva
OTU_97.20412,Stool_1
OTU_97.20415,Right_Retroauricular_crease_1
OTU_97.20415,Right_Retroauricular_crease
OTU_97.20415,Hard_palate
OTU_97.20415,Throat
OTU_97.20425,Right_Retroauricular_crease_1
OTU_97.20425,Right_Antecubital_fossa
OTU_97.20425,Left_Retroauricular_crease
OTU_97.20425,Stool_1
OTU_97.20425,Anterior_nares
OTU_97.2043,Subgingival_plaque
OTU_97.2043,Supragingival_plaque_1
OTU_97.2043,Right_Retroauricular_crease
OTU_97.2043,Buccal_mucosa_1
OTU_97.20432,Supragingival_plaque_1
OTU_97.20432,Attached_Keratinized_gingiva
OTU_97.20435,Right_Retroauricular_crease_1
OTU_97.20435,Right_Antecubital_fossa_1
OTU_97.2044,Left_Antecubital_fossa_1
OTU_97.2044,Left_Antecubital_fossa
OTU_97.2044,Throat_1
OTU_97.20440,Anterior_nares
OTU_97.20451,Saliva_1
OTU_97.20463,Tongue_dorsum
OTU_97.20463,Subgingival_plaque
OTU_97.20463,Supragingival_plaque
OTU_97.20463,Hard_palate
OTU_97.20463,Buccal_mucosa_1
OTU_97.20463,Anterior_nares
OTU_97.20469,Hard_palate_1
OTU_97.20469,Subgingival_plaque_1
OTU_97.20469,Anterior_nares_1
OTU_97.2047,Left_Antecubital_fossa
OTU_97.20471,Right_Retroauricular_crease_1
OTU_97.20471,Hard_palate
OTU_97.20471,Left_Retroauricular_crease_1
OTU_97.20471,Anterior_nares
OTU_97.20473,Left_Retroauricular_crease
OTU_97.20473,Saliva_1
OTU_97.20487,Right_Antecubital_fossa
OTU_97.20487,Throat
OTU_97.20487,Palatine_Tonsils_1
OTU_97.20487,Left_Retroauricular_crease_1
OTU_97.2049,Left_Retroauricular_crease
OTU_97.2049,Left_Antecubital_fossa
OTU_97.20492,Stool_1
OTU_97.20492,Throat
OTU_97.20492,Tongue_dorsum_1
OTU_97.205,Attached_Keratinized_gingiva_1
OTU_97.205,Stool_1
OTU_97.2050,Left_Antecubital_fossa
OTU_97.2050,Right_Antecubital_fossa_1
OTU_97.20507,Right_Retroauricular_crease_1
OTU_97.20507,Saliva
OTU_97.20507,Hard_palate_1
OTU_97.20522,Buccal_mucosa
OTU_97.20522,Buccal_mucosa_1
OTU_97.20522,Subgingival_plaque_1
OTU_97.20523,Left_Antecubital_fossa_1
OTU_97.20523,Throat
OTU_97.20527,Subgingival_plaque
OTU_97.20527,Saliva
OTU_97.20527,Saliva_1
OTU_97.20527,Palatine_Tonsils
OTU_97.20531,Supragingival_plaque
OTU_97.20531,Buccal_mucosa_1
OTU_97.20531,Attached_Keratinized_gingiva
OTU_97.20536,Attached_Keratinized_gingiva_1
OTU_97.20536,Anterior_nares
OTU_97.20536,Right_Antecubital_fossa_1
OTU_97.20539,Left_Retroauricular_crease
OTU_97.20539,Left_Retroauricular_crease_1
OTU_97.20546,Stool
OTU_97.20547,Stool
OTU_97.20549,Throat_1
OTU_97.20558,Left_Antecubital_fossa_1
OTU_97.20565,Tongue_dorsum
OTU_97.20566,Saliva
OTU_97.20566,Left_Retroauricular_crease_1
OTU_97.2057,Left_Retroauricular_crease
OTU_97.2057,Hard_palate
OTU_97.2057,Palatine_Tonsils
OTU_97.2057,Anterior_nares_1
OTU_97.20582,Hard_palate
OTU_97.20582,Palatine_Tonsils
OTU_97.2059,Left_Antecubital_fossa_1
OTU_97.2059,Right_Antecubital_fossa
OTU_97.2059,Hard_palate_1
OTU_97.2059,Buccal_mucosa_1
OTU_97.20596,Throat_1
OTU_97.20598,Saliva
OTU_97.20598,Stool
OTU_97.20598,Throat
OTU_97.20599,Supragingival_plaque_1
OTU_97.20599,Right_Retroauricular_crease
OTU_97.206,Palatine_Tonsils
OTU_97.20605,Tongue_dorsum
OTU_97.20605,Right_Retroauricular_crease_1
OTU_97.20605,Saliva_1
OTU_97.20605,Palatine_Tonsils_1
OTU_97.20605,Left_Antecubital_fossa
OTU_97.20612,Right_Retroauricular_crease_1
OTU_97.20612,Tongue_dorsum_1
OTU_97.20621,Subgingival_plaque
OTU_97.20621,Left_Antecubital_fossa_1
OTU_97.20621,Left_Retroauricular_crease
OTU_97.20622,Right_Retroauricular_crease_1
OTU_97.20622,Subgingival_plaque_1
OTU_97.20622,Left_Retroauricular_crease_1
OTU_97.20623,Supragingival_plaque
OTU_97.20623,Left_Antecubital_fossa_1
OTU_97.20623,Saliva_1
OTU_97.20623,Left_Antecubital_fossa
OTU_97.20623,Right_Antecubital_fossa_1
OTU_97.20623,Throat_1
OTU_97.20624,Hard_palate
OTU_97.20624,Right_Antecubital_fossa_1
OTU_97.20626,Right_Antecubital_fossa
OTU_97.20638,Right_Antecubital_fossa
OTU_97.20638,Stool
OTU_97.20645,Left_Antecubital_fossa_1
OTU_97.20645,Palatine_Tonsils
OTU_97.20645,Throat
OTU_97.20659,Right_Antecubital_fossa
OTU_97.20659,Anterior_nares
OTU_97.20662,Subgingival_plaque
OTU_97.20668,Saliva
OTU_97.20668,Stool
OTU_97.2067,Stool_1
OTU_97.2067,Subgingival_plaque_1
OTU_97.2067,Palatine_Tonsils
OTU_97.20673,Left_Antecubital_fossa
OTU_97.20676,Throat
OTU_97.20677,Supragingival_plaque_1
OTU_97.20677,Left_Retroauricular_crease_1
OTU_97.2068,Right_Retroauricular_crease_1
OTU_97.2068,Left_Retroauricular_crease
OTU_97.2068,Subgingival_plaque_1
OTU_97.20682,Right_Retroauricular_crease_1
OTU_97.20682,Left_Antecubital_fossa_1
OTU_97.20682,Subgingival_plaque_1
OTU_97.20682,Saliva_1
OTU_97.20682,Anterior_nares
OTU_97.20684,Tongue_dorsum
OTU_97.20684,Throat_1
OTU_97.20685,Tongue_dorsum_1
OTU_97.20698,Subgingival_plaque
OTU_97.20698,Supragingival_plaque
OTU_97.20698,Left_Antecubital_fossa
OTU_97.20709,Subgingival_plaque
OTU_97.20717,Right_Antecubital_fossa
OTU_97.20717,Left_Retroauricular_crease_1
OTU_97.20717,Left_Antecubital_fossa
OTU_97.2072,Throat
OTU_97.2072,Throat_1
OTU_97.20724,Buccal_mucosa
OTU_97.20724,Subgingival_plaque_1
OTU_97.20724,Anterior_nares
OTU_97.20725,Right_Retroauricular_crease_1
OTU_97.20725,Stool
OTU_97.20725,Subgingival_plaque_1
OTU_97.20725,Throat
OTU_97.20726,Left_Antecubital_fossa_1
OTU_97.20726,Anterior_nares_1
OTU_97.20728,Right_Retroauricular_crease
OTU_97.20728,Throat_1
OTU_97.20733,Palatine_Tonsils_1
OTU_97.20733,Right_Antecubital_fossa_1
OTU_97.20736,Subgingival_plaque
OTU_97.20736,Supragingival_plaque_1
OTU_97.20736,Subgingival_plaque_1
OTU_97.20737,Saliva
OTU_97.20737,Left_Retroauricular_crease
OTU_97.20737,Attached_Keratinized_gingiva
OTU_97.2074,Supragingival_plaque
OTU_97.2074,Attached_Keratinized_gingiva
OTU_97.2074,Right_Antecubital_fossa_1
OTU_97.20744,Right_Retroauricular_crease
OTU_97.20744,Palatine_Tonsils
OTU_97.2075,Subgingival_plaque_1
OTU_97.2075,Palatine_Tonsils
OTU_97.2075,Throat_1
OTU_97.2075,Anterior_nares_1
OTU_97.20755,Stool_1
OTU_97.20755,Saliva_1
OTU_97.20759,Subgingival_plaque
OTU_97.20759,Hard_palate
OTU_97.20759,Hard_palate_1
OTU_97.20759,Tongue_dorsum_1
OTU_97.20766,Hard_palate_1
OTU_97.20766,Stool
OTU_97.20766,Subgingival_plaque_1
OTU_97.20766,Saliva_1
OTU_97.20768,Tongue_dorsum
OTU_97.20768,Palatine_Tonsils_1
OTU_97.20768,Anterior_nares
OTU_97.20770,Subgingival_plaque
OTU_97.20770,Throat
OTU_97.20771,Supragingival_plaque_1
OTU_97.20771,Buccal_mucosa
OTU_97.20771,Right_Antecubital_fossa_1
OTU_97.20771,Anterior_nares_1
OTU_97.20774,Anterior_nares_1
OTU_97.20775,Right_Retroauricular_crease_1
OTU_97.20775,Anterior_nares_1
OTU_97.20780,Right_Antecubital_fossa_1
OTU_97.20789,Right_Antecubital_fossa
OTU_97.20791,Buccal_mucosa
OTU_97.20791,Stool_1
OTU_97.20791,Left_Retroauricular_crease_1
OTU_97.20791,Left_Antecubital_fossa
OTU_97.20791,Right_Antecubital_fossa_1
OTU_97.20792,Anterior_nares_1
OTU_97.20793,Left_Antecubital_fossa
OTU_97.20793,Throat_1
OTU_97.20794,Attached_Keratinized_gingiva
OTU_97.20794,Left_Retroauricular_crease_1
OTU_97.20798,Supragingival_plaque_1
OTU_97.20798,Throat_1
OTU_97.20798,Anterior_nares_1
OTU_97.208,Supragingival_plaque_1
OTU_97.208,Supragingival_plaque
OTU_97.2080,Saliva
OTU_97.2080,Anterior_nares
OTU_97.20802,Left_Antecubital_fossa_1
OTU_97.20802,Attached_Keratinized_gingiva_1
OTU_97.20802,Palatine_Tonsils_1
OTU_97.20821,Attached_Keratinized_gingiva_1
OTU_97.20821,Hard_palate_1
OTU_97.2083,Attached_Keratinized_gingiva_1
OTU_97.2083,Stool
OTU_97.20832,Right_Antecubital_fossa
OTU_97.20832,Buccal_mucosa_1
OTU_97.20834,Right_Retroauricular_crease_1
OTU_97.20834,Subgingival_plaque
OTU_97.20834,Left_Antecubital_fossa_1
OTU_97.20834,Subgingival_plaque_1
OTU_97.20838,Saliva
OTU_97.20838,Throat
OTU_97.20843,Subgingival_plaque
OTU_97.20843,Hard_palate_1
OTU_97.20843,Attached_Keratinized_gingiva
OTU_97.20843,Right_Antecubital_fossa_1
OTU_97.20845,Subgingival_plaque
OTU_97.20845,Buccal_mucosa
OTU_97.20845,Palatine_Tonsils_1
OTU_97.20847,Right_Retroauricular_crease_1
OTU_97.20847,Palatine_Tonsils_1
OTU_97.20847,Left_Retroauricular_crease_1
OTU_97.20850,Supragingival_plaque
OTU_97.20850,Left_Retroauricular_crease_1
OTU_97.20851,Palatine_Tonsils
OTU_97.20851,Right_Antecubital_fossa_1
OTU_97.20863,Left_Retroauricular_crease_1
OTU_97.20863,Right_Antecubital_fossa_1
OTU_97.20865,Left_Antecubital_fossa_1
OTU_97.20865,Anterior_nares_1
OTU_97.20869,Right_Antecubital_fossa
OTU_97.20869,Throat
OTU_97.20870,Right_Retroauricular_crease_1
OTU_97.20870,Throat
OTU_97.20896,Stool
OTU_97.20896,Throat_1
OTU_97.20896,Anterior_nares_1
OTU_97.20897,Attached_Keratinized_gingiva_1
OTU_97.20897,Hard_palate
OTU_97.20897,Anterior_nares
OTU_97.20898,Supragingival_plaque_1
OTU_97.20898,Stool
OTU_97.20898,Left_Retroauricular_crease_1
OTU_97.209,Palatine_Tonsils
OTU_97.209,Tongue_dorsum_1
OTU_97.2090,Subgingival_plaque
OTU_97.2090,Left_Retroauricular_crease
OTU_97.2090,Tongue_dorsum_1
OTU_97.20900,Buccal_mucosa_1
OTU_97.20900,Palatine_Tonsils
OTU_97.20900,Throat
OTU_97.20901,Attached_Keratinized_gingiva_1
OTU_97.20901,Subgingival_plaque_1
OTU_97.20902,Buccal_mucosa
OTU_97.20902,Saliva
OTU_97.20902,Subgingival_plaque_1
OTU_97.20902,Anterior_nares
OTU_97.20903,Subgingival_plaque
OTU_97.20903,Hard_palate
OTU_97.20903,Left_Antecubital_fossa
OTU_97.20904,Supragingival_plaque
OTU_97.20904,Stool
OTU_97.20904,Saliva_1
OTU_97.20904,Anterior_nares_1
OTU_97.20908,Stool
OTU_97.20908,Anterior_nares
OTU_97.2091,Supragingival_plaque_1
OTU_97.2091,Buccal_mucosa
OTU_97.2091,Palatine_Tonsils
OTU_97.20913,Subgingival_plaque_1
OTU_97.20913,Right_Antecubital_fossa_1
OTU_97.2092,Buccal_mucosa_1
OTU_97.20923,Anterior_nares
OTU_97.20925,Hard_palate_1
OTU_97.20925,Stool_1
OTU_97.20925,Saliva_1
OTU_97.20925,Anterior_nares
OTU_97.20928,Saliva_1
OTU_97.20928,Palatine_Tonsils_1
OTU_97.20931,Hard_palate_1
OTU_97.20931,Saliva_1
OTU_97.20931,Anterior_nares
OTU_97.20934,Saliva
OTU_97.20934,Saliva_1
OTU_97.20934,Attached_Keratinized_gingiva
OTU_97.20934,Palatine_Tonsils_1
OTU_97.20937,Right_Retroauricular_crease_1
OTU_97.20937,Subgingival_plaque
OTU_97.20937,Stool_1
OTU_97.20937,Throat
OTU_97.20949,Saliva_1
OTU_97.20949,Attached_Keratinized_gingiva
OTU_97.20949,Palatine_Tonsils_1
OTU_97.20957,Supragingival_plaque_1
OTU_97.20957,Right_Retroauricular_crease
OTU_97.20957,Right_Antecubital_fossa
OTU_97.20968,Supragingival_plaque
OTU_97.20968,Saliva
OTU_97.20969,Right_Retroauricular_crease
OTU_97.20969,Left_Retroauricular_crease
OTU_97.20969,Right_Antecubital_fossa_1
OTU_97.20969,Throat_1
OTU_97.20973,Tongue_dorsum
OTU_97.20974,Hard_palate
OTU_97.20974,Saliva_1
OTU_97.20974,Palatine_Tonsils
OTU_97.20974,Throat
OTU_97.20976,Left_Retroauricular_crease
OTU_97.20976,Hard_palate
OTU_97.20979,Left_Antecubital_fossa_1
OTU_97.20979,Hard_palate_1
OTU_97.20979,Right_Antecubital_fossa_1
OTU_97.20987,Hard_palate_1
OTU_97.20987,Left_Retroauricular_crease_1
OTU_97.20991,Right_Retroauricular_crease_1
OTU_97.20991,Attached_Keratinized_gingiva_1
OTU_97.20991,Left_Retroauricular_crease_1
OTU_97.20993,Right_Antecubital_fossa
OTU_97.20993,Subgingival_plaque_1
OTU_97.20993,Throat_1
OTU_97.20997,Right_Retroauricular_crease
OTU_97.20997,Hard_palate
OTU_97.20997,Palatine_Tonsils
OTU_97.210,Buccal_mucosa_1
OTU_97.210,Stool_1
OTU_97.2100,Supragingival_plaque
OTU_97.2100,Stool_1
OTU_97.2100,Throat
OTU_97.21005,Right_Retroauricular_crease_1
OTU_97.21005,Subgingival_plaque
OTU_97.21005,Attached_Keratinized_gingiva_1
OTU_97.21009,Subgingival_plaque
OTU_97.21009,Supragingival_plaque_1
OTU_97.21009,Hard_palate_1
OTU_97.21009,Tongue_dorsum_1
OTU_97.2101,Stool_1
OTU_97.21010,Stool
OTU_97.21010,Left_Antecubital_fossa
OTU_97.21013,Right_Antecubital_fossa
OTU_97.21013,Attached_Keratinized_gingiva_1
OTU_97.21013,Stool_1
OTU_97.21019,Right_Retroauricular_crease_1
OTU_97.21019,Saliva
OTU_97.21021,Saliva
OTU_97.21021,Right_Retroauricular_crease
OTU_97.21021,Throat
OTU_97.21021,Attached_Keratinized_gingiva
OTU_97.21034,Left_Retroauricular_crease
OTU_97.21034,Hard_palate
OTU_97.21034,Stool
OTU_97.21037,Right_Retroauricular_crease_1
OTU_97.21037,Hard_palate_1
OTU_97.21037,Left_Retroauricular_crease_1
OTU_97.21037,Anterior_nares
OTU_97.21050,Buccal_mucosa
OTU_97.21050,Right_Retroauricular_crease
OTU_97.21050,Hard_palate
OTU_97.21050,Anterior_nares_1
OTU_97.21053,Saliva_1
OTU_97.21053,Palatine_Tonsils
OTU_97.21054,Attached_Keratinized_gingiva_1
OTU_97.21058,Tongue_dorsum
OTU_97.21058,Saliva
OTU_97.21058,Palatine_Tonsils
OTU_97.21058,Anterior_nares
OTU_97.21058,Tongue_dorsum_1
OTU_97.21059,Right_Antecubital_fossa_1
OTU_97.2106,Hard_palate_1
OTU_97.2106,Stool
OTU_97.21061,Palatine_Tonsils_1
OTU_97.21061,Left_Retroauricular_crease_1
OTU_97.21062,Supragingival_plaque_1
OTU_97.21062,Saliva
OTU_97.21062,Right_Antecubital_fossa
OTU_97.21062,Stool
OTU_97.21067,Right_Retroauricular_crease_1
OTU_97.21067,Saliva_1
OTU_97.21068,Palatine_Tonsils_1
OTU_97.21068,Right_Antecubital_fossa_1
OTU_97.21068,Throat_1
OTU_97.2107,Supragingival_plaque
OTU_97.2107,Stool_1
OTU_97.21070,Tongue_dorsum
OTU_97.21070,Right_Retroauricular_crease
OTU_97.21070,Anterior_nares
OTU_97.21070,Left_Antecubital_fossa
OTU_97.21070,Tongue_dorsum_1
OTU_97.21073,Attached_Keratinized_gingiva_1
OTU_97.21073,Hard_palate_1
OTU_97.21073,Left_Antecubital_fossa
OTU_97.21075,Tongue_dorsum
OTU_97.21078,Right_Retroauricular_crease
OTU_97.21078,Hard_palate_1
OTU_97.21081,Attached_Keratinized_gingiva
OTU_97.21081,Palatine_Tonsils_1
OTU_97.21081,Left_Retroauricular_crease_1
OTU_97.21093,Saliva
OTU_97.21098,Right_Antecubital_fossa
OTU_97.21098,Stool
OTU_97.21103,Right_Retroauricular_crease
OTU_97.21103,Attached_Keratinized_gingiva
OTU_97.21107,Buccal_mucosa
OTU_97.21107,Stool_1
OTU_97.21107,Throat
OTU_97.21108,Tongue_dorsum
OTU_97.21108,Supragingival_plaque
OTU_97.21108,Attached_Keratinized_gingiva_1
OTU_97.21108,Anterior_nares
OTU_97.21108,Anterior_nares_1
OTU_97.2113,Right_Antecubital_fossa
OTU_97.2113,Buccal_mucosa_1
OTU_97.2113,Throat_1
OTU_97.21137,Subgingival_plaque
OTU_97.21137,Palatine_Tonsils_1
OTU_97.21138,Tongue_dorsum
OTU_97.21138,Subgingival_plaque
OTU_97.21138,Stool_1
OTU_97.21138,Throat
OTU_97.21142,Buccal_mucosa
OTU_97.21142,Hard_palate_1
OTU_97.21142,Stool
OTU_97.21142,Anterior_nares_1
OTU_97.21144,Tongue_dorsum
OTU_97.21144,Attached_Keratinized_gingiva_1
OTU_97.21144,Buccal_mucosa_1
OTU_97.21151,Buccal_mucosa
OTU_97.21154,Anterior_nares
OTU_97.21154,Tongue_dorsum_1
OTU_97.21155,Left_Antecubital_fossa_1
OTU_97.21155,Anterior_nares
OTU_97.21169,Palatine_Tonsils
OTU_97.21169,Tongue_dorsum_1
OTU_97.21174,Saliva
OTU_97.21174,Right_Retroauricular_crease
OTU_97.21174,Attached_Keratinized_gingiva_1
OTU_97.21174,Stool_1
OTU_97.21174,Palatine_Tonsils_1
OTU_97.21196,Left_Antecubital_fossa
OTU_97.212,Right_Retroauricular_crease_1
OTU_97.212,Saliva
OTU_97.212,Stool_1
OTU_97.212,Left_Antecubital_fossa
OTU_97.2120,Right_Antecubital_fossa
OTU_97.2120,Hard_palate_1
OTU_97.21200,Supragingival_plaque_1
OTU_97.21200,Subgingival_plaque_1
OTU_97.21200,Anterior_nares
OTU_97.21200,Anterior_nares_1
OTU_97.21202,Buccal_mucosa_1
OTU_97.21202,Subgingival_plaque_1
OTU_97.21202,Left_Antecubital_fossa
OTU_97.21202,Right_Antecubital_fossa_1
OTU_97.21203,Saliva
OTU_97.21203,Left_Antecubital_fossa_1
OTU_97.21203,Subgingival_plaque_1
OTU_97.21204,Subgingival_plaque
OTU_97.21204,Left_Retroauricular_crease
OTU_97.21204,Anterior_nares
OTU_97.21206,Right_Retroauricular_crease
OTU_97.21206,Palatine_Tonsils
OTU_97.21206,Tongue_dorsum_1
OTU_97.21220,Supragingival_plaque_1
OTU_97.21220,Buccal_mucosa
OTU_97.21220,Right_Retroauricular_crease
OTU_97.21220,Hard_palate
OTU_97.21220,Tongue_dorsum_1
OTU_97.21222,Buccal_mucosa_1
OTU_97.21222,Subgingival_plaque_1
OTU_97.2125,Supragingival_plaque_1
OTU_97.2125,Anterior_nares_1
OTU_97.21254,Right_Retroauricular_crease_1
OTU_97.21254,Left_Retroauricular_crease
OTU_97.21254,Anterior_nares_1
OTU_97.21267,Supragingival_plaque
OTU_97.21267,Right_Retroauricular_crease
OTU_97.21267,Subgingival_plaque_1
OTU_97.21267,Attached_Keratinized_gingiva
OTU_97.21267,Tongue_dorsum_1
OTU_97.21270,Right_Retroauricular_crease_1
OTU_97.21270,Supragingival_plaque_1
OTU_97.21270,Right_Antecubital_fossa
OTU_97.21270,Attached_Keratinized_gingiva_1
OTU_97.21270,Subgingival_plaque_1
OTU_97.21276,Right_Retroauricular_crease_1
OTU_97.21276,Supragingival_plaque_1
OTU_97.21280,Subgingival_plaque
OTU_97.21280,Left_Retroauricular_crease
OTU_97.21282,Left_Antecubital_fossa_1
OTU_97.2129,Supragingival_plaque_1
OTU_97.2129,Buccal_mucosa_1
OTU_97.2129,Stool_1
OTU_97.21293,Left_Retroauricular_crease
OTU_97.21298,Right_Retroauricular_crease_1
OTU_97.21298,Right_Retroauricular_crease
OTU_97.213,Stool
OTU_97.213,Palatine_Tonsils
OTU_97.21305,Tongue_dorsum
OTU_97.21305,Stool_1
OTU_97.21305,Palatine_Tonsils
OTU_97.21305,Left_Retroauricular_crease_1
OTU_97.2131,Supragingival_plaque
OTU_97.21310,Stool
OTU_97.21310,Stool_1
OTU_97.21328,Attached_Keratinized_gingiva
OTU_97.21330,Saliva
OTU_97.21330,Buccal_mucosa_1
OTU_97.21330,Throat_1
OTU_97.21332,Anterior_nares_1
OTU_97.21334,Supragingival_plaque
OTU_97.21334,Right_Antecubital_fossa_1
OTU_97.21338,Saliva
OTU_97.21338,Stool_1
OTU_97.21338,Palatine_Tonsils_1
OTU_97.21342,Palatine_Tonsils_1
OTU_97.21342,Anterior_nares
OTU_97.21342,Left_Antecubital_fossa
OTU_97.21345,Supragingival_plaque_1
OTU_97.21345,Throat_1
OTU_97.21348,Subgingival_plaque_1
OTU_97.21348,Left_Retroauricular_crease_1
OTU_97.21349,Supragingival_plaque
OTU_97.21349,Attached_Keratinized_gingiva_1
OTU_97.21349,Stool_1
OTU_97.21349,Throat_1
OTU_97.21363,Left_Retroauricular_crease
OTU_97.21363,Throat
OTU_97.21363,Left_Retroauricular_crease_1
OTU_97.21363,Anterior_nares
OTU_97.21369,Left_Antecubital_fossa_1
OTU_97.21369,Right_Retroauricular_crease
OTU_97.21369,Stool_1
OTU_97.21375,Left_Antecubital_fossa_1
OTU_97.21375,Stool_1
OTU_97.21375,Throat
OTU_97.21376,Subgingival_plaque
OTU_97.21376,Hard_palate
OTU_97.21376,Stool_1
OTU_97.21376,Right_Antecubital_fossa_1
OTU_97.21378,Right_Retroauricular_crease_1
OTU_97.21378,Right_Antecubital_fossa
OTU_97.21378,Buccal_mucosa_1
OTU_97.21388,Supragingival_plaque_1
OTU_97.2139,Hard_palate
OTU_97.2139,Anterior_nares
OTU_97.21390,Subgingival_plaque
OTU_97.21390,Stool
OTU_97.21390,Anterior_nares
OTU_97.21394,Buccal_mucosa_1
OTU_97.21394,Stool
OTU_97.21394,Attached_Keratinized_gingiva
OTU_97.21399,Left_Antecubital_fossa_1
OTU_97.21399,Hard_palate_1
OTU_97.21399,Stool
OTU_97.21399,Palatine_Tonsils_1
OTU_97.21399,Left_Retroauricular_crease_1
OTU_97.2140,Supragingival_plaque
OTU_97.2140,Left_Retroauricular_crease
OTU_97.2140,Stool
OTU_97.21402,Anterior_nares
OTU_97.21402,Right_Antecubital_fossa_1
OTU_97.21403,Buccal_mucosa
OTU_97.21403,Buccal_mucosa_1
OTU_97.21404,Hard_palate
OTU_97.21404,Palatine_Tonsils_1
OTU_97.21405,Saliva
OTU_97.21405,Left_Antecubital_fossa
OTU_97.21411,Right_Retroauricular_crease
OTU_97.21411,Stool_1
OTU_97.21411,Saliva_1
OTU_97.21411,Attached_Keratinized_gingiva
OTU_97.21411,Left_Retroauricular_crease_1
OTU_97.21411,Anterior_nares
OTU_97.21412,Right_Retroauricular_crease_1
OTU_97.21412,Supragingival_plaque_1
OTU_97.21418,Subgingival_plaque_1
OTU_97.21419,Saliva
OTU_97.21419,Left_Retroauricular_crease
OTU_97.21419,Anterior_nares
OTU_97.2143,Palatine_Tonsils_1
OTU_97.21432,Buccal_mucosa
OTU_97.21432,Attached_Keratinized_gingiva_1
OTU_97.21432,Stool
OTU_97.21437,Tongue_dorsum
OTU_97.21437,Buccal_mucosa
OTU_97.21437,Stool
OTU_97.21437,Subgingival_plaque_1
OTU_97.2144,Left_Retroauricular_crease
OTU_97.2144,Palatine_Tonsils_1
OTU_97.2144,Anterior_nares_1
OTU_97.21448,Saliva
OTU_97.21448,Attached_Keratinized_gingiva
OTU_97.21454,Buccal_mucosa_1
OTU_97.21454,Stool
OTU_97.21454,Throat
OTU_97.21454,Attached_Keratinized_gingiva
OTU_97.21454,Throat_1
OTU_97.21456,Left_Antecubital_fossa_1
OTU_97.21456,Right_Antecubital_fossa_1
OTU_97.21463,Saliva
OTU_97.21463,Left_Antecubital_fossa_1
OTU_97.21463,Attached_Keratinized_gingiva
OTU_97.2147,Subgingival_plaque
OTU_97.2147,Right_Retroauricular_crease
OTU_97.2147,Stool_1
OTU_97.2147,Throat
OTU_97.2147,Palatine_Tonsils_1
OTU_97.2147,Anterior_nares_1
OTU_97.21470,Palatine_Tonsils
OTU_97.21470,Left_Retroauricular_crease_1
OTU_97.21470,Left_Antecubital_fossa
OTU_97.21471,Right_Antecubital_fossa
OTU_97.21471,Left_Retroauricular_crease_1
OTU_97.21471,Right_Antecubital_fossa_1
OTU_97.21473,Attached_Keratinized_gingiva_1
OTU_97.21473,Throat
OTU_97.21473,Anterior_nares_1
OTU_97.21474,Buccal_mucosa
OTU_97.21474,Attached_Keratinized_gingiva_1
OTU_97.21474,Left_Antecubital_fossa
OTU_97.21479,Attached_Keratinized_gingiva_1
OTU_97.21479,Throat
OTU_97.21479,Left_Antecubital_fossa
OTU_97.21481,Right_Retroauricular_crease_1
OTU_97.21481,Left_Antecubital_fossa_1
OTU_97.21481,Hard_palate_1
OTU_97.21481,Left_Antecubital_fossa
OTU_97.21483,Right_Antecubital_fossa
OTU_97.21483,Subgingival_plaque_1
OTU_97.21483,Left_Antecubital_fossa
OTU_97.21485,Supragingival_plaque_1
OTU_97.21485,Buccal_mucosa_1
OTU_97.21485,Palatine_Tonsils
OTU_97.21486,Buccal_mucosa
OTU_97.21486,Throat
OTU_97.21489,Tongue_dorsum
OTU_97.21489,Right_Retroauricular_crease_1
OTU_97.21498,Saliva
OTU_97.21498,Left_Antecubital_fossa_1
OTU_97.21498,Attached_Keratinized_gingiva_1
OTU_97.21498,Buccal_mucosa_1
OTU_97.21498,Stool
OTU_97.215,Right_Retroauricular_crease_1
OTU_97.215,Subgingival_plaque
OTU_97.215,Right_Antecubital_fossa_1
OTU_97.21503,Stool_1
OTU_97.21503,Left_Antecubital_fossa
OTU_97.21504,Buccal_mucosa
OTU_97.21504,Saliva
OTU_97.21504,Attached_Keratinized_gingiva
OTU_97.2151,Saliva_1
OTU_97.21512,Tongue_dorsum
OTU_97.21512,Buccal_mucosa_1
OTU_97.21512,Saliva_1
OTU_97.21513,Subgingival_plaque
OTU_97.21513,Hard_palate
OTU_97.21513,Saliva_1
OTU_97.21513,Palatine_Tonsils
OTU_97.21514,Supragingival_plaque_1
OTU_97.21514,Supragingival_plaque
OTU_97.21514,Left_Retroauricular_crease_1
OTU_97.21523,Right_Antecubital_fossa_1
OTU_97.21528,Hard_palate
OTU_97.21528,Stool_1
OTU_97.21528,Left_Antecubital_fossa
OTU_97.21529,Stool_1
OTU_97.21529,Palatine_Tonsils_1
OTU_97.21529,Anterior_nares
OTU_97.21529,Tongue_dorsum_1
OTU_97.21537,Left_Retroauricular_crease
OTU_97.21537,Hard_palate
OTU_97.21546,Subgingival_plaque
OTU_97.21546,Saliva_1
OTU_97.21546,Palatine_Tonsils_1
OTU_97.21551,Supragingival_plaque
OTU_97.21554,Supragingival_plaque
OTU_97.21554,Right_Antecubital_fossa
OTU_97.21555,Palatine_Tonsils_1
OTU_97.21557,Buccal_mucosa
OTU_97.21557,Saliva
OTU_97.21557,Attached_Keratinized_gingiva
OTU_97.21559,Tongue_dorsum
OTU_97.21559,Palatine_Tonsils
OTU_97.21559,Anterior_nares
OTU_97.21559,Tongue_dorsum_1
OTU_97.2156,Subgingival_plaque
OTU_97.2156,Left_Antecubital_fossa
OTU_97.21560,Supragingival_plaque_1
OTU_97.21560,Supragingival_plaque
OTU_97.21560,Saliva
OTU_97.21560,Right_Antecubital_fossa
OTU_97.21560,Buccal_mucosa_1
OTU_97.21560,Palatine_Tonsils
OTU_97.21561,Buccal_mucosa
OTU_97.21561,Subgingival_plaque_1
OTU_97.21568,Stool_1
OTU_97.21568,Anterior_nares_1
OTU_97.21579,Attached_Keratinized_gingiva_1
OTU_97.2158,Buccal_mucosa
OTU_97.2158,Saliva
OTU_97.2158,Hard_palate
OTU_97.2158,Stool_1
OTU_97.21581,Supragingival_plaque
OTU_97.21581,Saliva
OTU_97.21581,Hard_palate_1
OTU_97.21586,Supragingival_plaque_1
OTU_97.21586,Right_Antecubital_fossa
OTU_97.21586,Left_Retroauricular_crease_1
OTU_97.2159,Supragingival_plaque
OTU_97.2159,Left_Antecubital_fossa_1
OTU_97.2159,Anterior_nares_1
OTU_97.21591,Supragingival_plaque_1
OTU_97.21594,Left_Retroauricular_crease
OTU_97.21597,Buccal_mucosa_1
OTU_97.21598,Saliva
OTU_97.21598,Attached_Keratinized_gingiva
OTU_97.21598,Palatine_Tonsils_1
OTU_97.216,Right_Retroauricular_crease_1
OTU_97.216,Buccal_mucosa
OTU_97.216,Right_Retroauricular_crease
OTU_97.216,Subgingival_plaque_1
OTU_97.216,Left_Antecubital_fossa
OTU_97.21601,Supragingival_plaque
OTU_97.21601,Attached_Keratinized_gingiva_1
OTU_97.21601,Hard_palate_1
OTU_97.21601,Left_Retroauricular_crease_1
OTU_97.21610,Supragingival_plaque
OTU_97.21610,Tongue_dorsum_1
OTU_97.21617,Tongue_dorsum
OTU_97.21617,Left_Antecubital_fossa
OTU_97.21623,Supragingival_plaque
OTU_97.21623,Buccal_mucosa_1
OTU_97.21630,Buccal_mucosa_1
OTU_97.21630,Stool_1
OTU_97.21630,Palatine_Tonsils
OTU_97.21631,Supragingival_plaque_1
OTU_97.21631,Palatine_Tonsils
OTU_97.21631,Right_Antecubital_fossa_1
OTU_97.21635,Attached_Keratinized_gingiva_1
OTU_97.21635,Stool_1
OTU_97.21636,Buccal_mucosa
OTU_97.21636,Left_Retroauricular_crease
OTU_97.21636,Buccal_mucosa_1
OTU_97.21636,Throat
OTU_97.21636,Tongue_dorsum_1
OTU_97.21637,Palatine_Tonsils
OTU_97.21640,Right_Retroauricular_crease_1
OTU_97.21640,Palatine_Tonsils_1
OTU_97.21640,Anterior_nares_1
OTU_97.21646,Left_Antecubital_fossa_1
OTU_97.21646,Right_Retroauricular_crease
OTU_97.21646,Left_Retroauricular_crease
OTU_97.21646,Hard_palate
OTU_97.21646,Anterior_nares
OTU_97.2165,Right_Retroauricular_crease
OTU_97.2165,Tongue_dorsum_1
OTU_97.21655,Buccal_mucosa
OTU_97.21655,Palatine_Tonsils
OTU_97.21655,Anterior_nares_1
OTU_97.21657,Stool_1
OTU_97.21657,Right_Antecubital_fossa_1
OTU_97.21658,Supragingival_plaque_1
OTU_97.21658,Stool_1
OTU_97.21658,Throat_1
OTU_97.21660,Palatine_Tonsils_1
OTU_97.21664,Tongue_dorsum
OTU_97.21664,Buccal_mucosa_1
OTU_97.21668,Supragingival_plaque_1
OTU_97.21668,Right_Antecubital_fossa
OTU_97.21668,Throat
OTU_97.2167,Supragingival_plaque_1
OTU_97.2167,Supragingival_plaque
OTU_97.2167,Saliva
OTU_97.2167,Right_Antecubital_fossa
OTU_97.2167,Stool_1
OTU_97.21678,Right_Retroauricular_crease_1
OTU_97.21678,Subgingival_plaque_1
OTU_97.2168,Palatine_Tonsils
OTU_97.2168,Tongue_dorsum_1
OTU_97.21680,Left_Antecubital_fossa
OTU_97.21683,Right_Retroauricular_crease_1
OTU_97.21683,Supragingival_plaque
OTU_97.21683,Right_Retroauricular_crease
OTU_97.21683,Palatine_Tonsils
OTU_97.21683,Throat
OTU_97.21683,Tongue_dorsum_1
OTU_97.21683,Throat_1
OTU_97.21687,Left_Retroauricular_crease_1
OTU_97.2169,Buccal_mucosa_1
OTU_97.2169,Throat_1
OTU_97.2170,Supragingival_plaque
OTU_97.2170,Left_Retroauricular_crease
OTU_97.21724,Subgingival_plaque
OTU_97.21724,Left_Antecubital_fossa_1
OTU_97.21724,Left_Antecubital_fossa
OTU_97.21725,Left_Antecubital_fossa_1
OTU_97.21725,Right_Antecubital_fossa_1
OTU_97.2173,Left_Antecubital_fossa_1
OTU_97.2173,Right_Retroauricular_crease
OTU_97.2173,Hard_palate_1
OTU_97.2173,Saliva_1
OTU_97.2173,Anterior_nares
OTU_97.2173,Right_Antecubital_fossa_1
OTU_97.21733,Saliva_1
OTU_97.21733,Attached_Keratinized_gingiva
OTU_97.21733,Palatine_Tonsils_1
OTU_97.21733,Left_Antecubital_fossa
OTU_97.21740,Buccal_mucosa_1
OTU_97.21740,Stool
OTU_97.21740,Palatine_Tonsils_1
OTU_97.21740,Tongue_dorsum_1
OTU_97.21741,Supragingival_plaque_1
OTU_97.21741,Throat
OTU_97.21753,Tongue_dorsum
OTU_97.21753,Supragingival_plaque_1
OTU_97.21753,Stool_1
OTU_97.21756,Left_Retroauricular_crease
OTU_97.21756,Buccal_mucosa_1
OTU_97.21756,Subgingival_plaque_1
OTU_97.21756,Right_Antecubital_fossa_1
OTU_97.21760,Supragingival_plaque_1
OTU_97.21768,Subgingival_plaque
OTU_97.21768,Throat
OTU_97.21775,Throat
OTU_97.21775,Tongue_dorsum_1
OTU_97.21775,Throat_1
OTU_97.21775,Anterior_nares_1
OTU_97.21778,Attached_Keratinized_gingiva_1
OTU_97.21789,Right_Retroauricular_crease
OTU_97.21789,Right_Antecubital_fossa
OTU_97.21789,Hard_palate_1
OTU_97.21789,Saliva_1
OTU_97.21789,Palatine_Tonsils_1
OTU_97.21796,Buccal_mucosa
OTU_97.21796,Buccal_mucosa_1
OTU_97.21796,Tongue_dorsum_1
OTU_97.21798,Attached_Keratinized_gingiva
OTU_97.21798,Left_Antecubital_fossa
OTU_97.21799,Buccal_mucosa
OTU_97.21799,Attached_Keratinized_gingiva_1
OTU_97.21799,Throat
OTU_97.218,Throat_1
OTU_97.21803,Supragingival_plaque
OTU_97.2181,Saliva_1
OTU_97.2181,Palatine_Tonsils
OTU_97.2181,Throat
OTU_97.21810,Left_Antecubital_fossa_1
OTU_97.21810,Stool_1
OTU_97.21812,Throat_1
OTU_97.21816,Left_Retroauricular_crease
OTU_97.21816,Anterior_nares_1
OTU_97.21828,Buccal_mucosa
OTU_97.21828,Hard_palate
OTU_97.21828,Buccal_mucosa_1
OTU_97.21828,Left_Antecubital_fossa
OTU_97.21829,Attached_Keratinized_gingiva_1
OTU_97.21829,Left_Retroauricular_crease_1
OTU_97.21829,Anterior_nares
OTU_97.21829,Throat_1
OTU_97.21843,Attached_Keratinized_gingiva_1
OTU_97.21846,Hard_palate
OTU_97.21846,Left_Retroauricular_crease_1
OTU_97.21848,Supragingival_plaque_1
OTU_97.21848,Supragingival_plaque
OTU_97.21848,Hard_palate_1
OTU_97.21848,Anterior_nares
OTU_97.21852,Attached_Keratinized_gingiva
OTU_97.21852,Left_Retroauricular_crease_1
OTU_97.21855,Supragingival_plaque_1
OTU_97.21855,Anterior_nares
OTU_97.21859,Subgingival_plaque
OTU_97.21859,Buccal_mucosa
OTU_97.2186,Supragingival_plaque_1
OTU_97.2186,Right_Antecubital_fossa
OTU_97.2186,Palatine_Tonsils_1
OTU_97.2186,Left_Retroauricular_crease_1
OTU_97.2186,Anterior_nares
OTU_97.2186,Throat_1
OTU_97.21866,Hard_palate
OTU_97.21868,Subgingival_plaque_1
OTU_97.21870,Subgingival_plaque
OTU_97.21870,Supragingival_plaque
OTU_97.21870,Left_Antecubital_fossa
OTU_97.21873,Subgingival_plaque
OTU_97.21873,Saliva_1
OTU_97.21873,Palatine_Tonsils_1
OTU_97.21876,Right_Retroauricular_crease_1
OTU_97.21876,Buccal_mucosa
OTU_97.21876,Left_Antecubital_fossa
OTU_97.21876,Throat_1
OTU_97.21877,Right_Retroauricular_crease
OTU_97.21877,Attached_Keratinized_gingiva
OTU_97.21877,Left_Antecubital_fossa
OTU_97.21881,Right_Retroauricular_crease_1
OTU_97.21881,Palatine_Tonsils
OTU_97.21882,Stool
OTU_97.21882,Anterior_nares_1
OTU_97.21883,Tongue_dorsum
OTU_97.21883,Anterior_nares
OTU_97.21883,Left_Antecubital_fossa
OTU_97.21886,Saliva
OTU_97.21886,Saliva_1
OTU_97.21886,Palatine_Tonsils_1
OTU_97.21886,Left_Retroauricular_crease_1
OTU_97.21888,Buccal_mucosa_1
OTU_97.21888,Palatine_Tonsils
OTU_97.21888,Anterior_nares_1
OTU_97.21890,Stool
OTU_97.21890,Subgingival_plaque_1
OTU_97.21890,Attached_Keratinized_gingiva
OTU_97.21890,Palatine_Tonsils_1
OTU_97.21890,Anterior_nares_1
OTU_97.219,Supragingival_plaque
OTU_97.219,Right_Antecubital_fossa_1
OTU_97.219,Anterior_nares_1
OTU_97.21910,Supragingival_plaque_1
OTU_97.21910,Hard_palate
OTU_97.21915,Stool
OTU_97.21915,Anterior_nares_1
OTU_97.2192,Tongue_dorsum
OTU_97.2192,Throat
OTU_97.2192,Left_Antecubital_fossa
OTU_97.21920,Buccal_mucosa_1
OTU_97.21920,Throat_1
OTU_97.21922,Right_Antecubital_fossa_1
OTU_97.21925,Subgingival_plaque
OTU_97.21925,Stool
OTU_97.21925,Subgingival_plaque_1
OTU_97.21926,Right_Retroauricular_crease_1
OTU_97.21926,Supragingival_plaque_1
OTU_97.21926,Right_Retroauricular_crease
OTU_97.21926,Right_Antecubital_fossa
OTU_97.21926,Buccal_mucosa_1
OTU_97.21929,Tongue_dorsum
OTU_97.21929,Stool_1
OTU_97.2193,Supragingival_plaque_1
OTU_97.2193,Stool_1
OTU_97.2193,Saliva_1
OTU_97.2193,Palatine_Tonsils
OTU_97.21930,Right_Retroauricular_crease_1
OTU_97.21930,Left_Antecubital_fossa_1
OTU_97.21930,Hard_palate
OTU_97.21930,Subgingival_plaque_1
OTU_97.21933,Right_Retroauricular_crease_1
OTU_97.21933,Saliva
OTU_97.21935,Supragingival_plaque
OTU_97.21935,Stool_1
OTU_97.21935,Palatine_Tonsils_1
OTU_97.2194,Hard_palate
OTU_97.2194,Left_Retroauricular_crease_1
OTU_97.21952,Tongue_dorsum
OTU_97.21952,Palatine_Tonsils_1
OTU_97.21969,Left_Retroauricular_crease
OTU_97.21969,Hard_palate_1
OTU_97.21969,Attached_Keratinized_gingiva
OTU_97.21974,Subgingival_plaque
OTU_97.21974,Hard_palate_1
OTU_97.21974,Attached_Keratinized_gingiva
OTU_97.21974,Anterior_nares_1
OTU_97.21978,Tongue_dorsum
OTU_97.21983,Left_Antecubital_fossa_1
OTU_97.21988,Stool_1
OTU_97.21988,Palatine_Tonsils_1
OTU_97.21988,Throat_1
OTU_97.21992,Hard_palate
OTU_97.21992,Palatine_Tonsils
OTU_97.220,Hard_palate
OTU_97.220,Stool_1
OTU_97.22005,Left_Antecubital_fossa_1
OTU_97.22005,Left_Retroauricular_crease
OTU_97.22005,Left_Antecubital_fossa
OTU_97.22007,Supragingival_plaque_1
OTU_97.22007,Left_Antecubital_fossa_1
OTU_97.22007,Hard_palate_1
OTU_97.22007,Stool_1
OTU_97.22007,Throat_1
OTU_97.22007,Anterior_nares_1
OTU_97.22008,Supragingival_plaque
OTU_97.22009,Palatine_Tonsils
OTU_97.22023,Hard_palate
OTU_97.22023,Tongue_dorsum_1
OTU_97.22023,Anterior_nares_1
OTU_97.22037,Supragingival_plaque_1
OTU_97.22039,Supragingival_plaque_1
OTU_97.22039,Right_Antecubital_fossa
OTU_97.22039,Tongue_dorsum_1
OTU_97.2204,Subgingival_plaque_1
OTU_97.22064,Supragingival_plaque_1
OTU_97.22064,Right_Antecubital_fossa
OTU_97.22079,Right_Retroauricular_crease_1
OTU_97.22079,Supragingival_plaque
OTU_97.22082,Throat_1
OTU_97.22082,Anterior_nares_1
OTU_97.22086,Hard_palate
OTU_97.22086,Hard_palate_1
OTU_97.2209,Left_Retroauricular_crease
OTU_97.2209,Attached_Keratinized_gingiva_1
OTU_97.2209,Throat_1
OTU_97.22090,Buccal_mucosa
OTU_97.22090,Attached_Keratinized_gingiva_1
OTU_97.22109,Right_Retroauricular_crease
OTU_97.22115,Palatine_Tonsils
OTU_97.22115,Throat
OTU_97.22119,Palatine_Tonsils
OTU_97.22119,Anterior_nares
OTU_97.22119,Left_Antecubital_fossa
OTU_97.22124,Subgingival_plaque
OTU_97.22124,Hard_palate
OTU_97.22124,Stool_1
OTU_97.22127,Buccal_mucosa_1
OTU_97.22127,Stool
OTU_97.22127,Left_Antecubital_fossa
OTU_97.22127,Tongue_dorsum_1
OTU_97.22129,Tongue_dorsum
OTU_97.22129,Supragingival_plaque
OTU_97.22129,Palatine_Tonsils
OTU_97.22129,Anterior_nares_1
OTU_97.2213,Buccal_mucosa
OTU_97.2213,Attached_Keratinized_gingiva_1
OTU_97.2213,Left_Antecubital_fossa
OTU_97.22130,Right_Retroauricular_crease_1
OTU_97.22130,Buccal_mucosa
OTU_97.22133,Saliva_1
OTU_97.22133,Anterior_nares
OTU_97.22133,Left_Antecubital_fossa
OTU_97.22134,Tongue_dorsum
OTU_97.22134,Stool_1
OTU_97.22134,Attached_Keratinized_gingiva
OTU_97.22152,Attached_Keratinized_gingiva
OTU_97.22152,Left_Antecubital_fossa
OTU_97.22154,Tongue_dorsum
OTU_97.22154,Buccal_mucosa
OTU_97.22154,Saliva
OTU_97.22156,Supragingival_plaque
OTU_97.22156,Subgingival_plaque_1
OTU_97.22156,Throat_1
OTU_97.22158,Subgingival_plaque
OTU_97.22158,Buccal_mucosa
OTU_97.22158,Hard_palate_1
OTU_97.22158,Palatine_Tonsils
OTU_97.22158,Right_Antecubital_fossa_1
OTU_97.2216,Supragingival_plaque_1
OTU_97.22161,Attached_Keratinized_gingiva
OTU_97.22161,Left_Retroauricular_crease_1
OTU_97.22166,Tongue_dorsum
OTU_97.22166,Throat
OTU_97.22168,Supragingival_plaque_1
OTU_97.22168,Buccal_mucosa
OTU_97.22168,Attached_Keratinized_gingiva_1
OTU_97.22177,Saliva_1
OTU_97.22177,Palatine_Tonsils_1
OTU_97.22180,Right_Antecubital_fossa
OTU_97.22180,Anterior_nares
OTU_97.22185,Subgingival_plaque_1
OTU_97.22185,Throat
OTU_97.22186,Supragingival_plaque_1
OTU_97.22188,Supragingival_plaque
OTU_97.22188,Attached_Keratinized_gingiva_1
OTU_97.22189,Right_Antecubital_fossa
OTU_97.22189,Stool_1
OTU_97.22189,Tongue_dorsum_1
OTU_97.2219,Right_Retroauricular_crease_1
OTU_97.2219,Tongue_dorsum_1
OTU_97.22196,Right_Retroauricular_crease
OTU_97.22196,Hard_palate_1
OTU_97.22196,Palatine_Tonsils
OTU_97.222,Buccal_mucosa
OTU_97.222,Saliva
OTU_97.222,Left_Antecubital_fossa_1
OTU_97.222,Palatine_Tonsils_1
OTU_97.222,Left_Retroauricular_crease_1
OTU_97.222,Left_Antecubital_fossa
OTU_97.222,Anterior_nares_1
OTU_97.2221,Stool
OTU_97.2221,Subgingival_plaque_1
OTU_97.22214,Tongue_dorsum
OTU_97.22214,Left_Antecubital_fossa_1
OTU_97.22214,Buccal_mucosa_1
OTU_97.22214,Attached_Keratinized_gingiva
OTU_97.22214,Right_Antecubital_fossa_1
OTU_97.22220,Saliva
OTU_97.22220,Hard_palate
OTU_97.22220,Attached_Keratinized_gingiva
OTU_97.22228,Palatine_Tonsils
OTU_97.22228,Throat
OTU_97.22228,Tongue_dorsum_1
OTU_97.22229,Left_Retroauricular_crease
OTU_97.22229,Attached_Keratinized_gingiva_1
OTU_97.22229,Left_Antecubital_fossa
OTU_97.22235,Right_Antecubital_fossa
OTU_97.22235,Stool
OTU_97.22237,Tongue_dorsum_1
OTU_97.22250,Right_Retroauricular_crease_1
OTU_97.22250,Buccal_mucosa_1
OTU_97.22250,Stool_1
OTU_97.22250,Subgingival_plaque_1
OTU_97.22254,Right_Retroauricular_crease_1
OTU_97.22254,Saliva
OTU_97.22254,Right_Antecubital_fossa_1
OTU_97.22257,Left_Antecubital_fossa_1
OTU_97.2226,Stool
OTU_97.22273,Stool_1
OTU_97.22273,Left_Retroauricular_crease_1
OTU_97.22276,Saliva
OTU_97.22277,Buccal_mucosa
OTU_97.22277,Right_Retroauricular_crease
OTU_97.22277,Palatine_Tonsils_1
OTU_97.22277,Anterior_nares
OTU_97.22278,Stool_1
OTU_97.22278,Tongue_dorsum_1
OTU_97.2228,Supragingival_plaque
OTU_97.2228,Left_Antecubital_fossa_1
OTU_97.2228,Attached_Keratinized_gingiva
OTU_97.22289,Palatine_Tonsils
OTU_97.22289,Anterior_nares_1
OTU_97.22293,Supragingival_plaque
OTU_97.22293,Left_Antecubital_fossa_1
OTU_97.22293,Right_Antecubital_fossa
OTU_97.22293,Palatine_Tonsils_1
OTU_97.22293,Left_Retroauricular_crease_1
OTU_97.22297,Attached_Keratinized_gingiva_1
OTU_97.22297,Right_Antecubital_fossa_1
OTU_97.22298,Buccal_mucosa_1
OTU_97.22298,Palatine_Tonsils
OTU_97.22299,Attached_Keratinized_gingiva
OTU_97.22299,Palatine_Tonsils_1
OTU_97.22309,Saliva
OTU_97.22309,Attached_Keratinized_gingiva_1
OTU_97.22309,Hard_palate_1
OTU_97.22309,Stool
OTU_97.22309,Palatine_Tonsils
OTU_97.22309,Throat
OTU_97.2231,Right_Retroauricular_crease_1
OTU_97.2231,Buccal_mucosa_1
OTU_97.2231,Stool_1
OTU_97.2231,Saliva_1
OTU_97.2231,Palatine_Tonsils_1
OTU_97.2231,Right_Antecubital_fossa_1
OTU_97.22312,Subgingival_plaque
OTU_97.22312,Buccal_mucosa
OTU_97.22312,Attached_Keratinized_gingiva_1
OTU_97.22312,Right_Antecubital_fossa_1
OTU_97.22315,Buccal_mucosa
OTU_97.22315,Left_Retroauricular_crease
OTU_97.22315,Subgingival_plaque_1
OTU_97.22315,Throat
OTU_97.2232,Subgingival_plaque
OTU_97.2232,Stool
OTU_97.2232,Palatine_Tonsils_1
OTU_97.22323,Anterior_nares_1
OTU_97.22325,Subgingival_plaque
OTU_97.22325,Saliva_1
OTU_97.22336,Right_Retroauricular_crease_1
OTU_97.22336,Attached_Keratinized_gingiva_1
OTU_97.22336,Buccal_mucosa_1
OTU_97.22336,Anterior_nares_1
OTU_97.22340,Left_Retroauricular_crease
OTU_97.22340,Palatine_Tonsils_1
OTU_97.22345,Tongue_dorsum
OTU_97.22345,Right_Antecubital_fossa
OTU_97.22345,Buccal_mucosa_1
OTU_97.22349,Tongue_dorsum
OTU_97.22349,Hard_palate_1
OTU_97.22349,Subgingival_plaque_1
OTU_97.22349,Palatine_Tonsils
OTU_97.22349,Left_Antecubital_fossa
OTU_97.22350,Left_Antecubital_fossa_1
OTU_97.22350,Right_Retroauricular_crease
OTU_97.22350,Tongue_dorsum_1
OTU_97.22354,Left_Antecubital_fossa_1
OTU_97.22354,Palatine_Tonsils
OTU_97.22357,Subgingival_plaque_1
OTU_97.22359,Throat
OTU_97.22359,Right_Antecubital_fossa_1
OTU_97.22366,Supragingival_plaque_1
OTU_97.22366,Stool
OTU_97.22366,Left_Retroauricular_crease_1
OTU_97.22367,Hard_palate
OTU_97.22367,Anterior_nares
OTU_97.22367,Tongue_dorsum_1
OTU_97.22367,Throat_1
OTU_97.22368,Saliva
OTU_97.22369,Hard_palate
OTU_97.22369,Right_Antecubital_fossa_1
OTU_97.22377,Left_Retroauricular_crease
OTU_97.22377,Buccal_mucosa_1
OTU_97.22378,Supragingival_plaque_1
OTU_97.22378,Left_Antecubital_fossa_1
OTU_97.22380,Stool
OTU_97.22380,Attached_Keratinized_gingiva
OTU_97.22380,Throat_1
OTU_97.22385,Saliva
OTU_97.22385,Saliva_1
OTU_97.22385,Throat_1
OTU_97.22388,Hard_palate_1
OTU_97.22389,Left_Retroauricular_crease
OTU_97.22396,Left_Retroauricular_crease
OTU_97.22396,Stool
OTU_97.22396,Attached_Keratinized_gingiva
OTU_97.22410,Supragingival_plaque_1
OTU_97.22410,Saliva_1
OTU_97.22410,Palatine_Tonsils_1
OTU_97.22410,Tongue_dorsum_1
OTU_97.22413,Right_Retroauricular_crease
OTU_97.22413,Hard_palate_1
OTU_97.22413,Throat_1
OTU_97.22416,Buccal_mucosa_1
OTU_97.2242,Right_Retroauricular_crease
OTU_97.2242,Left_Retroauricular_crease
OTU_97.2242,Stool_1
OTU_97.2242,Saliva_1
OTU_97.2242,Palatine_Tonsils
OTU_97.2243,Left_Antecubital_fossa_1
OTU_97.2243,Palatine_Tonsils
OTU_97.2243,Attached_Keratinized_gingiva
OTU_97.2243,Palatine_Tonsils_1
OTU_97.2243,Left_Retroauricular_crease_1
OTU_97.2243,Anterior_nares
OTU_97.2243,Right_Antecubital_fossa_1
OTU_97.22432,Right_Retroauricular_crease_1
OTU_97.22432,Supragingival_plaque_1
OTU_97.22435,Supragingival_plaque_1
OTU_97.22435,Right_Antecubital_fossa
OTU_97.22439,Attached_Keratinized_gingiva_1
OTU_97.2244,Supragingival_plaque
OTU_97.2244,Right_Retroauricular_crease
OTU_97.2244,Hard_palate_1
OTU_97.2244,Anterior_nares_1
OTU_97.22443,Buccal_mucosa_1
OTU_97.22443,Anterior_nares_1
OTU_97.22447,Buccal_mucosa_1
OTU_97.22448,Supragingival_plaque_1
OTU_97.22448,Palatine_Tonsils_1
OTU_97.22457,Supragingival_plaque_1
OTU_97.22457,Supragingival_plaque
OTU_97.22457,Subgingival_plaque_1
OTU_97.22457,Palatine_Tonsils
OTU_97.22461,Saliva
OTU_97.22461,Right_Antecubital_fossa
OTU_97.22464,Left_Antecubital_fossa_1
OTU_97.22464,Buccal_mucosa_1
OTU_97.22464,Right_Antecubital_fossa_1
OTU_97.22466,Tongue_dorsum
OTU_97.22466,Hard_palate_1
OTU_97.22466,Palatine_Tonsils_1
OTU_97.22468,Subgingival_plaque
OTU_97.22468,Hard_palate
OTU_97.22468,Palatine_Tonsils_1
OTU_97.22468,Throat_1
OTU_97.22470,Supragingival_plaque
OTU_97.22470,Right_Antecubital_fossa
OTU_97.22472,Supragingival_plaque
OTU_97.22472,Buccal_mucosa_1
OTU_97.22480,Tongue_dorsum
OTU_97.22480,Attached_Keratinized_gingiva_1
OTU_97.22480,Saliva_1
OTU_97.22480,Palatine_Tonsils
OTU_97.22480,Attached_Keratinized_gingiva
OTU_97.22480,Left_Retroauricular_crease_1
OTU_97.22481,Saliva
OTU_97.22481,Attached_Keratinized_gingiva_1
OTU_97.22481,Left_Antecubital_fossa
OTU_97.22484,Left_Antecubital_fossa_1
OTU_97.22484,Palatine_Tonsils
OTU_97.22484,Throat
OTU_97.2249,Attached_Keratinized_gingiva_1
OTU_97.22491,Right_Antecubital_fossa
OTU_97.22491,Buccal_mucosa_1
OTU_97.225,Buccal_mucosa
OTU_97.225,Supragingival_plaque
OTU_97.225,Throat_1
OTU_97.225,Anterior_nares_1
OTU_97.22505,Attached_Keratinized_gingiva_1
OTU_97.22505,Left_Retroauricular_crease_1
OTU_97.22505,Right_Antecubital_fossa_1
OTU_97.22507,Right_Antecubital_fossa
OTU_97.22507,Attached_Keratinized_gingiva_1
OTU_97.22509,Throat
OTU_97.22509,Palatine_Tonsils_1
OTU_97.2251,Buccal_mucosa_1
OTU_97.2251,Stool
OTU_97.2251,Stool_1
OTU_97.22512,Attached_Keratinized_gingiva
OTU_97.22517,Stool_1
OTU_97.2252,Left_Antecubital_fossa_1
OTU_97.22520,Saliva
OTU_97.22520,Left_Antecubital_fossa_1
OTU_97.22520,Right_Retroauricular_crease
OTU_97.22520,Attached_Keratinized_gingiva_1
OTU_97.22520,Stool_1
OTU_97.22520,Palatine_Tonsils
OTU_97.22520,Left_Antecubital_fossa
OTU_97.22523,Left_Antecubital_fossa_1
OTU_97.22523,Saliva_1
OTU_97.22523,Tongue_dorsum_1
OTU_97.22525,Right_Retroauricular_crease
OTU_97.22525,Attached_Keratinized_gingiva
OTU_97.22525,Left_Antecubital_fossa
OTU_97.22528,Right_Antecubital_fossa
OTU_97.22528,Buccal_mucosa_1
OTU_97.22528,Throat
OTU_97.22528,Left_Retroauricular_crease_1
OTU_97.22528,Anterior_nares
OTU_97.22536,Tongue_dorsum
OTU_97.22536,Supragingival_plaque_1
OTU_97.22536,Subgingival_plaque_1
OTU_97.22536,Left_Retroauricular_crease_1
OTU_97.2254,Saliva
OTU_97.2254,Right_Retroauricular_crease
OTU_97.2254,Hard_palate
OTU_97.22542,Hard_palate
OTU_97.22542,Buccal_mucosa_1
OTU_97.22542,Left_Retroauricular_crease_1
OTU_97.22543,Subgingival_plaque
OTU_97.22543,Hard_palate_1
OTU_97.22555,Right_Retroauricular_crease
OTU_97.22555,Throat
OTU_97.22555,Left_Retroauricular_crease_1
OTU_97.22560,Hard_palate
OTU_97.22560,Saliva_1
OTU_97.22560,Anterior_nares
OTU_97.22563,Right_Retroauricular_crease
OTU_97.22563,Buccal_mucosa_1
OTU_97.22563,Palatine_Tonsils_1
OTU_97.22563,Left_Antecubital_fossa
OTU_97.22574,Right_Retroauricular_crease
OTU_97.22574,Hard_palate_1
OTU_97.22574,Palatine_Tonsils
OTU_97.22574,Throat
OTU_97.22574,Palatine_Tonsils_1
OTU_97.22574,Anterior_nares
OTU_97.22574,Anterior_nares_1
OTU_97.22575,Saliva
OTU_97.22575,Left_Retroauricular_crease
OTU_97.22575,Attached_Keratinized_gingiva_1
OTU_97.22584,Left_Antecubital_fossa_1
OTU_97.22584,Stool_1
OTU_97.22584,Throat_1
OTU_97.22595,Tongue_dorsum
OTU_97.22595,Palatine_Tonsils
OTU_97.22595,Palatine_Tonsils_1
OTU_97.22595,Anterior_nares_1
OTU_97.2260,Hard_palate_1
OTU_97.2260,Stool
OTU_97.2260,Palatine_Tonsils_1
OTU_97.22602,Tongue_dorsum
OTU_97.22602,Right_Retroauricular_crease_1
OTU_97.22602,Subgingival_plaque
OTU_97.22602,Right_Retroauricular_crease
OTU_97.22602,Right_Antecubital_fossa
OTU_97.22602,Saliva_1
OTU_97.22602,Palatine_Tonsils
OTU_97.22624,Palatine_Tonsils
OTU_97.22624,Left_Antecubital_fossa
OTU_97.22624,Tongue_dorsum_1
OTU_97.22625,Palatine_Tonsils_1
OTU_97.22625,Anterior_nares
OTU_97.22627,Tongue_dorsum
OTU_97.22627,Left_Retroauricular_crease
OTU_97.22627,Hard_palate_1
OTU_97.22627,Left_Antecubital_fossa
OTU_97.22628,Attached_Keratinized_gingiva_1
OTU_97.22628,Left_Antecubital_fossa
OTU_97.2263,Right_Antecubital_fossa
OTU_97.2263,Stool_1
OTU_97.2263,Anterior_nares
OTU_97.22630,Subgingival_plaque
OTU_97.22630,Supragingival_plaque_1
OTU_97.22630,Saliva
OTU_97.22638,Attached_Keratinized_gingiva_1
OTU_97.22638,Hard_palate
OTU_97.22641,Stool
OTU_97.22641,Throat_1
OTU_97.22642,Supragingival_plaque
OTU_97.22642,Throat_1
OTU_97.22642,Anterior_nares_1
OTU_97.22645,Tongue_dorsum_1
OTU_97.2265,Palatine_Tonsils
OTU_97.2265,Throat_1
OTU_97.22651,Hard_palate
OTU_97.22651,Left_Antecubital_fossa
OTU_97.22653,Supragingival_plaque
OTU_97.22653,Left_Retroauricular_crease
OTU_97.22654,Right_Retroauricular_crease
OTU_97.22664,Anterior_nares_1
OTU_97.22668,Saliva
OTU_97.22668,Hard_palate
OTU_97.22668,Saliva_1
OTU_97.22670,Hard_palate
OTU_97.22670,Stool
OTU_97.22670,Saliva_1
OTU_97.22670,Palatine_Tonsils_1
OTU_97.22670,Throat_1
OTU_97.22674,Palatine_Tonsils
OTU_97.22675,Saliva
OTU_97.22675,Left_Antecubital_fossa_1
OTU_97.22675,Left_Retroauricular_crease
OTU_97.22675,Right_Antecubital_fossa_1
OTU_97.22677,Supragingival_plaque
OTU_97.22677,Right_Retroauricular_crease
OTU_97.22677,Tongue_dorsum_1
OTU_97.2268,Tongue_dorsum
OTU_97.2268,Supragingival_plaque
OTU_97.2268,Left_Antecubital_fossa_1
OTU_97.2268,Stool
OTU_97.2268,Stool_1
OTU_97.2269,Supragingival_plaque
OTU_97.2269,Attached_Keratinized_gingiva
OTU_97.22697,Stool_1
OTU_97.22710,Throat
OTU_97.22710,Anterior_nares
OTU_97.22710,Anterior_nares_1
OTU_97.2272,Saliva_1
OTU_97.2272,Throat_1
OTU_97.22732,Left_Antecubital_fossa_1
OTU_97.22732,Right_Retroauricular_crease
OTU_97.22738,Anterior_nares_1
OTU_97.22741,Stool_1
OTU_97.22741,Saliva_1
OTU_97.22749,Buccal_mucosa
OTU_97.22751,Right_Retroauricular_crease
OTU_97.22751,Tongue_dorsum_1
OTU_97.22753,Tongue_dorsum
OTU_97.22753,Left_Antecubital_fossa
OTU_97.22753,Throat_1
OTU_97.22758,Left_Retroauricular_crease
OTU_97.22769,Subgingival_plaque_1
OTU_97.22769,Left_Retroauricular_crease_1
OTU_97.22769,Anterior_nares
OTU_97.2277,Hard_palate
OTU_97.2277,Palatine_Tonsils_1
OTU_97.2277,Throat_1
OTU_97.22770,Left_Retroauricular_crease_1
OTU_97.22786,Right_Retroauricular_crease
OTU_97.22791,Hard_palate
OTU_97.22791,Subgingival_plaque_1
OTU_97.22791,Left_Antecubital_fossa
OTU_97.228,Right_Retroauricular_crease_1
OTU_97.228,Buccal_mucosa
OTU_97.228,Hard_palate
OTU_97.228,Tongue_dorsum_1
OTU_97.22800,Tongue_dorsum
OTU_97.22800,Subgingival_plaque
OTU_97.22800,Saliva_1
OTU_97.22800,Palatine_Tonsils
OTU_97.22800,Right_Antecubital_fossa_1
OTU_97.22802,Hard_palate
OTU_97.22802,Attached_Keratinized_gingiva
OTU_97.22804,Attached_Keratinized_gingiva_1
OTU_97.22804,Stool
OTU_97.22804,Saliva_1
OTU_97.22804,Anterior_nares_1
OTU_97.22820,Hard_palate_1
OTU_97.22820,Stool
OTU_97.22820,Stool_1
OTU_97.22820,Saliva_1
OTU_97.2283,Buccal_mucosa
OTU_97.2283,Hard_palate
OTU_97.22831,Left_Retroauricular_crease_1
OTU_97.22831,Left_Antecubital_fossa
OTU_97.22834,Tongue_dorsum
OTU_97.22834,Attached_Keratinized_gingiva_1
OTU_97.22834,Left_Retroauricular_crease_1
OTU_97.22834,Right_Antecubital_fossa_1
OTU_97.2284,Right_Retroauricular_crease
OTU_97.22849,Left_Antecubital_fossa_1
OTU_97.22849,Right_Retroauricular_crease
OTU_97.22849,Attached_Keratinized_gingiva_1
OTU_97.22849,Subgingival_plaque_1
OTU_97.2286,Buccal_mucosa
OTU_97.2286,Attached_Keratinized_gingiva
OTU_97.2286,Right_Antecubital_fossa_1
OTU_97.2286,Anterior_nares_1
OTU_97.22861,Right_Retroauricular_crease_1
OTU_97.22861,Left_Retroauricular_crease
OTU_97.22861,Palatine_Tonsils
OTU_97.22861,Anterior_nares
OTU_97.22861,Right_Antecubital_fossa_1
OTU_97.22861,Anterior_nares_1
OTU_97.22864,Attached_Keratinized_gingiva_1
OTU_97.22864,Buccal_mucosa_1
OTU_97.22864,Subgingival_plaque_1
OTU_97.22866,Left_Antecubital_fossa_1
OTU_97.22868,Supragingival_plaque_1
OTU_97.22868,Left_Antecubital_fossa_1
OTU_97.22868,Hard_palate
OTU_97.22868,Palatine_Tonsils
OTU_97.22872,Saliva
OTU_97.22872,Right_Antecubital_fossa
OTU_97.22872,Buccal_mucosa_1
OTU_97.22873,Stool_1
OTU_97.22873,Subgingival_plaque_1
OTU_97.22873,Palatine_Tonsils
OTU_97.22876,Right_Retroauricular_crease_1
OTU_97.22876,Anterior_nares
OTU_97.22878,Buccal_mucosa_1
OTU_97.22880,Hard_palate
OTU_97.22886,Right_Retroauricular_crease_1
OTU_97.22886,Buccal_mucosa_1
OTU_97.22886,Throat
OTU_97.22894,Tongue_dorsum
OTU_97.22894,Subgingival_plaque
OTU_97.229,Left_Antecubital_fossa_1
OTU_97.229,Right_Antecubital_fossa
OTU_97.229,Left_Retroauricular_crease
OTU_97.229,Tongue_dorsum_1
OTU_97.229,Throat_1
OTU_97.2290,Saliva
OTU_97.2290,Hard_palate
OTU_97.22910,Buccal_mucosa
OTU_97.22910,Anterior_nares
OTU_97.22910,Anterior_nares_1
OTU_97.22916,Subgingival_plaque
OTU_97.22916,Right_Retroauricular_crease
OTU_97.22916,Right_Antecubital_fossa_1
OTU_97.22916,Anterior_nares_1
OTU_97.22925,Hard_palate
OTU_97.2293,Right_Retroauricular_crease_1
OTU_97.2293,Saliva_1
OTU_97.22932,Subgingival_plaque
OTU_97.22932,Right_Antecubital_fossa
OTU_97.22932,Stool
OTU_97.22932,Palatine_Tonsils
OTU_97.22939,Subgingival_plaque
OTU_97.22956,Subgingival_plaque
OTU_97.22975,Subgingival_plaque
OTU_97.22975,Saliva_1
OTU_97.22975,Palatine_Tonsils_1
OTU_97.22978,Supragingival_plaque
OTU_97.22978,Left_Antecubital_fossa_1
OTU_97.22978,Hard_palate
OTU_97.22978,Throat_1
OTU_97.22979,Supragingival_plaque_1
OTU_97.22979,Left_Retroauricular_crease
OTU_97.22979,Palatine_Tonsils
OTU_97.22979,Right_Antecubital_fossa_1
OTU_97.22980,Attached_Keratinized_gingiva
OTU_97.22980,Anterior_nares
OTU_97.22985,Palatine_Tonsils
OTU_97.2299,Supragingival_plaque
OTU_97.2299,Anterior_nares
OTU_97.22990,Buccal_mucosa
OTU_97.22990,Attached_Keratinized_gingiva
OTU_97.22996,Attached_Keratinized_gingiva
OTU_97.23,Buccal_mucosa
OTU_97.23,Supragingival_plaque
OTU_97.23,Throat
OTU_97.23,Right_Antecubital_fossa_1
OTU_97.23002,Tongue_dorsum
OTU_97.23002,Right_Retroauricular_crease_1
OTU_97.23002,Buccal_mucosa_1
OTU_97.23004,Buccal_mucosa
OTU_97.23004,Left_Retroauricular_crease
OTU_97.23007,Supragingival_plaque
OTU_97.23007,Right_Antecubital_fossa
OTU_97.23007,Left_Retroauricular_crease
OTU_97.23008,Attached_Keratinized_gingiva
OTU_97.23008,Anterior_nares_1
OTU_97.23009,Tongue_dorsum
OTU_97.23009,Hard_palate
OTU_97.23009,Left_Retroauricular_crease_1
OTU_97.23011,Saliva_1
OTU_97.23015,Buccal_mucosa_1
OTU_97.23015,Stool_1
OTU_97.23015,Right_Antecubital_fossa_1
OTU_97.23031,Right_Retroauricular_crease_1
OTU_97.23031,Supragingival_plaque
OTU_97.23031,Left_Antecubital_fossa
OTU_97.23034,Throat
OTU_97.23034,Throat_1
OTU_97.23036,Palatine_Tonsils
OTU_97.23040,Supragingival_plaque_1
OTU_97.23040,Supragingival_plaque
OTU_97.23040,Palatine_Tonsils
OTU_97.23042,Supragingival_plaque_1
OTU_97.23042,Stool_1
OTU_97.23042,Throat_1
OTU_97.23045,Saliva
OTU_97.23045,Attached_Keratinized_gingiva_1
OTU_97.23045,Saliva_1
OTU_97.23047,Right_Antecubital_fossa
OTU_97.23047,Subgingival_plaque_1
OTU_97.23047,Palatine_Tonsils_1
OTU_97.23047,Throat_1
OTU_97.23057,Saliva_1
OTU_97.23057,Palatine_Tonsils
OTU_97.23063,Buccal_mucosa
OTU_97.23063,Right_Antecubital_fossa
OTU_97.23063,Attached_Keratinized_gingiva_1
OTU_97.23063,Tongue_dorsum_1
OTU_97.23065,Palatine_Tonsils_1
OTU_97.23065,Left_Retroauricular_crease_1
OTU_97.23065,Left_Antecubital_fossa
OTU_97.23067,Buccal_mucosa_1
OTU_97.23067,Saliva_1
OTU_97.2307,Tongue_dorsum
OTU_97.2307,Throat
OTU_97.23075,Palatine_Tonsils
OTU_97.23076,Right_Retroauricular_crease_1
OTU_97.23076,Supragingival_plaque_1
OTU_97.23076,Right_Antecubital_fossa
OTU_97.23076,Hard_palate
OTU_97.23077,Supragingival_plaque_1
OTU_97.23077,Buccal_mucosa_1
OTU_97.2308,Throat_1
OTU_97.23082,Saliva
OTU_97.23083,Anterior_nares
OTU_97.23084,Subgingival_plaque
OTU_97.23084,Attached_Keratinized_gingiva
OTU_97.23086,Stool
OTU_97.23086,Palatine_Tonsils
OTU_97.23086,Left_Retroauricular_crease_1
OTU_97.23090,Hard_palate
OTU_97.23090,Palatine_Tonsils
OTU_97.23097,Tongue_dorsum
OTU_97.23097,Attached_Keratinized_gingiva
OTU_97.23110,Buccal_mucosa
OTU_97.23117,Buccal_mucosa
OTU_97.23117,Anterior_nares
OTU_97.23117,Tongue_dorsum_1
OTU_97.23119,Hard_palate_1
OTU_97.23128,Hard_palate_1
OTU_97.23128,Palatine_Tonsils
OTU_97.23135,Right_Retroauricular_crease
OTU_97.23135,Tongue_dorsum_1
OTU_97.23143,Subgingival_plaque_1
OTU_97.23150,Right_Retroauricular_crease_1
OTU_97.23150,Anterior_nares_1
OTU_97.23154,Subgingival_plaque
OTU_97.23154,Right_Antecubital_fossa
OTU_97.23154,Anterior_nares_1
OTU_97.23155,Left_Retroauricular_crease_1
OTU_97.23155,Right_Antecubital_fossa_1
OTU_97.23162,Right_Retroauricular_crease_1
OTU_97.23162,Right_Retroauricular_crease
OTU_97.23162,Subgingival_plaque_1
OTU_97.23166,Anterior_nares
OTU_97.23166,Tongue_dorsum_1
OTU_97.23166,Anterior_nares_1
OTU_97.23168,Supragingival_plaque
OTU_97.23168,Saliva
OTU_97.23168,Left_Antecubital_fossa
OTU_97.23178,Tongue_dorsum
OTU_97.23178,Right_Retroauricular_crease_1
OTU_97.23178,Hard_palate_1
OTU_97.23178,Tongue_dorsum_1
OTU_97.2318,Saliva
OTU_97.2318,Left_Retroauricular_crease_1
OTU_97.23185,Left_Retroauricular_crease_1
OTU_97.23185,Anterior_nares_1
OTU_97.23186,Supragingival_plaque_1
OTU_97.23186,Stool_1
OTU_97.23186,Subgingival_plaque_1
OTU_97.23189,Right_Retroauricular_crease_1
OTU_97.23189,Right_Retroauricular_crease
OTU_97.23189,Buccal_mucosa_1
OTU_97.23189,Subgingival_plaque_1
OTU_97.23189,Tongue_dorsum_1
OTU_97.2319,Buccal_mucosa
OTU_97.2319,Stool_1
OTU_97.2319,Right_Antecubital_fossa_1
OTU_97.232,Left_Retroauricular_crease
OTU_97.232,Palatine_Tonsils_1
OTU_97.232,Throat_1
OTU_97.2320,Buccal_mucosa
OTU_97.2320,Attached_Keratinized_gingiva_1
OTU_97.2320,Hard_palate
OTU_97.2320,Throat_1
OTU_97.23201,Buccal_mucosa
OTU_97.23201,Right_Retroauricular_crease
OTU_97.23201,Right_Antecubital_fossa
OTU_97.23201,Right_Antecubital_fossa_1
OTU_97.23203,Right_Retroauricular_crease_1
OTU_97.23203,Left_Retroauricular_crease
OTU_97.23215,Saliva
OTU_97.23215,Left_Retroauricular_crease
OTU_97.23215,Buccal_mucosa_1
OTU_97.23215,Attached_Keratinized_gingiva
OTU_97.23218,Supragingival_plaque
OTU_97.23218,Left_Antecubital_fossa_1
OTU_97.23218,Stool_1
OTU_97.23218,Attached_Keratinized_gingiva
OTU_97.23218,Palatine_Tonsils_1
OTU_97.23229,Right_Retroauricular_crease_1
OTU_97.23229,Buccal_mucosa_1
OTU_97.23243,Supragingival_plaque_1
OTU_97.23243,Attached_Keratinized_gingiva_1
OTU_97.23246,Supragingival_plaque
OTU_97.23249,Supragingival_plaque_1
OTU_97.23250,Tongue_dorsum
OTU_97.23250,Saliva_1
OTU_97.23250,Palatine_Tonsils
OTU_97.23250,Palatine_Tonsils_1
OTU_97.23256,Supragingival_plaque
OTU_97.23256,Left_Retroauricular_crease
OTU_97.23256,Attached_Keratinized_gingiva_1
OTU_97.23256,Anterior_nares_1
OTU_97.23260,Buccal_mucosa
OTU_97.23260,Right_Antecubital_fossa
OTU_97.23261,Right_Retroauricular_crease_1
OTU_97.23261,Stool_1
OTU_97.23261,Left_Retroauricular_crease_1
OTU_97.23263,Right_Retroauricular_crease_1
OTU_97.23263,Stool_1
OTU_97.23263,Throat
OTU_97.23266,Left_Retroauricular_crease
OTU_97.23266,Hard_palate_1
OTU_97.23272,Right_Antecubital_fossa
OTU_97.23272,Left_Antecubital_fossa
OTU_97.23280,Subgingival_plaque_1
OTU_97.23280,Tongue_dorsum_1
OTU_97.23281,Right_Retroauricular_crease_1
OTU_97.23281,Right_Retroauricular_crease
OTU_97.23289,Buccal_mucosa
OTU_97.23289,Supragingival_plaque
OTU_97.23289,Palatine_Tonsils
OTU_97.23289,Throat_1
OTU_97.2329,Hard_palate_1
OTU_97.2329,Stool_1
OTU_97.233,Subgingival_plaque
OTU_97.233,Buccal_mucosa_1
OTU_97.233,Saliva_1
OTU_97.23305,Subgingival_plaque_1
OTU_97.23305,Right_Antecubital_fossa_1
OTU_97.23306,Stool
OTU_97.23306,Tongue_dorsum_1
OTU_97.23309,Buccal_mucosa
OTU_97.23309,Right_Antecubital_fossa
OTU_97.23309,Left_Retroauricular_crease_1
OTU_97.23309,Anterior_nares
OTU_97.23309,Throat_1
OTU_97.23316,Buccal_mucosa
OTU_97.23316,Left_Antecubital_fossa_1
OTU_97.23316,Left_Retroauricular_crease
OTU_97.23316,Stool_1
OTU_97.23316,Tongue_dorsum_1
OTU_97.23317,Stool_1
OTU_97.23317,Anterior_nares
OTU_97.23318,Buccal_mucosa_1
OTU_97.23318,Throat
OTU_97.23318,Attached_Keratinized_gingiva
OTU_97.23329,Subgingival_plaque
OTU_97.23329,Left_Retroauricular_crease_1
OTU_97.23329,Left_Antecubital_fossa
OTU_97.23330,Buccal_mucosa_1
OTU_97.23332,Subgingival_plaque
OTU_97.23332,Throat_1
OTU_97.23333,Subgingival_plaque
OTU_97.23334,Right_Retroauricular_crease_1
OTU_97.23334,Hard_palate
OTU_97.23334,Stool
OTU_97.23334,Tongue_dorsum_1
OTU_97.23344,Buccal_mucosa
OTU_97.23344,Right_Retroauricular_crease
OTU_97.23344,Throat_1
OTU_97.23359,Left_Retroauricular_crease
OTU_97.2336,Subgingival_plaque
OTU_97.2336,Throat
OTU_97.2336,Left_Antecubital_fossa
OTU_97.2336,Throat_1
OTU_97.23365,Right_Retroauricular_crease_1
OTU_97.23365,Right_Retroauricular_crease
OTU_97.23365,Stool
OTU_97.23365,Saliva_1
OTU_97.23365,Attached_Keratinized_gingiva
OTU_97.23365,Left_Retroauricular_crease_1
OTU_97.23365,Left_Antecubital_fossa
OTU_97.23366,Right_Retroauricular_crease
OTU_97.23366,Saliva_1
OTU_97.23374,Right_Retroauricular_crease
OTU_97.23374,Buccal_mucosa_1
OTU_97.23374,Stool
OTU_97.23378,Buccal_mucosa_1
OTU_97.2338,Tongue_dorsum
OTU_97.2338,Anterior_nares_1
OTU_97.23389,Throat_1
OTU_97.23392,Subgingival_plaque
OTU_97.23392,Buccal_mucosa_1
OTU_97.23394,Supragingival_plaque
OTU_97.23394,Left_Antecubital_fossa_1
OTU_97.23394,Attached_Keratinized_gingiva_1
OTU_97.23394,Attached_Keratinized_gingiva
OTU_97.23395,Right_Antecubital_fossa
OTU_97.23395,Hard_palate
OTU_97.23395,Saliva_1
OTU_97.23395,Left_Antecubital_fossa
OTU_97.234,Attached_Keratinized_gingiva_1
OTU_97.234,Stool_1
OTU_97.234,Saliva_1
OTU_97.23406,Tongue_dorsum
OTU_97.23406,Hard_palate
OTU_97.23406,Buccal_mucosa_1
OTU_97.2341,Right_Antecubital_fossa
OTU_97.2341,Stool
OTU_97.23411,Right_Retroauricular_crease_1
OTU_97.23411,Hard_palate_1
OTU_97.23411,Buccal_mucosa_1
OTU_97.23411,Saliva_1
OTU_97.23411,Tongue_dorsum_1
OTU_97.23412,Supragingival_plaque
OTU_97.23422,Left_Antecubital_fossa
OTU_97.23422,Throat_1
OTU_97.23422,Anterior_nares_1
OTU_97.23430,Supragingival_plaque
OTU_97.23430,Right_Retroauricular_crease
OTU_97.23430,Attached_Keratinized_gingiva_1
OTU_97.23436,Supragingival_plaque_1
OTU_97.23436,Right_Antecubital_fossa
OTU_97.23436,Attached_Keratinized_gingiva
OTU_97.23438,Supragingival_plaque
OTU_97.23438,Palatine_Tonsils_1
OTU_97.23438,Tongue_dorsum_1
OTU_97.23440,Hard_palate
OTU_97.23443,Right_Retroauricular_crease_1
OTU_97.23443,Left_Antecubital_fossa_1
OTU_97.2345,Buccal_mucosa
OTU_97.2345,Right_Retroauricular_crease
OTU_97.2345,Tongue_dorsum_1
OTU_97.23459,Right_Antecubital_fossa
OTU_97.23462,Hard_palate
OTU_97.23462,Stool_1
OTU_97.23462,Right_Antecubital_fossa_1
OTU_97.23472,Right_Antecubital_fossa
OTU_97.23472,Left_Retroauricular_crease
OTU_97.23478,Palatine_Tonsils_1
OTU_97.2348,Tongue_dorsum
OTU_97.2348,Supragingival_plaque
OTU_97.2348,Right_Retroauricular_crease
OTU_97.2348,Attached_Keratinized_gingiva
OTU_97.23482,Tongue_dorsum
OTU_97.23482,Saliva
OTU_97.23482,Right_Antecubital_fossa
OTU_97.23482,Palatine_Tonsils
OTU_97.23484,Right_Retroauricular_crease_1
OTU_97.23484,Buccal_mucosa_1
OTU_97.23484,Palatine_Tonsils
OTU_97.23484,Anterior_nares
OTU_97.23484,Right_Antecubital_fossa_1
OTU_97.23498,Anterior_nares
OTU_97.23498,Right_Antecubital_fossa_1
OTU_97.23500,Attached_Keratinized_gingiva_1
OTU_97.23500,Stool_1
OTU_97.23504,Hard_palate_1
OTU_97.23504,Buccal_mucosa_1
OTU_97.23506,Stool
OTU_97.23506,Palatine_Tonsils
OTU_97.23512,Saliva
OTU_97.23512,Right_Antecubital_fossa
OTU_97.23512,Buccal_mucosa_1
OTU_97.23512,Subgingival_plaque_1
OTU_97.23512,Throat
OTU_97.23520,Stool_1
OTU_97.2353,Subgingival_plaque
OTU_97.2353,Left_Antecubital_fossa_1
OTU_97.2353,Buccal_mucosa_1
OTU_97.23530,Attached_Keratinized_gingiva_1
OTU_97.23530,Attached_Keratinized_gingiva
OTU_97.23530,Anterior_nares_1
OTU_97.23531,Subgingival_plaque
OTU_97.23531,Buccal_mucosa
OTU_97.23531,Tongue_dorsum_1
OTU_97.23531,Right_Antecubital_fossa_1
OTU_97.2354,Attached_Keratinized_gingiva_1
OTU_97.2354,Stool
OTU_97.2354,Stool_1
OTU_97.2354,Saliva_1
OTU_97.2354,Tongue_dorsum_1
OTU_97.23540,Right_Retroauricular_crease_1
OTU_97.23542,Supragingival_plaque
OTU_97.23542,Subgingival_plaque_1
OTU_97.23542,Palatine_Tonsils
OTU_97.23542,Palatine_Tonsils_1
OTU_97.23549,Saliva_1
OTU_97.23549,Anterior_nares_1
OTU_97.2355,Right_Retroauricular_crease_1
OTU_97.2355,Supragingival_plaque_1
OTU_97.2355,Buccal_mucosa
OTU_97.23552,Buccal_mucosa
OTU_97.23552,Supragingival_plaque
OTU_97.23563,Subgingival_plaque
OTU_97.23563,Supragingival_plaque
OTU_97.23563,Right_Retroauricular_crease
OTU_97.23563,Right_Antecubital_fossa
OTU_97.23563,Stool_1
OTU_97.23563,Palatine_Tonsils
OTU_97.23576,Right_Antecubital_fossa
OTU_97.23576,Anterior_nares_1
OTU_97.2358,Saliva
OTU_97.2358,Subgingival_plaque_1
OTU_97.23583,Attached_Keratinized_gingiva
OTU_97.23583,Throat_1
OTU_97.23583,Anterior_nares_1
OTU_97.23586,Right_Retroauricular_crease_1
OTU_97.23586,Stool_1
OTU_97.23586,Palatine_Tonsils_1
OTU_97.23592,Subgingival_plaque
OTU_97.23592,Attached_Keratinized_gingiva_1
OTU_97.23592,Anterior_nares
OTU_97.23593,Right_Antecubital_fossa_1
OTU_97.23593,Throat_1
OTU_97.23596,Right_Retroauricular_crease_1
OTU_97.23596,Saliva_1
OTU_97.23596,Palatine_Tonsils_1
OTU_97.23596,Left_Antecubital_fossa
OTU_97.23599,Right_Antecubital_fossa
OTU_97.236,Supragingival_plaque_1
OTU_97.236,Stool_1
OTU_97.2360,Right_Retroauricular_crease_1
OTU_97.2360,Left_Retroauricular_crease
OTU_97.2360,Stool_1
OTU_97.2360,Anterior_nares
OTU_97.2360,Throat_1
OTU_97.23600,Tongue_dorsum
OTU_97.23600,Supragingival_plaque
OTU_97.23600,Left_Retroauricular_crease_1
OTU_97.23604,Left_Retroauricular_crease
OTU_97.23604,Tongue_dorsum_1
OTU_97.2361,Stool_1
OTU_97.2361,Attached_Keratinized_gingiva
OTU_97.2361,Anterior_nares_1
OTU_97.23619,Buccal_mucosa_1
OTU_97.23619,Tongue_dorsum_1
OTU_97.2362,Subgingival_plaque
OTU_97.2362,Supragingival_plaque_1
OTU_97.23623,Subgingival_plaque
OTU_97.23623,Left_Retroauricular_crease
OTU_97.23623,Attached_Keratinized_gingiva_1
OTU_97.23626,Hard_palate
OTU_97.23626,Palatine_Tonsils
OTU_97.23630,Stool_1
OTU_97.23635,Subgingival_plaque
OTU_97.23635,Buccal_mucosa
OTU_97.23635,Subgingival_plaque_1
OTU_97.23635,Left_Antecubital_fossa
OTU_97.23639,Left_Antecubital_fossa
OTU_97.23645,Right_Retroauricular_crease_1
OTU_97.23645,Subgingival_plaque
OTU_97.23645,Saliva_1
OTU_97.23645,Throat
OTU_97.23645,Left_Antecubital_fossa
OTU_97.23647,Tongue_dorsum
OTU_97.23647,Saliva
OTU_97.23647,Buccal_mucosa_1
OTU_97.23647,Stool
OTU_97.23647,Saliva_1
OTU_97.23648,Supragingival_plaque_1
OTU_97.23651,Supragingival_plaque_1
OTU_97.23651,Supragingival_plaque
OTU_97.23653,Right_Antecubital_fossa_1
OTU_97.23653,Anterior_nares_1
OTU_97.23659,Supragingival_plaque_1
OTU_97.23659,Attached_Keratinized_gingiva
OTU_97.23659,Palatine_Tonsils_1
OTU_97.23660,Subgingival_plaque
OTU_97.23660,Throat
OTU_97.23667,Subgingival_plaque
OTU_97.23667,Attached_Keratinized_gingiva_1
OTU_97.23668,Right_Retroauricular_crease_1
OTU_97.23668,Supragingival_plaque
OTU_97.2367,Right_Retroauricular_crease_1
OTU_97.2367,Supragingival_plaque
OTU_97.2367,Stool_1
OTU_97.2367,Attached_Keratinized_gingiva
OTU_97.23670,Stool_1
OTU_97.23674,Buccal_mucosa
OTU_97.23674,Saliva
OTU_97.23674,Anterior_nares_1
OTU_97.23678,Right_Antecubital_fossa_1
OTU_97.23679,Supragingival_plaque
OTU_97.23679,Stool_1
OTU_97.23679,Saliva_1
OTU_97.23679,Throat
OTU_97.23679,Palatine_Tonsils_1
OTU_97.2368,Subgingival_plaque_1
OTU_97.2368,Left_Antecubital_fossa
OTU_97.2368,Anterior_nares_1
OTU_97.23680,Subgingival_plaque
OTU_97.23680,Attached_Keratinized_gingiva_1
OTU_97.23680,Right_Antecubital_fossa_1
OTU_97.2369,Hard_palate
OTU_97.2369,Attached_Keratinized_gingiva
OTU_97.23693,Attached_Keratinized_gingiva_1
OTU_97.23698,Subgingival_plaque
OTU_97.23698,Hard_palate_1
OTU_97.23698,Stool_1
OTU_97.23698,Palatine_Tonsils
OTU_97.23699,Tongue_dorsum
OTU_97.23699,Left_Retroauricular_crease
OTU_97.23699,Left_Antecubital_fossa
OTU_97.237,Tongue_dorsum
OTU_97.237,Right_Retroauricular_crease
OTU_97.23713,Subgingival_plaque_1
OTU_97.23717,Right_Retroauricular_crease_1
OTU_97.23717,Subgingival_plaque_1
OTU_97.23717,Throat_1
OTU_97.23719,Right_Retroauricular_crease_1
OTU_97.23719,Palatine_Tonsils
OTU_97.23719,Throat_1
OTU_97.23721,Right_Retroauricular_crease
OTU_97.23721,Right_Antecubital_fossa
OTU_97.23721,Subgingival_plaque_1
OTU_97.23721,Palatine_Tonsils
OTU_97.23721,Palatine_Tonsils_1
OTU_97.2373,Supragingival_plaque_1
OTU_97.23734,Hard_palate
OTU_97.23734,Stool
OTU_97.23739,Left_Antecubital_fossa_1
OTU_97.23739,Left_Retroauricular_crease_1
OTU_97.23746,Supragingival_plaque_1
OTU_97.23746,Subgingival_plaque_1
OTU_97.23748,Right_Retroauricular_crease
OTU_97.23755,Right_Antecubital_fossa
OTU_97.23755,Left_Retroauricular_crease
OTU_97.23755,Right_Antecubital_fossa_1
OTU_97.23758,Left_Retroauricular_crease
OTU_97.23758,Hard_palate
OTU_97.23758,Tongue_dorsum_1
OTU_97.23763,Supragingival_plaque_1
OTU_97.23763,Hard_palate_1
OTU_97.23765,Supragingival_plaque
OTU_97.23765,Throat
OTU_97.23765,Tongue_dorsum_1
OTU_97.23765,Anterior_nares_1
OTU_97.23769,Left_Retroauricular_crease
OTU_97.23769,Throat
OTU_97.23769,Tongue_dorsum_1
OTU_97.23770,Left_Antecubital_fossa_1
OTU_97.23770,Palatine_Tonsils_1
OTU_97.23770,Left_Retroauricular_crease_1
OTU_97.23770,Throat_1
OTU_97.23773,Left_Antecubital_fossa_1
OTU_97.23773,Hard_palate
OTU_97.23773,Stool_1
OTU_97.23773,Saliva_1
OTU_97.23780,Attached_Keratinized_gingiva_1
OTU_97.23780,Tongue_dorsum_1
OTU_97.23783,Supragingival_plaque_1
OTU_97.23783,Left_Antecubital_fossa_1
OTU_97.23783,Attached_Keratinized_gingiva
OTU_97.23783,Palatine_Tonsils_1
OTU_97.23783,Tongue_dorsum_1
OTU_97.23795,Right_Retroauricular_crease_1
OTU_97.23795,Supragingival_plaque
OTU_97.23795,Saliva
OTU_97.23795,Hard_palate
OTU_97.23796,Stool
OTU_97.23796,Subgingival_plaque_1
OTU_97.23796,Attached_Keratinized_gingiva
OTU_97.23796,Anterior_nares_1
OTU_97.23799,Buccal_mucosa
OTU_97.23799,Left_Retroauricular_crease
OTU_97.23799,Tongue_dorsum_1
OTU_97.23803,Subgingival_plaque_1
OTU_97.23803,Tongue_dorsum_1
OTU_97.23809,Palatine_Tonsils_1
OTU_97.23810,Attached_Keratinized_gingiva_1
OTU_97.23813,Supragingival_plaque_1
OTU_97.23813,Throat
OTU_97.23813,Anterior_nares
OTU_97.2382,Tongue_dorsum_1
OTU_97.2382,Right_Antecubital_fossa_1
OTU_97.23823,Tongue_dorsum
OTU_97.23823,Supragingival_plaque_1
OTU_97.23823,Left_Antecubital_fossa_1
OTU_97.23823,Stool_1
OTU_97.23823,Subgingival_plaque_1
OTU_97.23829,Hard_palate
OTU_97.23830,Subgingival_plaque
OTU_97.23830,Hard_palate
OTU_97.23830,Attached_Keratinized_gingiva
OTU_97.23830,Left_Antecubital_fossa
OTU_97.23830,Right_Antecubital_fossa_1
OTU_97.23830,Anterior_nares_1
OTU_97.23839,Buccal_mucosa
OTU_97.23839,Left_Antecubital_fossa_1
OTU_97.23839,Left_Retroauricular_crease_1
OTU_97.23839,Right_Antecubital_fossa_1
OTU_97.23840,Tongue_dorsum
OTU_97.23840,Right_Retroauricular_crease_1
OTU_97.23840,Hard_palate
OTU_97.23840,Buccal_mucosa_1
OTU_97.23840,Stool
OTU_97.23844,Right_Antecubital_fossa_1
OTU_97.23848,Tongue_dorsum
OTU_97.23848,Subgingival_plaque
OTU_97.23848,Anterior_nares
OTU_97.23848,Right_Antecubital_fossa_1
OTU_97.23850,Right_Retroauricular_crease_1
OTU_97.23850,Buccal_mucosa
OTU_97.23850,Attached_Keratinized_gingiva_1
OTU_97.23850,Subgingival_plaque_1
OTU_97.23850,Throat
OTU_97.23850,Left_Retroauricular_crease_1
OTU_97.23851,Supragingival_plaque_1
OTU_97.23851,Left_Antecubital_fossa_1
OTU_97.23851,Anterior_nares
OTU_97.23851,Throat_1
OTU_97.23853,Right_Retroauricular_crease
OTU_97.23854,Supragingival_plaque
OTU_97.23859,Palatine_Tonsils
OTU_97.23859,Left_Retroauricular_crease_1
OTU_97.23859,Left_Antecubital_fossa
OTU_97.23871,Throat_1
OTU_97.23874,Tongue_dorsum
OTU_97.23874,Tongue_dorsum_1
OTU_97.23876,Buccal_mucosa
OTU_97.23876,Hard_palate_1
OTU_97.23876,Anterior_nares
OTU_97.23876,Left_Antecubital_fossa
OTU_97.23877,Left_Retroauricular_crease_1
OTU_97.23882,Subgingival_plaque_1
OTU_97.23882,Palatine_Tonsils
OTU_97.23888,Left_Retroauricular_crease
OTU_97.23888,Hard_palate
OTU_97.23888,Tongue_dorsum_1
OTU_97.2389,Hard_palate
OTU_97.2389,Right_Antecubital_fossa_1
OTU_97.23892,Right_Retroauricular_crease_1
OTU_97.23892,Tongue_dorsum_1
OTU_97.23892,Throat_1
OTU_97.23894,Buccal_mucosa
OTU_97.23894,Hard_palate_1
OTU_97.23894,Buccal_mucosa_1
OTU_97.23894,Throat
OTU_97.23894,Throat_1
OTU_97.23904,Right_Retroauricular_crease
OTU_97.23915,Right_Antecubital_fossa
OTU_97.23915,Hard_palate_1
OTU_97.23915,Saliva_1
OTU_97.23915,Palatine_Tonsils
OTU_97.23918,Subgingival_plaque
OTU_97.23918,Stool
OTU_97.23918,Left_Antecubital_fossa
OTU_97.2392,Tongue_dorsum
OTU_97.2392,Right_Retroauricular_crease
OTU_97.2392,Subgingival_plaque_1
OTU_97.23923,Supragingival_plaque_1
OTU_97.23924,Palatine_Tonsils_1
OTU_97.23924,Anterior_nares
OTU_97.23924,Anterior_nares_1
OTU_97.23927,Supragingival_plaque_1
OTU_97.23927,Left_Antecubital_fossa_1
OTU_97.23927,Anterior_nares
OTU_97.2393,Stool
OTU_97.2393,Anterior_nares_1
OTU_97.23934,Hard_palate
OTU_97.23934,Left_Retroauricular_crease_1
OTU_97.23934,Anterior_nares_1
OTU_97.23936,Tongue_dorsum
OTU_97.23936,Hard_palate
OTU_97.23936,Throat
OTU_97.23937,Subgingival_plaque
OTU_97.23937,Buccal_mucosa
OTU_97.23937,Buccal_mucosa_1
OTU_97.23940,Tongue_dorsum
OTU_97.23940,Right_Antecubital_fossa
OTU_97.23940,Right_Antecubital_fossa_1
OTU_97.2395,Throat_1
OTU_97.23952,Right_Antecubital_fossa
OTU_97.23952,Attached_Keratinized_gingiva_1
OTU_97.23952,Stool_1
OTU_97.23952,Throat
OTU_97.23953,Supragingival_plaque_1
OTU_97.23953,Saliva
OTU_97.23953,Subgingival_plaque_1
OTU_97.23953,Throat
OTU_97.23953,Anterior_nares
OTU_97.23953,Right_Antecubital_fossa_1
OTU_97.23959,Attached_Keratinized_gingiva
OTU_97.2396,Right_Retroauricular_crease_1
OTU_97.2396,Left_Antecubital_fossa_1
OTU_97.23960,Palatine_Tonsils
OTU_97.23960,Palatine_Tonsils_1
OTU_97.23960,Left_Antecubital_fossa
OTU_97.23962,Throat
OTU_97.23962,Palatine_Tonsils_1
OTU_97.23962,Anterior_nares
OTU_97.23966,Right_Retroauricular_crease
OTU_97.23966,Attached_Keratinized_gingiva_1
OTU_97.23966,Hard_palate
OTU_97.23966,Right_Antecubital_fossa_1
OTU_97.23971,Tongue_dorsum
OTU_97.23977,Left_Antecubital_fossa_1
OTU_97.23982,Palatine_Tonsils
OTU_97.23982,Attached_Keratinized_gingiva
OTU_97.23983,Tongue_dorsum
OTU_97.23985,Attached_Keratinized_gingiva
OTU_97.23985,Left_Retroauricular_crease_1
OTU_97.23987,Saliva
OTU_97.23990,Throat
OTU_97.23990,Right_Antecubital_fossa_1
OTU_97.23994,Supragingival_plaque_1
OTU_97.23994,Buccal_mucosa_1
OTU_97.24,Right_Retroauricular_crease_1
OTU_97.24,Hard_palate_1
OTU_97.24,Stool
OTU_97.240,Tongue_dorsum
OTU_97.24004,Stool
OTU_97.24004,Palatine_Tonsils
OTU_97.24004,Palatine_Tonsils_1
OTU_97.24004,Anterior_nares
OTU_97.2401,Hard_palate
OTU_97.2401,Saliva_1
OTU_97.2401,Palatine_Tonsils
OTU_97.2401,Anterior_nares_1
OTU_97.24021,Saliva
OTU_97.24021,Left_Antecubital_fossa_1
OTU_97.24021,Right_Antecubital_fossa_1
OTU_97.24024,Right_Antecubital_fossa
OTU_97.24024,Anterior_nares
OTU_97.24027,Buccal_mucosa
OTU_97.24027,Left_Antecubital_fossa_1
OTU_97.24027,Right_Antecubital_fossa_1
OTU_97.2403,Right_Retroauricular_crease_1
OTU_97.2403,Attached_Keratinized_gingiva
OTU_97.24030,Tongue_dorsum
OTU_97.24030,Saliva_1
OTU_97.24032,Right_Antecubital_fossa_1
OTU_97.24040,Right_Retroauricular_crease
OTU_97.24040,Palatine_Tonsils
OTU_97.24040,Throat_1
OTU_97.24043,Tongue_dorsum_1
OTU_97.24046,Tongue_dorsum
OTU_97.24046,Subgingival_plaque
OTU_97.24046,Saliva_1
OTU_97.24046,Right_Antecubital_fossa_1
OTU_97.24047,Buccal_mucosa
OTU_97.24047,Buccal_mucosa_1
OTU_97.24055,Saliva_1
OTU_97.24055,Throat
OTU_97.24069,Stool_1
OTU_97.24069,Subgingival_plaque_1
OTU_97.24069,Anterior_nares
OTU_97.2407,Buccal_mucosa
OTU_97.2407,Palatine_Tonsils
OTU_97.24074,Left_Retroauricular_crease
OTU_97.24074,Anterior_nares_1
OTU_97.24078,Throat
OTU_97.24082,Palatine_Tonsils_1
OTU_97.24082,Tongue_dorsum_1
OTU_97.24085,Attached_Keratinized_gingiva
OTU_97.24085,Anterior_nares
OTU_97.24085,Left_Antecubital_fossa
OTU_97.24091,Throat
OTU_97.24093,Left_Antecubital_fossa_1
OTU_97.24093,Left_Retroauricular_crease
OTU_97.24093,Attached_Keratinized_gingiva_1
OTU_97.24093,Saliva_1
OTU_97.24093,Palatine_Tonsils_1
OTU_97.241,Right_Antecubital_fossa
OTU_97.241,Hard_palate_1
OTU_97.241,Palatine_Tonsils_1
OTU_97.241,Right_Antecubital_fossa_1
OTU_97.24109,Subgingival_plaque
OTU_97.24110,Left_Antecubital_fossa_1
OTU_97.24110,Attached_Keratinized_gingiva_1
OTU_97.24114,Buccal_mucosa_1
OTU_97.24116,Saliva_1
OTU_97.24116,Left_Antecubital_fossa
OTU_97.24117,Right_Retroauricular_crease_1
OTU_97.24117,Palatine_Tonsils
OTU_97.24117,Anterior_nares
OTU_97.24118,Tongue_dorsum
OTU_97.24118,Left_Antecubital_fossa
OTU_97.24118,Tongue_dorsum_1
OTU_97.24119,Subgingival_plaque
OTU_97.24119,Stool
OTU_97.24119,Left_Antecubital_fossa
OTU_97.24122,Supragingival_plaque_1
OTU_97.24122,Attached_Keratinized_gingiva
OTU_97.24122,Tongue_dorsum_1
OTU_97.24131,Left_Retroauricular_crease_1
OTU_97.24131,Tongue_dorsum_1
OTU_97.24131,Right_Antecubital_fossa_1
OTU_97.24132,Attached_Keratinized_gingiva_1
OTU_97.24133,Supragingival_plaque
OTU_97.24133,Attached_Keratinized_gingiva
OTU_97.24133,Anterior_nares
OTU_97.24137,Supragingival_plaque_1
OTU_97.24137,Tongue_dorsum_1
OTU_97.24141,Stool_1
OTU_97.24141,Subgingival_plaque_1
OTU_97.24141,Left_Antecubital_fossa
OTU_97.24145,Saliva_1
OTU_97.24145,Anterior_nares_1
OTU_97.2415,Tongue_dorsum
OTU_97.2415,Tongue_dorsum_1
OTU_97.24158,Anterior_nares_1
OTU_97.24159,Tongue_dorsum
OTU_97.24159,Supragingival_plaque
OTU_97.24159,Left_Antecubital_fossa_1
OTU_97.2416,Left_Antecubital_fossa_1
OTU_97.24169,Right_Antecubital_fossa
OTU_97.24169,Left_Retroauricular_crease
OTU_97.24169,Hard_palate_1
OTU_97.24169,Palatine_Tonsils
OTU_97.24169,Left_Antecubital_fossa
OTU_97.2417,Saliva
OTU_97.2417,Saliva_1
OTU_97.2417,Palatine_Tonsils_1
OTU_97.24173,Left_Antecubital_fossa_1
OTU_97.24173,Stool_1
OTU_97.24173,Subgingival_plaque_1
OTU_97.24173,Throat
OTU_97.24173,Tongue_dorsum_1
OTU_97.24173,Right_Antecubital_fossa_1
OTU_97.24188,Buccal_mucosa
OTU_97.24188,Left_Retroauricular_crease
OTU_97.24188,Stool_1
OTU_97.24198,Attached_Keratinized_gingiva
OTU_97.24198,Anterior_nares
OTU_97.24203,Supragingival_plaque
OTU_97.24203,Left_Antecubital_fossa
OTU_97.24203,Anterior_nares_1
OTU_97.24207,Tongue_dorsum
OTU_97.24207,Throat
OTU_97.24207,Attached_Keratinized_gingiva
OTU_97.24207,Throat_1
OTU_97.24213,Subgingival_plaque_1
OTU_97.24213,Attached_Keratinized_gingiva
OTU_97.24213,Tongue_dorsum_1
OTU_97.2422,Palatine_Tonsils
OTU_97.2422,Right_Antecubital_fossa_1
OTU_97.24220,Subgingival_plaque_1
OTU_97.24220,Attached_Keratinized_gingiva
OTU_97.24222,Supragingival_plaque
OTU_97.24222,Hard_palate_1
OTU_97.24222,Buccal_mucosa_1
OTU_97.24222,Stool_1
OTU_97.24222,Attached_Keratinized_gingiva
OTU_97.24222,Anterior_nares
OTU_97.24228,Supragingival_plaque
OTU_97.24228,Right_Retroauricular_crease
OTU_97.24228,Right_Antecubital_fossa
OTU_97.24229,Saliva
OTU_97.24229,Stool
OTU_97.2423,Attached_Keratinized_gingiva_1
OTU_97.2423,Anterior_nares
OTU_97.2423,Tongue_dorsum_1
OTU_97.24237,Stool_1
OTU_97.24237,Attached_Keratinized_gingiva
OTU_97.24237,Tongue_dorsum_1
OTU_97.24239,Supragingival_plaque_1
OTU_97.24239,Left_Retroauricular_crease
OTU_97.24239,Hard_palate
OTU_97.24239,Subgingival_plaque_1
OTU_97.24244,Left_Antecubital_fossa_1
OTU_97.24244,Hard_palate_1
OTU_97.24244,Anterior_nares_1
OTU_97.24251,Supragingival_plaque
OTU_97.24251,Left_Antecubital_fossa_1
OTU_97.24251,Subgingival_plaque_1
OTU_97.24251,Left_Retroauricular_crease_1
OTU_97.24252,Buccal_mucosa_1
OTU_97.24252,Throat
OTU_97.24252,Palatine_Tonsils_1
OTU_97.24270,Right_Retroauricular_crease_1
OTU_97.24270,Right_Antecubital_fossa
OTU_97.24274,Saliva_1
OTU_97.24274,Right_Antecubital_fossa_1
OTU_97.24276,Left_Retroauricular_crease
OTU_97.24276,Anterior_nares_1
OTU_97.24277,Supragingival_plaque_1
OTU_97.24277,Right_Retroauricular_crease
OTU_97.24277,Left_Retroauricular_crease
OTU_97.24277,Stool
OTU_97.24277,Subgingival_plaque_1
OTU_97.24278,Right_Retroauricular_crease_1
OTU_97.24278,Buccal_mucosa
OTU_97.24278,Hard_palate
OTU_97.24278,Tongue_dorsum_1
OTU_97.2428,Tongue_dorsum
OTU_97.2428,Attached_Keratinized_gingiva_1
OTU_97.2428,Anterior_nares
OTU_97.24281,Supragingival_plaque
OTU_97.24281,Left_Antecubital_fossa_1
OTU_97.24292,Palatine_Tonsils
OTU_97.24292,Throat
OTU_97.24294,Tongue_dorsum
OTU_97.24294,Throat
OTU_97.24296,Buccal_mucosa
OTU_97.24296,Hard_palate
OTU_97.24296,Stool
OTU_97.24297,Attached_Keratinized_gingiva_1
OTU_97.24297,Saliva_1
OTU_97.24297,Left_Antecubital_fossa
OTU_97.24298,Stool_1
OTU_97.24299,Left_Antecubital_fossa_1
OTU_97.24299,Throat
OTU_97.24299,Attached_Keratinized_gingiva
OTU_97.2430,Attached_Keratinized_gingiva_1
OTU_97.2430,Hard_palate
OTU_97.2430,Subgingival_plaque_1
OTU_97.2430,Throat
OTU_97.24303,Right_Retroauricular_crease_1
OTU_97.24303,Hard_palate
OTU_97.24303,Throat
OTU_97.24303,Right_Antecubital_fossa_1
OTU_97.24305,Right_Antecubital_fossa
OTU_97.24305,Palatine_Tonsils
OTU_97.24307,Saliva
OTU_97.24307,Attached_Keratinized_gingiva
OTU_97.24307,Tongue_dorsum_1
OTU_97.24307,Throat_1
OTU_97.24312,Left_Retroauricular_crease_1
OTU_97.24315,Subgingival_plaque
OTU_97.24315,Supragingival_plaque_1
OTU_97.24315,Attached_Keratinized_gingiva_1
OTU_97.24315,Subgingival_plaque_1
OTU_97.24315,Saliva_1
OTU_97.24315,Palatine_Tonsils
OTU_97.24315,Left_Antecubital_fossa
OTU_97.24323,Left_Antecubital_fossa_1
OTU_97.24323,Stool_1
OTU_97.24323,Anterior_nares
OTU_97.24329,Supragingival_plaque_1
OTU_97.24332,Buccal_mucosa_1
OTU_97.24332,Tongue_dorsum_1
OTU_97.24335,Attached_Keratinized_gingiva_1
OTU_97.24335,Anterior_nares
OTU_97.24338,Buccal_mucosa_1
OTU_97.24338,Left_Retroauricular_crease_1
OTU_97.24339,Right_Retroauricular_crease_1
OTU_97.24339,Supragingival_plaque_1
OTU_97.24339,Tongue_dorsum_1
OTU_97.24341,Tongue_dorsum
OTU_97.24341,Left_Antecubital_fossa_1
OTU_97.24341,Right_Antecubital_fossa
OTU_97.24352,Left_Retroauricular_crease
OTU_97.24352,Hard_palate_1
OTU_97.24352,Buccal_mucosa_1
OTU_97.24355,Saliva_1
OTU_97.24355,Palatine_Tonsils_1
OTU_97.24355,Left_Antecubital_fossa
OTU_97.24356,Saliva
OTU_97.24356,Throat_1
OTU_97.24357,Hard_palate_1
OTU_97.24357,Stool_1
OTU_97.24365,Right_Retroauricular_crease_1
OTU_97.24365,Left_Retroauricular_crease
OTU_97.24365,Attached_Keratinized_gingiva_1
OTU_97.24365,Throat
OTU_97.24365,Tongue_dorsum_1
OTU_97.24366,Subgingival_plaque
OTU_97.24366,Right_Antecubital_fossa_1
OTU_97.24371,Supragingival_plaque_1
OTU_97.24371,Tongue_dorsum_1
OTU_97.24373,Supragingival_plaque_1
OTU_97.24373,Attached_Keratinized_gingiva_1
OTU_97.24373,Attached_Keratinized_gingiva
OTU_97.24373,Right_Antecubital_fossa_1
OTU_97.24377,Right_Antecubital_fossa
OTU_97.24377,Subgingival_plaque_1
OTU_97.24377,Right_Antecubital_fossa_1
OTU_97.24377,Throat_1
OTU_97.24386,Left_Retroauricular_crease
OTU_97.24386,Hard_palate
OTU_97.24387,Palatine_Tonsils_1
OTU_97.24387,Tongue_dorsum_1
OTU_97.24389,Supragingival_plaque_1
OTU_97.24389,Buccal_mucosa
OTU_97.24389,Palatine_Tonsils
OTU_97.24398,Buccal_mucosa
OTU_97.24398,Right_Retroauricular_crease
OTU_97.24398,Attached_Keratinized_gingiva_1
OTU_97.24398,Right_Antecubital_fossa_1
OTU_97.24399,Right_Retroauricular_crease
OTU_97.24399,Palatine_Tonsils_1
OTU_97.24399,Throat_1
OTU_97.2440,Palatine_Tonsils
OTU_97.2440,Right_Antecubital_fossa_1
OTU_97.2440,Anterior_nares_1
OTU_97.24400,Left_Antecubital_fossa_1
OTU_97.24400,Attached_Keratinized_gingiva
OTU_97.24400,Anterior_nares
OTU_97.24400,Tongue_dorsum_1
OTU_97.24400,Throat_1
OTU_97.24400,Anterior_nares_1
OTU_97.24418,Right_Retroauricular_crease_1
OTU_97.24418,Left_Antecubital_fossa_1
OTU_97.24418,Right_Antecubital_fossa
OTU_97.24418,Left_Retroauricular_crease
OTU_97.24418,Left_Antecubital_fossa
OTU_97.24424,Attached_Keratinized_gingiva
OTU_97.24424,Palatine_Tonsils_1
OTU_97.24424,Left_Retroauricular_crease_1
OTU_97.24424,Throat_1
OTU_97.24425,Right_Retroauricular_crease_1
OTU_97.24425,Throat
OTU_97.24427,Palatine_Tonsils_1
OTU_97.2443,Buccal_mucosa
OTU_97.2443,Attached_Keratinized_gingiva
OTU_97.24430,Tongue_dorsum
OTU_97.24430,Hard_palate_1
OTU_97.24430,Tongue_dorsum_1
OTU_97.24431,Tongue_dorsum
OTU_97.24431,Hard_palate
OTU_97.24431,Saliva_1
OTU_97.24435,Right_Retroauricular_crease_1
OTU_97.24435,Saliva_1
OTU_97.24435,Attached_Keratinized_gingiva
OTU_97.24435,Throat_1
OTU_97.24437,Supragingival_plaque_1
OTU_97.24437,Saliva
OTU_97.24437,Subgingival_plaque_1
OTU_97.24437,Attached_Keratinized_gingiva
OTU_97.24443,Supragingival_plaque_1
OTU_97.24443,Throat
OTU_97.24447,Supragingival_plaque_1
OTU_97.24447,Hard_palate_1
OTU_97.24447,Left_Retroauricular_crease_1
OTU_97.24448,Right_Retroauricular_crease
OTU_97.24448,Hard_palate
OTU_97.24448,Hard_palate_1
OTU_97.24448,Throat_1
OTU_97.24458,Right_Retroauricular_crease
OTU_97.24462,Supragingival_plaque_1
OTU_97.24462,Hard_palate
OTU_97.24462,Right_Antecubital_fossa_1
OTU_97.24469,Right_Antecubital_fossa
OTU_97.24469,Hard_palate
OTU_97.24469,Left_Retroauricular_crease_1
OTU_97.24471,Subgingival_plaque
OTU_97.24471,Supragingival_plaque_1
OTU_97.24471,Buccal_mucosa
OTU_97.24471,Attached_Keratinized_gingiva_1
OTU_97.24472,Subgingival_plaque
OTU_97.24472,Hard_palate_1
OTU_97.24472,Stool_1
OTU_97.24472,Left_Retroauricular_crease_1
OTU_97.24476,Left_Antecubital_fossa_1
OTU_97.24476,Palatine_Tonsils_1
OTU_97.24476,Tongue_dorsum_1
OTU_97.24494,Buccal_mucosa
OTU_97.24494,Anterior_nares_1
OTU_97.24495,Supragingival_plaque_1
OTU_97.24495,Right_Retroauricular_crease
OTU_97.24495,Hard_palate_1
OTU_97.24495,Buccal_mucosa_1
OTU_97.24496,Supragingival_plaque
OTU_97.245,Supragingival_plaque_1
OTU_97.245,Anterior_nares_1
OTU_97.24502,Tongue_dorsum
OTU_97.24502,Buccal_mucosa
OTU_97.24502,Palatine_Tonsils_1
OTU_97.24504,Subgingival_plaque
OTU_97.24504,Left_Retroauricular_crease
OTU_97.24504,Throat_1
OTU_97.2451,Tongue_dorsum
OTU_97.2451,Buccal_mucosa
OTU_97.2451,Left_Antecubital_fossa_1
OTU_97.2451,Stool
OTU_97.24515,Attached_Keratinized_gingiva_1
OTU_97.24515,Stool
OTU_97.24517,Left_Retroauricular_crease
OTU_97.24517,Hard_palate
OTU_97.24517,Hard_palate_1
OTU_97.24517,Throat
OTU_97.24523,Hard_palate
OTU_97.24523,Stool_1
OTU_97.24523,Tongue_dorsum_1
OTU_97.24528,Saliva
OTU_97.24528,Anterior_nares
OTU_97.24544,Tongue_dorsum
OTU_97.24544,Right_Retroauricular_crease_1
OTU_97.24544,Supragingival_plaque
OTU_97.24544,Anterior_nares
OTU_97.24547,Right_Retroauricular_crease
OTU_97.24547,Attached_Keratinized_gingiva
OTU_97.2455,Anterior_nares
OTU_97.2455,Tongue_dorsum_1
OTU_97.24554,Throat_1
OTU_97.24563,Right_Retroauricular_crease_1
OTU_97.24563,Saliva
OTU_97.24563,Saliva_1
OTU_97.24563,Throat
OTU_97.24563,Left_Antecubital_fossa
OTU_97.24563,Right_Antecubital_fossa_1
OTU_97.24572,Stool_1
OTU_97.24572,Right_Antecubital_fossa_1
OTU_97.24574,Stool
OTU_97.2458,Right_Retroauricular_crease_1
OTU_97.2458,Buccal_mucosa_1
OTU_97.2458,Throat
OTU_97.24586,Buccal_mucosa
OTU_97.24586,Hard_palate_1
OTU_97.24586,Stool_1
OTU_97.24586,Palatine_Tonsils
OTU_97.24586,Palatine_Tonsils_1
OTU_97.24586,Anterior_nares
OTU_97.24586,Anterior_nares_1
OTU_97.24587,Buccal_mucosa
OTU_97.2459,Saliva
OTU_97.2459,Right_Retroauricular_crease
OTU_97.2459,Attached_Keratinized_gingiva_1
OTU_97.2459,Stool
OTU_97.2459,Anterior_nares
OTU_97.2460,Stool
OTU_97.2460,Stool_1
OTU_97.24601,Right_Antecubital_fossa_1
OTU_97.24601,Throat_1
OTU_97.24604,Tongue_dorsum_1
OTU_97.24604,Right_Antecubital_fossa_1
OTU_97.24607,Buccal_mucosa_1
OTU_97.24607,Palatine_Tonsils_1
OTU_97.2461,Buccal_mucosa
OTU_97.2461,Left_Antecubital_fossa_1
OTU_97.2461,Left_Antecubital_fossa
OTU_97.24615,Hard_palate_1
OTU_97.2463,Palatine_Tonsils_1
OTU_97.2463,Throat_1
OTU_97.24631,Buccal_mucosa_1
OTU_97.24631,Palatine_Tonsils
OTU_97.24631,Throat
OTU_97.24632,Right_Antecubital_fossa
OTU_97.24632,Buccal_mucosa_1
OTU_97.24632,Palatine_Tonsils
OTU_97.24638,Right_Antecubital_fossa
OTU_97.24644,Hard_palate
OTU_97.24644,Anterior_nares_1
OTU_97.24645,Supragingival_plaque
OTU_97.24645,Stool
OTU_97.24647,Saliva_1
OTU_97.24647,Palatine_Tonsils
OTU_97.24649,Supragingival_plaque
OTU_97.24649,Left_Retroauricular_crease_1
OTU_97.24649,Tongue_dorsum_1
OTU_97.24650,Left_Antecubital_fossa_1
OTU_97.24650,Saliva_1
OTU_97.24650,Left_Antecubital_fossa
OTU_97.24656,Left_Antecubital_fossa_1
OTU_97.24656,Right_Retroauricular_crease
OTU_97.24656,Saliva_1
OTU_97.24656,Left_Retroauricular_crease_1
OTU_97.24657,Right_Retroauricular_crease
OTU_97.24658,Attached_Keratinized_gingiva
OTU_97.24658,Left_Retroauricular_crease_1
OTU_97.24658,Right_Antecubital_fossa_1
OTU_97.24659,Buccal_mucosa_1
OTU_97.24659,Throat_1
OTU_97.24660,Tongue_dorsum
OTU_97.24662,Right_Antecubital_fossa
OTU_97.24662,Buccal_mucosa_1
OTU_97.24670,Right_Retroauricular_crease_1
OTU_97.24670,Left_Retroauricular_crease_1
OTU_97.24679,Left_Antecubital_fossa_1
OTU_97.24679,Stool
OTU_97.24679,Palatine_Tonsils_1
OTU_97.2468,Left_Antecubital_fossa_1
OTU_97.2468,Right_Retroauricular_crease
OTU_97.2468,Saliva_1
OTU_97.24681,Tongue_dorsum
OTU_97.24681,Subgingival_plaque_1
OTU_97.24681,Throat
OTU_97.24682,Tongue_dorsum
OTU_97.24682,Subgingival_plaque
OTU_97.24682,Supragingival_plaque_1
OTU_97.24682,Hard_palate
OTU_97.24682,Left_Antecubital_fossa
OTU_97.24684,Buccal_mucosa_1
OTU_97.24686,Right_Retroauricular_crease_1
OTU_97.24686,Buccal_mucosa_1
OTU_97.24688,Attached_Keratinized_gingiva_1
OTU_97.24688,Palatine_Tonsils
OTU_97.24689,Right_Retroauricular_crease_1
OTU_97.24689,Buccal_mucosa
OTU_97.24689,Hard_palate
OTU_97.24689,Palatine_Tonsils_1
OTU_97.24689,Right_Antecubital_fossa_1
OTU_97.24691,Right_Antecubital_fossa
OTU_97.24694,Right_Antecubital_fossa
OTU_97.24695,Buccal_mucosa
OTU_97.24695,Right_Antecubital_fossa
OTU_97.24695,Stool
OTU_97.24695,Saliva_1
OTU_97.24695,Anterior_nares
OTU_97.24695,Throat_1
OTU_97.2470,Hard_palate
OTU_97.2470,Buccal_mucosa_1
OTU_97.24701,Right_Retroauricular_crease_1
OTU_97.24701,Left_Retroauricular_crease
OTU_97.24703,Stool
OTU_97.24703,Subgingival_plaque_1
OTU_97.24705,Tongue_dorsum
OTU_97.24705,Left_Antecubital_fossa_1
OTU_97.24705,Right_Antecubital_fossa
OTU_97.24705,Throat
OTU_97.24708,Tongue_dorsum
OTU_97.24708,Saliva_1
OTU_97.24708,Palatine_Tonsils_1
OTU_97.24708,Anterior_nares
OTU_97.24709,Right_Antecubital_fossa
OTU_97.24709,Left_Retroauricular_crease
OTU_97.24709,Attached_Keratinized_gingiva
OTU_97.24712,Right_Retroauricular_crease_1
OTU_97.24712,Buccal_mucosa
OTU_97.24712,Attached_Keratinized_gingiva_1
OTU_97.24715,Buccal_mucosa_1
OTU_97.24715,Stool_1
OTU_97.24715,Attached_Keratinized_gingiva
OTU_97.24715,Left_Retroauricular_crease_1
OTU_97.24715,Tongue_dorsum_1
OTU_97.24715,Throat_1
OTU_97.24729,Right_Retroauricular_crease
OTU_97.24729,Palatine_Tonsils
OTU_97.24729,Palatine_Tonsils_1
OTU_97.24729,Throat_1
OTU_97.2473,Tongue_dorsum_1
OTU_97.24731,Left_Retroauricular_crease
OTU_97.24731,Throat
OTU_97.24731,Tongue_dorsum_1
OTU_97.24734,Hard_palate_1
OTU_97.24734,Attached_Keratinized_gingiva
OTU_97.24734,Palatine_Tonsils_1
OTU_97.24735,Left_Retroauricular_crease
OTU_97.24735,Buccal_mucosa_1
OTU_97.24735,Tongue_dorsum_1
OTU_97.24739,Stool_1
OTU_97.24739,Right_Antecubital_fossa_1
OTU_97.24747,Saliva
OTU_97.24747,Buccal_mucosa_1
OTU_97.24753,Saliva_1
OTU_97.24757,Stool_1
OTU_97.24757,Attached_Keratinized_gingiva
OTU_97.24757,Anterior_nares
OTU_97.2476,Saliva
OTU_97.2476,Stool
OTU_97.2476,Palatine_Tonsils_1
OTU_97.24761,Tongue_dorsum
OTU_97.24761,Supragingival_plaque_1
OTU_97.24761,Stool_1
OTU_97.24761,Palatine_Tonsils
OTU_97.24761,Anterior_nares_1
OTU_97.24766,Right_Retroauricular_crease_1
OTU_97.24766,Throat_1
OTU_97.2477,Right_Antecubital_fossa_1
OTU_97.24776,Subgingival_plaque_1
OTU_97.24777,Subgingival_plaque_1
OTU_97.24789,Subgingival_plaque
OTU_97.24789,Palatine_Tonsils
OTU_97.24792,Supragingival_plaque
OTU_97.24792,Stool
OTU_97.24795,Subgingival_plaque
OTU_97.24795,Supragingival_plaque
OTU_97.24795,Right_Antecubital_fossa
OTU_97.24795,Hard_palate
OTU_97.24795,Subgingival_plaque_1
OTU_97.24795,Attached_Keratinized_gingiva
OTU_97.24803,Palatine_Tonsils
OTU_97.24803,Palatine_Tonsils_1
OTU_97.24803,Throat_1
OTU_97.24807,Supragingival_plaque_1
OTU_97.24807,Anterior_nares_1
OTU_97.24810,Tongue_dorsum
OTU_97.24810,Left_Antecubital_fossa_1
OTU_97.24810,Right_Retroauricular_crease
OTU_97.24810,Stool_1
OTU_97.24810,Throat
OTU_97.24810,Right_Antecubital_fossa_1
OTU_97.24812,Buccal_mucosa
OTU_97.24812,Anterior_nares
OTU_97.24813,Tongue_dorsum
OTU_97.24813,Supragingival_plaque
OTU_97.24816,Supragingival_plaque
OTU_97.2482,Supragingival_plaque_1
OTU_97.2482,Supragingival_plaque
OTU_97.2482,Palatine_Tonsils_1
OTU_97.24827,Buccal_mucosa
OTU_97.24827,Right_Retroauricular_crease
OTU_97.24827,Subgingival_plaque_1
OTU_97.24827,Anterior_nares_1
OTU_97.24835,Tongue_dorsum
OTU_97.24835,Right_Antecubital_fossa
OTU_97.24835,Hard_palate_1
OTU_97.24835,Attached_Keratinized_gingiva
OTU_97.24836,Left_Retroauricular_crease
OTU_97.24836,Anterior_nares_1
OTU_97.24839,Tongue_dorsum
OTU_97.24839,Right_Antecubital_fossa
OTU_97.24839,Left_Retroauricular_crease
OTU_97.24839,Hard_palate_1
OTU_97.24839,Stool_1
OTU_97.24841,Hard_palate
OTU_97.24844,Hard_palate_1
OTU_97.24844,Attached_Keratinized_gingiva
OTU_97.24844,Anterior_nares
OTU_97.2485,Hard_palate
OTU_97.24853,Right_Antecubital_fossa
OTU_97.24853,Saliva_1
OTU_97.24853,Palatine_Tonsils
OTU_97.24853,Anterior_nares_1
OTU_97.24854,Subgingival_plaque
OTU_97.24854,Left_Retroauricular_crease
OTU_97.24854,Tongue_dorsum_1
OTU_97.24861,Subgingival_plaque_1
OTU_97.24861,Attached_Keratinized_gingiva
OTU_97.24867,Saliva
OTU_97.2487,Attached_Keratinized_gingiva_1
OTU_97.24872,Right_Retroauricular_crease
OTU_97.24872,Attached_Keratinized_gingiva_1
OTU_97.24872,Palatine_Tonsils_1
OTU_97.24880,Stool_1
OTU_97.24882,Left_Retroauricular_crease
OTU_97.24882,Left_Antecubital_fossa
OTU_97.24882,Anterior_nares_1
OTU_97.24884,Right_Antecubital_fossa
OTU_97.24885,Right_Retroauricular_crease
OTU_97.24888,Hard_palate_1
OTU_97.24888,Stool_1
OTU_97.24888,Subgingival_plaque_1
OTU_97.24888,Saliva_1
OTU_97.24888,Left_Antecubital_fossa
OTU_97.24890,Subgingival_plaque
OTU_97.24890,Buccal_mucosa
OTU_97.24890,Supragingival_plaque
OTU_97.24890,Attached_Keratinized_gingiva_1
OTU_97.24890,Left_Retroauricular_crease_1
OTU_97.24892,Saliva_1
OTU_97.24892,Throat_1
OTU_97.24895,Right_Antecubital_fossa
OTU_97.24895,Hard_palate_1
OTU_97.24895,Buccal_mucosa_1
OTU_97.24895,Subgingival_plaque_1
OTU_97.24899,Left_Retroauricular_crease_1
OTU_97.2490,Tongue_dorsum
OTU_97.24904,Subgingival_plaque
OTU_97.24904,Supragingival_plaque_1
OTU_97.24904,Buccal_mucosa
OTU_97.24904,Saliva
OTU_97.24905,Supragingival_plaque_1
OTU_97.24905,Saliva_1
OTU_97.24905,Left_Antecubital_fossa
OTU_97.24907,Saliva
OTU_97.24907,Tongue_dorsum_1
OTU_97.24916,Stool_1
OTU_97.24916,Throat
OTU_97.24918,Left_Antecubital_fossa_1
OTU_97.24918,Left_Retroauricular_crease
OTU_97.24918,Left_Retroauricular_crease_1
OTU_97.24918,Tongue_dorsum_1
OTU_97.24922,Right_Antecubital_fossa
OTU_97.24922,Hard_palate_1
OTU_97.24922,Throat
OTU_97.24922,Throat_1
OTU_97.24923,Right_Retroauricular_crease
OTU_97.24923,Hard_palate_1
OTU_97.24923,Stool
OTU_97.24923,Subgingival_plaque_1
OTU_97.24925,Throat
OTU_97.2493,Anterior_nares_1
OTU_97.24930,Buccal_mucosa_1
OTU_97.24930,Stool_1
OTU_97.2494,Subgingival_plaque_1
OTU_97.2494,Tongue_dorsum_1
OTU_97.24951,Subgingival_plaque
OTU_97.24951,Attached_Keratinized_gingiva_1
OTU_97.24951,Stool
OTU_97.24951,Palatine_Tonsils_1
OTU_97.24957,Right_Retroauricular_crease_1
OTU_97.24957,Buccal_mucosa
OTU_97.24957,Hard_palate_1
OTU_97.24957,Throat_1
OTU_97.24960,Right_Retroauricular_crease_1
OTU_97.24960,Palatine_Tonsils_1
OTU_97.24961,Stool
OTU_97.24961,Attached_Keratinized_gingiva
OTU_97.24961,Anterior_nares_1
OTU_97.24963,Tongue_dorsum
OTU_97.24963,Subgingival_plaque
OTU_97.24963,Supragingival_plaque
OTU_97.24963,Hard_palate
OTU_97.24963,Anterior_nares
OTU_97.24967,Right_Retroauricular_crease_1
OTU_97.24967,Left_Antecubital_fossa
OTU_97.24968,Buccal_mucosa
OTU_97.24968,Attached_Keratinized_gingiva_1
OTU_97.24972,Right_Antecubital_fossa
OTU_97.24972,Buccal_mucosa_1
OTU_97.24972,Saliva_1
OTU_97.24972,Left_Antecubital_fossa
OTU_97.24972,Tongue_dorsum_1
OTU_97.24973,Hard_palate
OTU_97.24977,Subgingival_plaque
OTU_97.24977,Stool
OTU_97.24978,Hard_palate
OTU_97.24978,Stool_1
OTU_97.24978,Palatine_Tonsils_1
OTU_97.24984,Subgingival_plaque
OTU_97.24984,Left_Antecubital_fossa_1
OTU_97.24984,Right_Retroauricular_crease
OTU_97.24984,Attached_Keratinized_gingiva_1
OTU_97.24984,Palatine_Tonsils_1
OTU_97.24986,Supragingival_plaque_1
OTU_97.24986,Anterior_nares_1
OTU_97.24989,Hard_palate
OTU_97.24989,Right_Antecubital_fossa_1
OTU_97.24990,Saliva
OTU_97.24990,Stool_1
OTU_97.24990,Left_Retroauricular_crease_1
OTU_97.24993,Tongue_dorsum
OTU_97.24993,Subgingival_plaque
OTU_97.24993,Stool
OTU_97.24993,Tongue_dorsum_1
OTU_97.24998,Tongue_dorsum
OTU_97.24998,Tongue_dorsum_1
OTU_97.24998,Right_Antecubital_fossa_1
OTU_97.25,Attached_Keratinized_gingiva_1
OTU_97.25,Subgingival_plaque_1
OTU_97.25,Palatine_Tonsils
OTU_97.2500,Hard_palate
OTU_97.2500,Saliva_1
OTU_97.2500,Left_Antecubital_fossa
OTU_97.25005,Tongue_dorsum
OTU_97.25005,Stool_1
OTU_97.25005,Throat
OTU_97.25005,Anterior_nares_1
OTU_97.25019,Palatine_Tonsils
OTU_97.25019,Left_Antecubital_fossa
OTU_97.25019,Tongue_dorsum_1
OTU_97.25019,Throat_1
OTU_97.25022,Buccal_mucosa
OTU_97.25022,Saliva
OTU_97.25022,Subgingival_plaque_1
OTU_97.25022,Attached_Keratinized_gingiva
OTU_97.25023,Left_Antecubital_fossa_1
OTU_97.25023,Hard_palate_1
OTU_97.25023,Attached_Keratinized_gingiva
OTU_97.25023,Tongue_dorsum_1
OTU_97.25023,Throat_1
OTU_97.25034,Left_Antecubital_fossa_1
OTU_97.25034,Buccal_mucosa_1
OTU_97.25041,Saliva_1
OTU_97.25041,Tongue_dorsum_1
OTU_97.25048,Right_Retroauricular_crease
OTU_97.25048,Hard_palate
OTU_97.25050,Right_Retroauricular_crease_1
OTU_97.25050,Buccal_mucosa
OTU_97.25050,Hard_palate
OTU_97.25050,Anterior_nares
OTU_97.25057,Anterior_nares_1
OTU_97.2506,Tongue_dorsum
OTU_97.2506,Buccal_mucosa_1
OTU_97.25070,Right_Antecubital_fossa
OTU_97.25070,Stool
OTU_97.25085,Right_Retroauricular_crease
OTU_97.25085,Subgingival_plaque_1
OTU_97.25093,Anterior_nares
OTU_97.251,Right_Antecubital_fossa
OTU_97.251,Tongue_dorsum_1
OTU_97.25100,Supragingival_plaque_1
OTU_97.25100,Left_Antecubital_fossa_1
OTU_97.25100,Right_Antecubital_fossa
OTU_97.25107,Buccal_mucosa
OTU_97.25107,Right_Retroauricular_crease
OTU_97.25107,Buccal_mucosa_1
OTU_97.25107,Palatine_Tonsils
OTU_97.25107,Tongue_dorsum_1
OTU_97.25107,Throat_1
OTU_97.25108,Left_Antecubital_fossa_1
OTU_97.25110,Supragingival_plaque
OTU_97.25110,Saliva
OTU_97.25114,Palatine_Tonsils
OTU_97.25114,Palatine_Tonsils_1
OTU_97.25119,Right_Retroauricular_crease_1
OTU_97.25119,Subgingival_plaque_1
OTU_97.25120,Subgingival_plaque_1
OTU_97.25126,Saliva
OTU_97.25139,Tongue_dorsum
OTU_97.25139,Stool_1
OTU_97.25141,Left_Retroauricular_crease
OTU_97.25141,Buccal_mucosa_1
OTU_97.25143,Buccal_mucosa
OTU_97.25143,Right_Antecubital_fossa
OTU_97.25143,Hard_palate
OTU_97.25143,Stool
OTU_97.25156,Tongue_dorsum
OTU_97.25156,Anterior_nares_1
OTU_97.25157,Hard_palate_1
OTU_97.25157,Throat
OTU_97.25163,Throat_1
OTU_97.25164,Tongue_dorsum_1
OTU_97.25174,Right_Retroauricular_crease_1
OTU_97.25174,Saliva
OTU_97.25174,Right_Retroauricular_crease
OTU_97.25174,Palatine_Tonsils
OTU_97.25176,Right_Retroauricular_crease
OTU_97.25176,Stool
OTU_97.25176,Palatine_Tonsils_1
OTU_97.25183,Right_Antecubital_fossa
OTU_97.25185,Anterior_nares
OTU_97.25186,Supragingival_plaque
OTU_97.25186,Hard_palate
OTU_97.25186,Hard_palate_1
OTU_97.25191,Right_Retroauricular_crease
OTU_97.25195,Stool_1
OTU_97.25199,Stool
OTU_97.25199,Throat
OTU_97.252,Throat
OTU_97.25201,Tongue_dorsum
OTU_97.25201,Anterior_nares
OTU_97.25201,Tongue_dorsum_1
OTU_97.25204,Hard_palate_1
OTU_97.25204,Anterior_nares_1
OTU_97.25205,Subgingival_plaque
OTU_97.25206,Buccal_mucosa
OTU_97.25206,Right_Retroauricular_crease
OTU_97.25206,Left_Antecubital_fossa
OTU_97.25210,Tongue_dorsum
OTU_97.25210,Left_Antecubital_fossa
OTU_97.25210,Right_Antecubital_fossa_1
OTU_97.25213,Buccal_mucosa
OTU_97.25213,Left_Retroauricular_crease
OTU_97.25213,Hard_palate_1
OTU_97.25215,Saliva_1
OTU_97.25215,Anterior_nares_1
OTU_97.25217,Stool_1
OTU_97.25217,Saliva_1
OTU_97.2522,Subgingival_plaque
OTU_97.25220,Left_Retroauricular_crease_1
OTU_97.25220,Tongue_dorsum_1
OTU_97.25222,Attached_Keratinized_gingiva_1
OTU_97.25222,Palatine_Tonsils
OTU_97.25222,Throat
OTU_97.25223,Supragingival_plaque_1
OTU_97.25223,Right_Retroauricular_crease
OTU_97.25223,Subgingival_plaque_1
OTU_97.25225,Hard_palate
OTU_97.25225,Stool
OTU_97.25225,Anterior_nares_1
OTU_97.25229,Supragingival_plaque_1
OTU_97.25229,Left_Retroauricular_crease
OTU_97.25229,Saliva_1
OTU_97.25229,Left_Retroauricular_crease_1
OTU_97.25231,Buccal_mucosa
OTU_97.25231,Throat_1
OTU_97.25232,Subgingival_plaque
OTU_97.25232,Buccal_mucosa
OTU_97.25232,Right_Retroauricular_crease
OTU_97.25239,Right_Antecubital_fossa
OTU_97.25239,Left_Retroauricular_crease
OTU_97.25239,Attached_Keratinized_gingiva_1
OTU_97.25239,Anterior_nares
OTU_97.25239,Throat_1
OTU_97.25241,Palatine_Tonsils_1
OTU_97.25241,Left_Antecubital_fossa
OTU_97.25249,Left_Antecubital_fossa_1
OTU_97.25249,Buccal_mucosa_1
OTU_97.25249,Left_Antecubital_fossa
OTU_97.2525,Tongue_dorsum
OTU_97.2525,Subgingival_plaque_1
OTU_97.2525,Left_Antecubital_fossa
OTU_97.25254,Buccal_mucosa
OTU_97.25254,Stool_1
OTU_97.25254,Saliva_1
OTU_97.25254,Palatine_Tonsils_1
OTU_97.25254,Throat_1
OTU_97.25256,Buccal_mucosa
OTU_97.25256,Buccal_mucosa_1
OTU_97.25261,Right_Retroauricular_crease
OTU_97.25261,Buccal_mucosa_1
OTU_97.25261,Left_Retroauricular_crease_1
OTU_97.25262,Subgingival_plaque_1
OTU_97.25263,Subgingival_plaque
OTU_97.25263,Supragingival_plaque
OTU_97.25263,Stool_1
OTU_97.25263,Right_Antecubital_fossa_1
OTU_97.25264,Left_Antecubital_fossa_1
OTU_97.25264,Attached_Keratinized_gingiva
OTU_97.25265,Tongue_dorsum
OTU_97.25265,Attached_Keratinized_gingiva_1
OTU_97.25265,Anterior_nares_1
OTU_97.25268,Hard_palate_1
OTU_97.25271,Right_Antecubital_fossa
OTU_97.25271,Left_Retroauricular_crease
OTU_97.25271,Left_Antecubital_fossa
OTU_97.25277,Right_Retroauricular_crease
OTU_97.25277,Hard_palate
OTU_97.25277,Stool_1
OTU_97.25277,Saliva_1
OTU_97.25277,Tongue_dorsum_1
OTU_97.25278,Buccal_mucosa
OTU_97.25278,Attached_Keratinized_gingiva_1
OTU_97.25278,Buccal_mucosa_1
OTU_97.25287,Buccal_mucosa
OTU_97.25287,Left_Antecubital_fossa_1
OTU_97.25287,Palatine_Tonsils_1
OTU_97.25288,Hard_palate
OTU_97.25288,Tongue_dorsum_1
OTU_97.2529,Left_Retroauricular_crease
OTU_97.2529,Saliva_1
OTU_97.2529,Anterior_nares
OTU_97.25291,Anterior_nares
OTU_97.25292,Buccal_mucosa
OTU_97.25292,Right_Retroauricular_crease
OTU_97.25292,Left_Retroauricular_crease
OTU_97.25292,Stool
OTU_97.25292,Anterior_nares_1
OTU_97.25294,Right_Retroauricular_crease_1
OTU_97.25294,Stool_1
OTU_97.2530,Supragingival_plaque_1
OTU_97.2530,Hard_palate
OTU_97.2530,Left_Retroauricular_crease_1
OTU_97.25301,Right_Retroauricular_crease_1
OTU_97.25301,Throat_1
OTU_97.25305,Left_Antecubital_fossa_1
OTU_97.25305,Stool
OTU_97.25305,Throat
OTU_97.25307,Buccal_mucosa
OTU_97.25307,Supragingival_plaque
OTU_97.25307,Left_Retroauricular_crease
OTU_97.25308,Subgingival_plaque
OTU_97.25308,Supragingival_plaque_1
OTU_97.25308,Right_Antecubital_fossa_1
OTU_97.25313,Throat
OTU_97.25313,Right_Antecubital_fossa_1
OTU_97.25313,Throat_1
OTU_97.25316,Stool_1
OTU_97.25316,Saliva_1
OTU_97.25316,Palatine_Tonsils_1
OTU_97.25316,Anterior_nares
OTU_97.25321,Hard_palate_1
OTU_97.25327,Supragingival_plaque
OTU_97.25327,Hard_palate_1
OTU_97.25327,Anterior_nares_1
OTU_97.25338,Attached_Keratinized_gingiva_1
OTU_97.25338,Buccal_mucosa_1
OTU_97.25338,Palatine_Tonsils_1
OTU_97.25343,Right_Retroauricular_crease
OTU_97.25343,Throat
OTU_97.25349,Left_Antecubital_fossa_1
OTU_97.25349,Right_Retroauricular_crease
OTU_97.25349,Tongue_dorsum_1
OTU_97.25357,Left_Retroauricular_crease_1
OTU_97.25357,Tongue_dorsum_1
OTU_97.2536,Right_Retroauricular_crease_1
OTU_97.2536,Subgingival_plaque_1
OTU_97.2536,Attached_Keratinized_gingiva
OTU_97.2536,Anterior_nares
OTU_97.25362,Saliva_1
OTU_97.25363,Subgingival_plaque
OTU_97.25363,Right_Antecubital_fossa
OTU_97.25363,Left_Retroauricular_crease
OTU_97.25363,Attached_Keratinized_gingiva_1
OTU_97.25365,Right_Retroauricular_crease_1
OTU_97.25365,Right_Retroauricular_crease
OTU_97.25365,Palatine_Tonsils
OTU_97.25375,Right_Retroauricular_crease_1
OTU_97.25375,Left_Antecubital_fossa_1
OTU_97.25375,Hard_palate
OTU_97.25375,Palatine_Tonsils
OTU_97.25375,Throat_1
OTU_97.25377,Right_Retroauricular_crease
OTU_97.25387,Supragingival_plaque_1
OTU_97.25387,Supragingival_plaque
OTU_97.25387,Attached_Keratinized_gingiva_1
OTU_97.254,Left_Antecubital_fossa_1
OTU_97.254,Hard_palate_1
OTU_97.254,Palatine_Tonsils_1
OTU_97.254,Anterior_nares_1
OTU_97.2540,Stool
OTU_97.2540,Anterior_nares
OTU_97.25400,Anterior_nares_1
OTU_97.25401,Subgingival_plaque
OTU_97.25401,Right_Antecubital_fossa
OTU_97.25401,Attached_Keratinized_gingiva
OTU_97.25404,Subgingival_plaque
OTU_97.25404,Left_Retroauricular_crease
OTU_97.25404,Hard_palate
OTU_97.25404,Buccal_mucosa_1
OTU_97.25404,Throat
OTU_97.25404,Left_Antecubital_fossa
OTU_97.25404,Right_Antecubital_fossa_1
OTU_97.25409,Right_Retroauricular_crease_1
OTU_97.25412,Tongue_dorsum
OTU_97.25412,Stool
OTU_97.25412,Left_Antecubital_fossa
OTU_97.25413,Hard_palate
OTU_97.25413,Stool
OTU_97.25416,Tongue_dorsum
OTU_97.25416,Saliva
OTU_97.25416,Saliva_1
OTU_97.25416,Anterior_nares_1
OTU_97.25417,Saliva
OTU_97.25417,Left_Retroauricular_crease
OTU_97.25417,Left_Retroauricular_crease_1
OTU_97.25420,Buccal_mucosa_1
OTU_97.25422,Supragingival_plaque_1
OTU_97.25422,Hard_palate
OTU_97.25426,Subgingival_plaque
OTU_97.25426,Supragingival_plaque_1
OTU_97.25426,Saliva_1
OTU_97.25426,Throat_1
OTU_97.25428,Supragingival_plaque
OTU_97.25428,Right_Antecubital_fossa_1
OTU_97.2544,Tongue_dorsum
OTU_97.2544,Right_Retroauricular_crease_1
OTU_97.2544,Attached_Keratinized_gingiva_1
OTU_97.25442,Right_Retroauricular_crease_1
OTU_97.25442,Supragingival_plaque_1
OTU_97.25442,Left_Retroauricular_crease
OTU_97.25442,Hard_palate
OTU_97.25442,Hard_palate_1
OTU_97.25442,Anterior_nares_1
OTU_97.25446,Tongue_dorsum
OTU_97.25446,Right_Retroauricular_crease
OTU_97.25446,Throat_1
OTU_97.25450,Supragingival_plaque
OTU_97.25450,Right_Retroauricular_crease
OTU_97.25450,Attached_Keratinized_gingiva_1
OTU_97.25450,Buccal_mucosa_1
OTU_97.25450,Anterior_nares
OTU_97.25460,Subgingival_plaque_1
OTU_97.25460,Saliva_1
OTU_97.25460,Anterior_nares
OTU_97.25461,Supragingival_plaque
OTU_97.25461,Buccal_mucosa_1
OTU_97.25461,Throat_1
OTU_97.25465,Supragingival_plaque_1
OTU_97.25465,Buccal_mucosa
OTU_97.25465,Attached_Keratinized_gingiva_1
OTU_97.25465,Buccal_mucosa_1
OTU_97.25465,Left_Retroauricular_crease_1
OTU_97.25467,Buccal_mucosa
OTU_97.25467,Anterior_nares_1
OTU_97.25468,Subgingival_plaque
OTU_97.25468,Throat
OTU_97.25468,Anterior_nares_1
OTU_97.25470,Palatine_Tonsils
OTU_97.25470,Left_Antecubital_fossa
OTU_97.25470,Tongue_dorsum_1
OTU_97.25481,Supragingival_plaque_1
OTU_97.25481,Hard_palate_1
OTU_97.25481,Stool
OTU_97.25481,Stool_1
OTU_97.25486,Attached_Keratinized_gingiva
OTU_97.25487,Left_Antecubital_fossa
OTU_97.2549,Right_Retroauricular_crease_1
OTU_97.2549,Left_Retroauricular_crease
OTU_97.25498,Left_Antecubital_fossa_1
OTU_97.25498,Right_Retroauricular_crease
OTU_97.25498,Stool
OTU_97.25498,Anterior_nares
OTU_97.255,Supragingival_plaque
OTU_97.255,Hard_palate
OTU_97.255,Saliva_1
OTU_97.255,Left_Antecubital_fossa
OTU_97.25500,Right_Retroauricular_crease_1
OTU_97.25500,Throat_1
OTU_97.25508,Left_Retroauricular_crease
OTU_97.25509,Supragingival_plaque
OTU_97.25509,Stool_1
OTU_97.25510,Buccal_mucosa
OTU_97.25515,Supragingival_plaque_1
OTU_97.25515,Buccal_mucosa_1
OTU_97.25515,Tongue_dorsum_1
OTU_97.25518,Anterior_nares
OTU_97.25520,Stool_1
OTU_97.25520,Attached_Keratinized_gingiva
OTU_97.25520,Left_Retroauricular_crease_1
OTU_97.25521,Left_Antecubital_fossa_1
OTU_97.25521,Hard_palate_1
OTU_97.25524,Subgingival_plaque
OTU_97.25524,Attached_Keratinized_gingiva_1
OTU_97.25524,Attached_Keratinized_gingiva
OTU_97.25526,Left_Retroauricular_crease_1
OTU_97.25526,Left_Antecubital_fossa
OTU_97.25526,Tongue_dorsum_1
OTU_97.25526,Right_Antecubital_fossa_1
OTU_97.25527,Throat_1
OTU_97.25528,Supragingival_plaque
OTU_97.25531,Left_Antecubital_fossa_1
OTU_97.25531,Stool_1
OTU_97.25531,Right_Antecubital_fossa_1
OTU_97.25539,Right_Retroauricular_crease
OTU_97.25539,Hard_palate
OTU_97.25539,Buccal_mucosa_1
OTU_97.25539,Right_Antecubital_fossa_1
OTU_97.25542,Supragingival_plaque_1
OTU_97.25542,Supragingival_plaque
OTU_97.25542,Right_Retroauricular_crease
OTU_97.25542,Anterior_nares_1
OTU_97.25546,Right_Retroauricular_crease_1
OTU_97.25547,Left_Retroauricular_crease
OTU_97.25547,Left_Retroauricular_crease_1
OTU_97.25551,Attached_Keratinized_gingiva_1
OTU_97.25551,Palatine_Tonsils
OTU_97.25551,Palatine_Tonsils_1
OTU_97.25551,Tongue_dorsum_1
OTU_97.25556,Supragingival_plaque_1
OTU_97.25556,Left_Antecubital_fossa
OTU_97.25559,Right_Antecubital_fossa
OTU_97.25559,Stool_1
OTU_97.25560,Saliva
OTU_97.25560,Right_Antecubital_fossa_1
OTU_97.25560,Anterior_nares_1
OTU_97.25564,Tongue_dorsum
OTU_97.25564,Attached_Keratinized_gingiva_1
OTU_97.25574,Hard_palate
OTU_97.25574,Saliva_1
OTU_97.25574,Anterior_nares_1
OTU_97.25578,Hard_palate
OTU_97.2559,Saliva
OTU_97.2559,Buccal_mucosa_1
OTU_97.2559,Subgingival_plaque_1
OTU_97.25590,Left_Antecubital_fossa_1
OTU_97.25590,Anterior_nares
OTU_97.25598,Hard_palate
OTU_97.25598,Palatine_Tonsils_1
OTU_97.25598,Anterior_nares_1
OTU_97.25599,Saliva
OTU_97.25599,Subgingival_plaque_1
OTU_97.25599,Throat
OTU_97.256,Buccal_mucosa_1
OTU_97.256,Attached_Keratinized_gingiva
OTU_97.256,Anterior_nares
OTU_97.256,Left_Antecubital_fossa
OTU_97.25602,Subgingival_plaque
OTU_97.25602,Stool
OTU_97.25602,Throat_1
OTU_97.25602,Anterior_nares_1
OTU_97.25604,Supragingival_plaque
OTU_97.25604,Right_Retroauricular_crease
OTU_97.25604,Palatine_Tonsils_1
OTU_97.25607,Subgingival_plaque
OTU_97.25607,Throat_1
OTU_97.25612,Right_Antecubital_fossa
OTU_97.25612,Right_Antecubital_fossa_1
OTU_97.25614,Supragingival_plaque_1
OTU_97.25614,Supragingival_plaque
OTU_97.25614,Saliva
OTU_97.25614,Throat
OTU_97.25620,Attached_Keratinized_gingiva_1
OTU_97.25620,Attached_Keratinized_gingiva
OTU_97.25621,Attached_Keratinized_gingiva
OTU_97.25621,Palatine_Tonsils_1
OTU_97.25621,Anterior_nares_1
OTU_97.25628,Left_Antecubital_fossa_1
OTU_97.25628,Hard_palate
OTU_97.25628,Hard_palate_1
OTU_97.25628,Palatine_Tonsils
OTU_97.25631,Stool
OTU_97.25631,Throat
OTU_97.25636,Saliva
OTU_97.25636,Anterior_nares
OTU_97.25637,Tongue_dorsum
OTU_97.25637,Right_Retroauricular_crease_1
OTU_97.2564,Throat
OTU_97.2564,Anterior_nares
OTU_97.25642,Stool
OTU_97.25642,Anterior_nares
OTU_97.25642,Left_Antecubital_fossa
OTU_97.25643,Tongue_dorsum
OTU_97.25643,Palatine_Tonsils_1
OTU_97.25643,Right_Antecubital_fossa_1
OTU_97.25644,Hard_palate_1
OTU_97.25645,Saliva
OTU_97.25645,Left_Antecubital_fossa_1
OTU_97.25645,Attached_Keratinized_gingiva_1
OTU_97.25645,Buccal_mucosa_1
OTU_97.25645,Throat
OTU_97.25645,Left_Antecubital_fossa
OTU_97.2565,Right_Retroauricular_crease_1
OTU_97.2565,Stool_1
OTU_97.2565,Saliva_1
OTU_97.2565,Tongue_dorsum_1
OTU_97.25650,Attached_Keratinized_gingiva_1
OTU_97.25650,Saliva_1
OTU_97.25650,Palatine_Tonsils
OTU_97.25650,Left_Antecubital_fossa
OTU_97.25650,Anterior_nares_1
OTU_97.2566,Left_Antecubital_fossa_1
OTU_97.2566,Stool
OTU_97.2566,Stool_1
OTU_97.25664,Buccal_mucosa
OTU_97.25664,Palatine_Tonsils
OTU_97.25665,Left_Retroauricular_crease
OTU_97.25665,Subgingival_plaque_1
OTU_97.25667,Buccal_mucosa_1
OTU_97.25667,Left_Antecubital_fossa
OTU_97.25671,Right_Retroauricular_crease_1
OTU_97.25671,Subgingival_plaque
OTU_97.25672,Buccal_mucosa
OTU_97.25672,Left_Retroauricular_crease
OTU_97.25672,Subgingival_plaque_1
OTU_97.2568,Supragingival_plaque_1
OTU_97.2568,Left_Retroauricular_crease_1
OTU_97.25684,Left_Antecubital_fossa
OTU_97.25684,Throat_1
OTU_97.25689,Stool
OTU_97.25690,Right_Retroauricular_crease_1
OTU_97.25690,Stool
OTU_97.25690,Saliva_1
OTU_97.25709,Attached_Keratinized_gingiva_1
OTU_97.25709,Throat
OTU_97.25709,Left_Antecubital_fossa
OTU_97.25710,Right_Retroauricular_crease_1
OTU_97.25710,Buccal_mucosa
OTU_97.25710,Stool_1
OTU_97.25723,Supragingival_plaque_1
OTU_97.25723,Buccal_mucosa
OTU_97.25723,Palatine_Tonsils
OTU_97.25728,Left_Antecubital_fossa
OTU_97.25728,Right_Antecubital_fossa_1
OTU_97.2574,Stool_1
OTU_97.25744,Saliva
OTU_97.25744,Hard_palate
OTU_97.25744,Hard_palate_1
OTU_97.25744,Stool
OTU_97.25744,Throat
OTU_97.25744,Throat_1
OTU_97.2577,Supragingival_plaque_1
OTU_97.2577,Saliva
OTU_97.2577,Hard_palate
OTU_97.2577,Throat
OTU_97.2577,Left_Retroauricular_crease_1
OTU_97.25772,Tongue_dorsum
OTU_97.25772,Left_Antecubital_fossa_1
OTU_97.25772,Attached_Keratinized_gingiva
OTU_97.25775,Right_Retroauricular_crease_1
OTU_97.25775,Supragingival_plaque
OTU_97.25775,Left_Antecubital_fossa
OTU_97.25785,Tongue_dorsum
OTU_97.25785,Right_Antecubital_fossa
OTU_97.25785,Hard_palate_1
OTU_97.25785,Saliva_1
OTU_97.25786,Supragingival_plaque
OTU_97.25786,Throat
OTU_97.25790,Palatine_Tonsils
OTU_97.25790,Palatine_Tonsils_1
OTU_97.25791,Right_Retroauricular_crease
OTU_97.25791,Left_Retroauricular_crease
OTU_97.25796,Right_Retroauricular_crease_1
OTU_97.25796,Saliva
OTU_97.25796,Throat_1
OTU_97.25802,Saliva
OTU_97.25802,Left_Retroauricular_crease
OTU_97.25804,Left_Antecubital_fossa_1
OTU_97.25804,Right_Retroauricular_crease
OTU_97.25804,Stool_1
OTU_97.25804,Tongue_dorsum_1
OTU_97.25809,Subgingival_plaque
OTU_97.25809,Supragingival_plaque
OTU_97.25809,Tongue_dorsum_1
OTU_97.25814,Hard_palate_1
OTU_97.25814,Subgingival_plaque_1
OTU_97.25816,Supragingival_plaque_1
OTU_97.25816,Left_Retroauricular_crease_1
OTU_97.25817,Anterior_nares
OTU_97.25817,Right_Antecubital_fossa_1
OTU_97.25818,Supragingival_plaque_1
OTU_97.25818,Left_Antecubital_fossa_1
OTU_97.25818,Hard_palate
OTU_97.25818,Buccal_mucosa_1
OTU_97.25818,Right_Antecubital_fossa_1
OTU_97.25819,Hard_palate
OTU_97.25819,Stool_1
OTU_97.25819,Palatine_Tonsils_1
OTU_97.25819,Anterior_nares
OTU_97.25819,Throat_1
OTU_97.25825,Saliva_1
OTU_97.25825,Attached_Keratinized_gingiva
OTU_97.25825,Anterior_nares
OTU_97.25827,Subgingival_plaque
OTU_97.25827,Attached_Keratinized_gingiva_1
OTU_97.25827,Saliva_1
OTU_97.25839,Palatine_Tonsils_1
OTU_97.25839,Left_Retroauricular_crease_1
OTU_97.25839,Anterior_nares
OTU_97.25840,Right_Retroauricular_crease
OTU_97.25840,Tongue_dorsum_1
OTU_97.25842,Left_Antecubital_fossa_1
OTU_97.25842,Right_Antecubital_fossa
OTU_97.25849,Tongue_dorsum
OTU_97.25849,Palatine_Tonsils_1
OTU_97.2585,Buccal_mucosa
OTU_97.2585,Stool
OTU_97.25862,Tongue_dorsum
OTU_97.25862,Hard_palate_1
OTU_97.25862,Stool_1
OTU_97.25862,Palatine_Tonsils
OTU_97.25866,Buccal_mucosa
OTU_97.25866,Right_Antecubital_fossa
OTU_97.25866,Hard_palate
OTU_97.25866,Hard_palate_1
OTU_97.25866,Tongue_dorsum_1
OTU_97.25868,Stool
OTU_97.25871,Attached_Keratinized_gingiva_1
OTU_97.25871,Left_Antecubital_fossa
OTU_97.25876,Saliva_1
OTU_97.25876,Anterior_nares_1
OTU_97.2588,Right_Retroauricular_crease_1
OTU_97.2588,Anterior_nares
OTU_97.25880,Hard_palate_1
OTU_97.25880,Buccal_mucosa_1
OTU_97.25880,Anterior_nares_1
OTU_97.25881,Right_Retroauricular_crease
OTU_97.25881,Anterior_nares
OTU_97.25881,Right_Antecubital_fossa_1
OTU_97.25885,Buccal_mucosa
OTU_97.25888,Buccal_mucosa
OTU_97.25888,Anterior_nares_1
OTU_97.25902,Palatine_Tonsils
OTU_97.25902,Throat_1
OTU_97.25903,Subgingival_plaque
OTU_97.25903,Saliva
OTU_97.25904,Supragingival_plaque_1
OTU_97.25912,Supragingival_plaque
OTU_97.25912,Saliva_1
OTU_97.25913,Hard_palate
OTU_97.25925,Stool_1
OTU_97.25929,Subgingival_plaque
OTU_97.25929,Buccal_mucosa
OTU_97.25929,Throat
OTU_97.2593,Supragingival_plaque_1
OTU_97.2593,Attached_Keratinized_gingiva_1
OTU_97.2593,Stool_1
OTU_97.2593,Right_Antecubital_fossa_1
OTU_97.25930,Subgingival_plaque_1
OTU_97.25930,Palatine_Tonsils_1
OTU_97.25930,Right_Antecubital_fossa_1
OTU_97.25936,Left_Antecubital_fossa_1
OTU_97.25936,Throat_1
OTU_97.2594,Supragingival_plaque_1
OTU_97.2594,Left_Retroauricular_crease_1
OTU_97.25942,Stool_1
OTU_97.25942,Palatine_Tonsils
OTU_97.25942,Left_Antecubital_fossa
OTU_97.25943,Subgingival_plaque
OTU_97.25943,Left_Retroauricular_crease
OTU_97.25943,Hard_palate
OTU_97.25956,Buccal_mucosa
OTU_97.25956,Left_Antecubital_fossa_1
OTU_97.25956,Right_Retroauricular_crease
OTU_97.25959,Supragingival_plaque
OTU_97.25959,Right_Antecubital_fossa
OTU_97.25959,Throat
OTU_97.25963,Right_Retroauricular_crease_1
OTU_97.25963,Right_Retroauricular_crease
OTU_97.25963,Attached_Keratinized_gingiva
OTU_97.25965,Saliva
OTU_97.25965,Left_Antecubital_fossa_1
OTU_97.25965,Tongue_dorsum_1
OTU_97.25968,Throat
OTU_97.25968,Left_Retroauricular_crease_1
OTU_97.25971,Throat_1
OTU_97.25986,Buccal_mucosa
OTU_97.25986,Right_Antecubital_fossa
OTU_97.25987,Subgingival_plaque
OTU_97.25987,Supragingival_plaque_1
OTU_97.25987,Right_Antecubital_fossa_1
OTU_97.2599,Throat
OTU_97.2599,Palatine_Tonsils_1
OTU_97.2599,Anterior_nares
OTU_97.25993,Subgingival_plaque
OTU_97.26,Supragingival_plaque
OTU_97.26,Stool_1
OTU_97.26,Throat
OTU_97.26000,Stool_1
OTU_97.26002,Left_Retroauricular_crease_1
OTU_97.26002,Right_Antecubital_fossa_1
OTU_97.2601,Left_Antecubital_fossa_1
OTU_97.2601,Saliva_1
OTU_97.26010,Right_Retroauricular_crease_1
OTU_97.26010,Stool
OTU_97.26010,Anterior_nares_1
OTU_97.26013,Left_Antecubital_fossa_1
OTU_97.26013,Stool
OTU_97.26016,Hard_palate
OTU_97.26016,Palatine_Tonsils_1
OTU_97.2602,Hard_palate
OTU_97.2602,Stool_1
OTU_97.2602,Left_Antecubital_fossa
OTU_97.2602,Throat_1
OTU_97.26027,Throat_1
OTU_97.26028,Hard_palate
OTU_97.26028,Right_Antecubital_fossa_1
OTU_97.26030,Left_Antecubital_fossa_1
OTU_97.26030,Right_Antecubital_fossa
OTU_97.26030,Hard_palate
OTU_97.26030,Hard_palate_1
OTU_97.26030,Throat_1
OTU_97.26031,Supragingival_plaque_1
OTU_97.26031,Right_Retroauricular_crease
OTU_97.26032,Subgingival_plaque
OTU_97.26032,Palatine_Tonsils_1
OTU_97.26032,Anterior_nares_1
OTU_97.26034,Attached_Keratinized_gingiva
OTU_97.2604,Saliva
OTU_97.2604,Stool_1
OTU_97.2604,Saliva_1
OTU_97.2604,Palatine_Tonsils
OTU_97.2604,Anterior_nares
OTU_97.26041,Right_Retroauricular_crease_1
OTU_97.26041,Supragingival_plaque_1
OTU_97.26041,Palatine_Tonsils_1
OTU_97.26057,Saliva
OTU_97.26057,Left_Antecubital_fossa_1
OTU_97.26063,Buccal_mucosa
OTU_97.26076,Supragingival_plaque_1
OTU_97.26076,Subgingival_plaque_1
OTU_97.26076,Left_Antecubital_fossa
OTU_97.26076,Anterior_nares_1
OTU_97.2608,Left_Antecubital_fossa_1
OTU_97.2608,Throat
OTU_97.2608,Left_Antecubital_fossa
OTU_97.2608,Tongue_dorsum_1
OTU_97.26083,Right_Antecubital_fossa
OTU_97.26083,Throat_1
OTU_97.26084,Right_Retroauricular_crease
OTU_97.26084,Hard_palate
OTU_97.26084,Tongue_dorsum_1
OTU_97.26086,Buccal_mucosa
OTU_97.26086,Right_Retroauricular_crease
OTU_97.26086,Hard_palate_1
OTU_97.26086,Palatine_Tonsils_1
OTU_97.26086,Tongue_dorsum_1
OTU_97.26089,Attached_Keratinized_gingiva_1
OTU_97.26089,Left_Antecubital_fossa
OTU_97.26091,Left_Antecubital_fossa_1
OTU_97.26094,Stool_1
OTU_97.26094,Palatine_Tonsils
OTU_97.26094,Throat
OTU_97.26094,Palatine_Tonsils_1
OTU_97.26094,Anterior_nares
OTU_97.26095,Subgingival_plaque
OTU_97.26095,Buccal_mucosa
OTU_97.261,Tongue_dorsum
OTU_97.261,Left_Retroauricular_crease
OTU_97.2610,Saliva_1
OTU_97.2610,Anterior_nares_1
OTU_97.26101,Supragingival_plaque
OTU_97.26101,Saliva_1
OTU_97.26103,Supragingival_plaque_1
OTU_97.26103,Palatine_Tonsils
OTU_97.26106,Palatine_Tonsils_1
OTU_97.26112,Supragingival_plaque
OTU_97.26112,Left_Antecubital_fossa_1
OTU_97.26115,Subgingival_plaque_1
OTU_97.26115,Saliva_1
OTU_97.26115,Left_Retroauricular_crease_1
OTU_97.26117,Subgingival_plaque
OTU_97.26117,Hard_palate_1
OTU_97.26117,Stool_1
OTU_97.26117,Subgingival_plaque_1
OTU_97.26118,Left_Retroauricular_crease
OTU_97.2612,Left_Antecubital_fossa_1
OTU_97.2612,Subgingival_plaque_1
OTU_97.2612,Saliva_1
OTU_97.2612,Anterior_nares_1
OTU_97.26121,Hard_palate
OTU_97.26121,Stool
OTU_97.26121,Saliva_1
OTU_97.26125,Subgingival_plaque
OTU_97.26125,Attached_Keratinized_gingiva
OTU_97.26125,Anterior_nares_1
OTU_97.26128,Right_Retroauricular_crease
OTU_97.26128,Throat_1
OTU_97.26129,Right_Antecubital_fossa
OTU_97.26130,Right_Retroauricular_crease
OTU_97.26130,Right_Antecubital_fossa
OTU_97.26130,Left_Retroauricular_crease
OTU_97.26135,Stool_1
OTU_97.26135,Palatine_Tonsils
OTU_97.26135,Attached_Keratinized_gingiva
OTU_97.26142,Supragingival_plaque_1
OTU_97.26142,Supragingival_plaque
OTU_97.26142,Stool_1
OTU_97.26154,Subgingival_plaque
OTU_97.26154,Right_Antecubital_fossa_1
OTU_97.26155,Supragingival_plaque_1
OTU_97.26155,Supragingival_plaque
OTU_97.26155,Right_Retroauricular_crease
OTU_97.26155,Right_Antecubital_fossa
OTU_97.26155,Stool_1
OTU_97.2617,Subgingival_plaque
OTU_97.2617,Saliva
OTU_97.2617,Hard_palate_1
OTU_97.2617,Throat_1
OTU_97.26170,Supragingival_plaque_1
OTU_97.26170,Subgingival_plaque_1
OTU_97.26170,Right_Antecubital_fossa_1
OTU_97.26172,Stool
OTU_97.26172,Attached_Keratinized_gingiva
OTU_97.26172,Tongue_dorsum_1
OTU_97.26173,Hard_palate_1
OTU_97.26173,Throat_1
OTU_97.26177,Supragingival_plaque
OTU_97.26177,Left_Retroauricular_crease_1
OTU_97.26178,Right_Retroauricular_crease_1
OTU_97.26178,Saliva
OTU_97.26178,Palatine_Tonsils
OTU_97.26180,Right_Retroauricular_crease_1
OTU_97.26180,Right_Antecubital_fossa
OTU_97.26180,Subgingival_plaque_1
OTU_97.26181,Supragingival_plaque
OTU_97.26181,Left_Retroauricular_crease
OTU_97.26181,Attached_Keratinized_gingiva
OTU_97.26181,Throat_1
OTU_97.26183,Tongue_dorsum
OTU_97.26183,Right_Retroauricular_crease_1
OTU_97.26183,Supragingival_plaque_1
OTU_97.26183,Attached_Keratinized_gingiva
OTU_97.26183,Palatine_Tonsils_1
OTU_97.26183,Left_Retroauricular_crease_1
OTU_97.26186,Right_Antecubital_fossa_1
OTU_97.2619,Buccal_mucosa_1
OTU_97.2619,Palatine_Tonsils
OTU_97.2619,Throat
OTU_97.26191,Right_Antecubital_fossa
OTU_97.26191,Hard_palate_1
OTU_97.26191,Palatine_Tonsils_1
OTU_97.26198,Right_Retroauricular_crease_1
OTU_97.26199,Buccal_mucosa_1
OTU_97.26199,Right_Antecubital_fossa_1
OTU_97.262,Hard_palate
OTU_97.262,Saliva_1
OTU_97.26203,Stool
OTU_97.26207,Supragingival_plaque_1
OTU_97.26207,Stool
OTU_97.26214,Right_Retroauricular_crease_1
OTU_97.26214,Supragingival_plaque_1
OTU_97.26214,Attached_Keratinized_gingiva_1
OTU_97.26216,Right_Retroauricular_crease_1
OTU_97.26216,Right_Antecubital_fossa
OTU_97.26216,Right_Antecubital_fossa_1
OTU_97.26217,Tongue_dorsum_1
OTU_97.26223,Right_Antecubital_fossa
OTU_97.26223,Palatine_Tonsils
OTU_97.26224,Saliva
OTU_97.26230,Tongue_dorsum
OTU_97.26230,Supragingival_plaque_1
OTU_97.26230,Stool
OTU_97.26230,Stool_1
OTU_97.26235,Supragingival_plaque_1
OTU_97.26241,Left_Antecubital_fossa_1
OTU_97.26251,Attached_Keratinized_gingiva_1
OTU_97.26251,Hard_palate_1
OTU_97.26251,Throat
OTU_97.26251,Attached_Keratinized_gingiva
OTU_97.26257,Saliva
OTU_97.26258,Buccal_mucosa_1
OTU_97.26259,Left_Antecubital_fossa_1
OTU_97.26259,Right_Antecubital_fossa_1
OTU_97.26264,Saliva
OTU_97.26267,Saliva_1
OTU_97.26267,Attached_Keratinized_gingiva
OTU_97.26279,Tongue_dorsum
OTU_97.26279,Hard_palate_1
OTU_97.26279,Subgingival_plaque_1
OTU_97.26279,Left_Antecubital_fossa
OTU_97.26281,Anterior_nares_1
OTU_97.2629,Hard_palate_1
OTU_97.2629,Tongue_dorsum_1
OTU_97.26292,Throat_1
OTU_97.263,Buccal_mucosa
OTU_97.263,Supragingival_plaque
OTU_97.263,Saliva_1
OTU_97.263,Attached_Keratinized_gingiva
OTU_97.26305,Right_Antecubital_fossa
OTU_97.26305,Hard_palate
OTU_97.26305,Throat_1
OTU_97.26306,Right_Retroauricular_crease
OTU_97.26306,Buccal_mucosa_1
OTU_97.26306,Left_Retroauricular_crease_1
OTU_97.26308,Tongue_dorsum
OTU_97.26308,Hard_palate_1
OTU_97.26308,Buccal_mucosa_1
OTU_97.26308,Subgingival_plaque_1
OTU_97.26308,Left_Retroauricular_crease_1
OTU_97.26310,Attached_Keratinized_gingiva
OTU_97.26315,Supragingival_plaque
OTU_97.26315,Stool
OTU_97.26315,Stool_1
OTU_97.26315,Palatine_Tonsils_1
OTU_97.26315,Anterior_nares_1
OTU_97.26319,Subgingival_plaque
OTU_97.26319,Buccal_mucosa
OTU_97.26319,Supragingival_plaque
OTU_97.26319,Hard_palate
OTU_97.26320,Hard_palate_1
OTU_97.26328,Tongue_dorsum
OTU_97.26328,Left_Antecubital_fossa_1
OTU_97.26332,Right_Retroauricular_crease_1
OTU_97.26332,Left_Retroauricular_crease
OTU_97.26332,Hard_palate
OTU_97.26332,Stool_1
OTU_97.26332,Anterior_nares_1
OTU_97.26334,Right_Retroauricular_crease
OTU_97.26334,Stool
OTU_97.26349,Subgingival_plaque
OTU_97.26349,Anterior_nares
OTU_97.26353,Throat_1
OTU_97.26363,Tongue_dorsum
OTU_97.26363,Left_Antecubital_fossa_1
OTU_97.26363,Tongue_dorsum_1
OTU_97.26373,Saliva
OTU_97.26373,Left_Antecubital_fossa_1
OTU_97.26373,Hard_palate_1
OTU_97.26373,Palatine_Tonsils
OTU_97.26373,Left_Retroauricular_crease_1
OTU_97.26373,Tongue_dorsum_1
OTU_97.26373,Right_Antecubital_fossa_1
OTU_97.26380,Left_Retroauricular_crease
OTU_97.26380,Hard_palate
OTU_97.26380,Throat_1
OTU_97.26385,Saliva_1
OTU_97.26385,Anterior_nares
OTU_97.2639,Subgingival_plaque
OTU_97.2639,Saliva
OTU_97.2639,Palatine_Tonsils_1
OTU_97.26398,Right_Retroauricular_crease_1
OTU_97.26398,Right_Antecubital_fossa
OTU_97.26398,Palatine_Tonsils_1
OTU_97.264,Stool_1
OTU_97.264,Subgingival_plaque_1
OTU_97.2640,Left_Antecubital_fossa_1
OTU_97.2640,Hard_palate
OTU_97.2640,Left_Retroauricular_crease_1
OTU_97.2640,Tongue_dorsum_1
OTU_97.26418,Supragingival_plaque_1
OTU_97.26418,Stool
OTU_97.26418,Subgingival_plaque_1
OTU_97.26418,Saliva_1
OTU_97.26418,Throat
OTU_97.26425,Throat
OTU_97.26425,Anterior_nares
OTU_97.26427,Saliva
OTU_97.26427,Left_Retroauricular_crease
OTU_97.26427,Throat
OTU_97.26430,Supragingival_plaque_1
OTU_97.26430,Buccal_mucosa
OTU_97.26431,Tongue_dorsum
OTU_97.26431,Supragingival_plaque_1
OTU_97.26431,Buccal_mucosa_1
OTU_97.26431,Tongue_dorsum_1
OTU_97.26441,Attached_Keratinized_gingiva_1
OTU_97.26443,Tongue_dorsum
OTU_97.26443,Subgingival_plaque
OTU_97.26443,Hard_palate
OTU_97.26443,Stool
OTU_97.26446,Right_Antecubital_fossa
OTU_97.26446,Throat
OTU_97.2645,Buccal_mucosa_1
OTU_97.26459,Tongue_dorsum
OTU_97.26459,Right_Retroauricular_crease_1
OTU_97.26465,Supragingival_plaque
OTU_97.26465,Saliva_1
OTU_97.26465,Anterior_nares_1
OTU_97.26467,Right_Antecubital_fossa_1
OTU_97.26468,Palatine_Tonsils
OTU_97.26469,Left_Antecubital_fossa_1
OTU_97.26474,Saliva
OTU_97.26474,Attached_Keratinized_gingiva_1
OTU_97.26474,Saliva_1
OTU_97.26474,Left_Antecubital_fossa
OTU_97.26474,Tongue_dorsum_1
OTU_97.26475,Palatine_Tonsils_1
OTU_97.26475,Anterior_nares_1
OTU_97.26476,Throat_1
OTU_97.26477,Buccal_mucosa
OTU_97.26477,Tongue_dorsum_1
OTU_97.2648,Tongue_dorsum_1
OTU_97.26480,Supragingival_plaque_1
OTU_97.26480,Right_Antecubital_fossa
OTU_97.26480,Buccal_mucosa_1
OTU_97.26480,Attached_Keratinized_gingiva
OTU_97.26482,Left_Retroauricular_crease_1
OTU_97.26484,Left_Retroauricular_crease_1
OTU_97.26484,Anterior_nares
OTU_97.26486,Supragingival_plaque_1
OTU_97.26486,Left_Antecubital_fossa
OTU_97.26489,Buccal_mucosa
OTU_97.26489,Left_Retroauricular_crease
OTU_97.26489,Subgingival_plaque_1
OTU_97.2649,Saliva_1
OTU_97.2649,Attached_Keratinized_gingiva
OTU_97.26493,Right_Retroauricular_crease_1
OTU_97.26493,Buccal_mucosa
OTU_97.26495,Subgingival_plaque
OTU_97.26495,Supragingival_plaque_1
OTU_97.26495,Anterior_nares
OTU_97.26495,Left_Antecubital_fossa
OTU_97.26495,Anterior_nares_1
OTU_97.26499,Right_Retroauricular_crease
OTU_97.26499,Hard_palate
OTU_97.26499,Hard_palate_1
OTU_97.26499,Throat
OTU_97.26499,Throat_1
OTU_97.26500,Attached_Keratinized_gingiva_1
OTU_97.26500,Attached_Keratinized_gingiva
OTU_97.26504,Left_Antecubital_fossa_1
OTU_97.26504,Attached_Keratinized_gingiva_1
OTU_97.26504,Right_Antecubital_fossa_1
OTU_97.2651,Attached_Keratinized_gingiva_1
OTU_97.2651,Stool
OTU_97.26510,Right_Retroauricular_crease_1
OTU_97.26519,Right_Antecubital_fossa
OTU_97.26519,Stool_1
OTU_97.26519,Left_Retroauricular_crease_1
OTU_97.26524,Left_Retroauricular_crease
OTU_97.26524,Anterior_nares
OTU_97.26529,Stool
OTU_97.2653,Buccal_mucosa_1
OTU_97.2653,Palatine_Tonsils_1
OTU_97.2653,Anterior_nares
OTU_97.26533,Attached_Keratinized_gingiva_1
OTU_97.26536,Stool_1
OTU_97.2654,Buccal_mucosa_1
OTU_97.2654,Subgingival_plaque_1
OTU_97.2654,Saliva_1
OTU_97.2654,Attached_Keratinized_gingiva
OTU_97.26542,Tongue_dorsum
OTU_97.26542,Right_Retroauricular_crease
OTU_97.26542,Attached_Keratinized_gingiva_1
OTU_97.26542,Throat
OTU_97.26543,Right_Retroauricular_crease_1
OTU_97.26544,Supragingival_plaque_1
OTU_97.26544,Hard_palate
OTU_97.26544,Saliva_1
OTU_97.26544,Throat
OTU_97.26544,Throat_1
OTU_97.26559,Subgingival_plaque
OTU_97.26559,Buccal_mucosa
OTU_97.26559,Right_Antecubital_fossa
OTU_97.26560,Attached_Keratinized_gingiva_1
OTU_97.26560,Saliva_1
OTU_97.26560,Right_Antecubital_fossa_1
OTU_97.26560,Anterior_nares_1
OTU_97.26568,Tongue_dorsum
OTU_97.26568,Right_Retroauricular_crease
OTU_97.26568,Palatine_Tonsils_1
OTU_97.26568,Anterior_nares
OTU_97.26569,Right_Retroauricular_crease
OTU_97.26574,Right_Antecubital_fossa
OTU_97.26574,Hard_palate_1
OTU_97.26574,Anterior_nares
OTU_97.2658,Subgingival_plaque
OTU_97.2658,Supragingival_plaque
OTU_97.2658,Anterior_nares
OTU_97.26582,Supragingival_plaque_1
OTU_97.26582,Attached_Keratinized_gingiva
OTU_97.26582,Throat_1
OTU_97.26582,Anterior_nares_1
OTU_97.26596,Right_Retroauricular_crease
OTU_97.26596,Hard_palate
OTU_97.26596,Buccal_mucosa_1
OTU_97.26596,Throat_1
OTU_97.26597,Saliva
OTU_97.26597,Anterior_nares_1
OTU_97.26599,Tongue_dorsum
OTU_97.26599,Buccal_mucosa
OTU_97.26599,Attached_Keratinized_gingiva_1
OTU_97.26600,Right_Retroauricular_crease_1
OTU_97.26600,Saliva
OTU_97.26600,Attached_Keratinized_gingiva
OTU_97.26602,Attached_Keratinized_gingiva
OTU_97.26602,Right_Antecubital_fossa_1
OTU_97.26602,Throat_1
OTU_97.26603,Right_Retroauricular_crease
OTU_97.26603,Buccal_mucosa_1
OTU_97.26603,Anterior_nares
OTU_97.26610,Left_Retroauricular_crease
OTU_97.26610,Anterior_nares_1
OTU_97.26611,Stool
OTU_97.26611,Stool_1
OTU_97.26612,Stool_1
OTU_97.26612,Palatine_Tonsils
OTU_97.26612,Anterior_nares_1
OTU_97.26613,Supragingival_plaque_1
OTU_97.26613,Left_Retroauricular_crease
OTU_97.26613,Buccal_mucosa_1
OTU_97.26613,Saliva_1
OTU_97.26613,Left_Retroauricular_crease_1
OTU_97.26619,Anterior_nares
OTU_97.26620,Supragingival_plaque
OTU_97.26620,Saliva
OTU_97.26620,Right_Retroauricular_crease
OTU_97.26620,Hard_palate
OTU_97.26620,Throat_1
OTU_97.26625,Right_Retroauricular_crease_1
OTU_97.26625,Saliva
OTU_97.26625,Stool_1
OTU_97.26625,Anterior_nares
OTU_97.26634,Right_Retroauricular_crease_1
OTU_97.26634,Hard_palate
OTU_97.26634,Stool_1
OTU_97.26634,Attached_Keratinized_gingiva
OTU_97.26643,Anterior_nares
OTU_97.26644,Supragingival_plaque
OTU_97.26644,Saliva
OTU_97.26646,Tongue_dorsum
OTU_97.26646,Left_Antecubital_fossa_1
OTU_97.26646,Hard_palate
OTU_97.26646,Palatine_Tonsils
OTU_97.26646,Left_Antecubital_fossa
OTU_97.26651,Tongue_dorsum
OTU_97.26651,Supragingival_plaque
OTU_97.26651,Buccal_mucosa_1
OTU_97.26651,Saliva_1
OTU_97.26654,Subgingival_plaque
OTU_97.26654,Hard_palate
OTU_97.26654,Buccal_mucosa_1
OTU_97.26654,Stool_1
OTU_97.26655,Subgingival_plaque
OTU_97.26655,Saliva_1
OTU_97.26657,Saliva
OTU_97.26657,Palatine_Tonsils_1
OTU_97.26657,Anterior_nares
OTU_97.26658,Hard_palate
OTU_97.26658,Throat
OTU_97.26664,Supragingival_plaque_1
OTU_97.26664,Left_Antecubital_fossa_1
OTU_97.26664,Hard_palate
OTU_97.26664,Anterior_nares
OTU_97.26664,Left_Antecubital_fossa
OTU_97.26667,Stool
OTU_97.26667,Attached_Keratinized_gingiva
OTU_97.26667,Anterior_nares
OTU_97.26668,Hard_palate
OTU_97.26668,Palatine_Tonsils
OTU_97.26677,Attached_Keratinized_gingiva_1
OTU_97.26677,Saliva_1
OTU_97.26677,Right_Antecubital_fossa_1
OTU_97.26684,Tongue_dorsum
OTU_97.26684,Left_Antecubital_fossa_1
OTU_97.26684,Saliva_1
OTU_97.26685,Tongue_dorsum_1
OTU_97.26686,Saliva_1
OTU_97.26686,Throat
OTU_97.26686,Left_Antecubital_fossa
OTU_97.26686,Throat_1
OTU_97.26689,Buccal_mucosa_1
OTU_97.26689,Stool
OTU_97.26689,Palatine_Tonsils_1
OTU_97.26689,Tongue_dorsum_1
OTU_97.267,Supragingival_plaque
OTU_97.267,Hard_palate
OTU_97.267,Subgingival_plaque_1
OTU_97.26700,Supragingival_plaque_1
OTU_97.26700,Supragingival_plaque
OTU_97.26700,Anterior_nares
OTU_97.26704,Supragingival_plaque_1
OTU_97.26704,Left_Retroauricular_crease
OTU_97.26704,Attached_Keratinized_gingiva_1
OTU_97.26704,Left_Retroauricular_crease_1
OTU_97.26705,Supragingival_plaque
OTU_97.26705,Palatine_Tonsils_1
OTU_97.2671,Hard_palate_1
OTU_97.2671,Subgingival_plaque_1
OTU_97.26710,Buccal_mucosa
OTU_97.26710,Supragingival_plaque
OTU_97.26710,Saliva
OTU_97.26713,Supragingival_plaque
OTU_97.26713,Hard_palate
OTU_97.26713,Saliva_1
OTU_97.26713,Anterior_nares_1
OTU_97.26714,Tongue_dorsum
OTU_97.26714,Subgingival_plaque
OTU_97.26715,Supragingival_plaque
OTU_97.26715,Right_Antecubital_fossa
OTU_97.26716,Buccal_mucosa_1
OTU_97.26717,Hard_palate
OTU_97.26717,Hard_palate_1
OTU_97.26717,Stool_1
OTU_97.26717,Subgingival_plaque_1
OTU_97.26717,Left_Retroauricular_crease_1
OTU_97.26718,Stool_1
OTU_97.26718,Anterior_nares_1
OTU_97.2672,Buccal_mucosa_1
OTU_97.2672,Subgingival_plaque_1
OTU_97.2672,Left_Antecubital_fossa
OTU_97.26727,Supragingival_plaque_1
OTU_97.26728,Left_Antecubital_fossa_1
OTU_97.26728,Right_Antecubital_fossa_1
OTU_97.26729,Buccal_mucosa
OTU_97.26729,Anterior_nares
OTU_97.26732,Left_Antecubital_fossa_1
OTU_97.26732,Right_Retroauricular_crease
OTU_97.26732,Subgingival_plaque_1
OTU_97.26737,Right_Retroauricular_crease_1
OTU_97.26740,Right_Retroauricular_crease
OTU_97.26740,Attached_Keratinized_gingiva_1
OTU_97.26740,Palatine_Tonsils_1
OTU_97.26747,Right_Retroauricular_crease_1
OTU_97.26747,Left_Antecubital_fossa_1
OTU_97.26747,Left_Retroauricular_crease
OTU_97.26747,Throat
OTU_97.26751,Supragingival_plaque
OTU_97.26751,Left_Retroauricular_crease
OTU_97.26755,Buccal_mucosa
OTU_97.26755,Stool
OTU_97.26755,Saliva_1
OTU_97.26755,Throat
OTU_97.26757,Subgingival_plaque
OTU_97.26757,Left_Antecubital_fossa_1
OTU_97.26757,Stool
OTU_97.26757,Stool_1
OTU_97.26757,Anterior_nares_1
OTU_97.26759,Right_Antecubital_fossa
OTU_97.26759,Attached_Keratinized_gingiva_1
OTU_97.26759,Saliva_1
OTU_97.26759,Attached_Keratinized_gingiva
OTU_97.26759,Anterior_nares
OTU_97.26760,Saliva_1
OTU_97.26760,Palatine_Tonsils_1
OTU_97.26762,Stool
OTU_97.26762,Stool_1
OTU_97.26762,Palatine_Tonsils
OTU_97.26763,Subgingival_plaque
OTU_97.26763,Supragingival_plaque_1
OTU_97.26763,Subgingival_plaque_1
OTU_97.26763,Palatine_Tonsils_1
OTU_97.26768,Right_Retroauricular_crease_1
OTU_97.26768,Buccal_mucosa_1
OTU_97.26768,Stool_1
OTU_97.26768,Left_Retroauricular_crease_1
OTU_97.26768,Throat_1
OTU_97.26769,Right_Retroauricular_crease_1
OTU_97.26769,Left_Retroauricular_crease
OTU_97.26769,Attached_Keratinized_gingiva
OTU_97.26775,Attached_Keratinized_gingiva_1
OTU_97.26775,Stool_1
OTU_97.26775,Left_Antecubital_fossa
OTU_97.2678,Supragingival_plaque
OTU_97.2678,Left_Antecubital_fossa_1
OTU_97.2678,Left_Antecubital_fossa
OTU_97.26784,Subgingival_plaque
OTU_97.26784,Saliva
OTU_97.26784,Subgingival_plaque_1
OTU_97.26784,Palatine_Tonsils
OTU_97.26784,Left_Antecubital_fossa
OTU_97.26794,Left_Retroauricular_crease
OTU_97.26794,Palatine_Tonsils_1
OTU_97.26803,Right_Antecubital_fossa
OTU_97.26803,Attached_Keratinized_gingiva_1
OTU_97.26803,Stool_1
OTU_97.2681,Right_Retroauricular_crease
OTU_97.2681,Subgingival_plaque_1
OTU_97.26810,Saliva
OTU_97.26810,Buccal_mucosa_1
OTU_97.26813,Right_Retroauricular_crease_1
OTU_97.26813,Anterior_nares
OTU_97.26817,Tongue_dorsum
OTU_97.26817,Supragingival_plaque_1
OTU_97.26817,Left_Retroauricular_crease
OTU_97.26825,Tongue_dorsum
OTU_97.26825,Saliva_1
OTU_97.26825,Throat
OTU_97.26825,Attached_Keratinized_gingiva
OTU_97.26825,Anterior_nares_1
OTU_97.26829,Buccal_mucosa
OTU_97.26829,Saliva
OTU_97.26829,Hard_palate_1
OTU_97.26829,Stool
OTU_97.26829,Tongue_dorsum_1
OTU_97.26830,Right_Retroauricular_crease_1
OTU_97.26830,Subgingival_plaque
OTU_97.26830,Saliva
OTU_97.26830,Anterior_nares
OTU_97.26834,Supragingival_plaque
OTU_97.26834,Right_Retroauricular_crease
OTU_97.26834,Stool
OTU_97.26834,Throat_1
OTU_97.2684,Supragingival_plaque_1
OTU_97.2684,Throat
OTU_97.26846,Supragingival_plaque
OTU_97.26846,Left_Antecubital_fossa_1
OTU_97.26850,Right_Antecubital_fossa_1
OTU_97.26856,Left_Retroauricular_crease
OTU_97.26856,Palatine_Tonsils_1
OTU_97.26858,Right_Retroauricular_crease
OTU_97.26858,Saliva_1
OTU_97.26858,Attached_Keratinized_gingiva
OTU_97.26859,Right_Retroauricular_crease
OTU_97.26859,Saliva_1
OTU_97.26859,Tongue_dorsum_1
OTU_97.26859,Throat_1
OTU_97.26862,Left_Antecubital_fossa
OTU_97.26875,Buccal_mucosa
OTU_97.26875,Left_Antecubital_fossa
OTU_97.26878,Stool
OTU_97.26878,Left_Retroauricular_crease_1
OTU_97.26879,Subgingival_plaque
OTU_97.26879,Stool_1
OTU_97.26880,Saliva
OTU_97.26880,Left_Antecubital_fossa_1
OTU_97.26880,Attached_Keratinized_gingiva_1
OTU_97.26880,Stool
OTU_97.26880,Stool_1
OTU_97.26880,Right_Antecubital_fossa_1
OTU_97.26881,Hard_palate_1
OTU_97.26881,Stool
OTU_97.26895,Tongue_dorsum
OTU_97.26895,Right_Retroauricular_crease_1
OTU_97.26895,Saliva
OTU_97.26895,Right_Antecubital_fossa
OTU_97.2690,Supragingival_plaque_1
OTU_97.2690,Stool_1
OTU_97.2690,Palatine_Tonsils
OTU_97.26900,Supragingival_plaque_1
OTU_97.26903,Subgingival_plaque_1
OTU_97.26903,Palatine_Tonsils_1
OTU_97.26908,Supragingival_plaque_1
OTU_97.26908,Hard_palate
OTU_97.26908,Anterior_nares_1
OTU_97.26914,Left_Antecubital_fossa_1
OTU_97.26914,Palatine_Tonsils
OTU_97.26915,Attached_Keratinized_gingiva_1
OTU_97.26915,Right_Antecubital_fossa_1
OTU_97.26915,Throat_1
OTU_97.26917,Buccal_mucosa_1
OTU_97.26917,Subgingival_plaque_1
OTU_97.26917,Left_Retroauricular_crease_1
OTU_97.26921,Tongue_dorsum
OTU_97.26923,Supragingival_plaque_1
OTU_97.26923,Left_Antecubital_fossa_1
OTU_97.26923,Subgingival_plaque_1
OTU_97.26923,Palatine_Tonsils_1
OTU_97.26924,Left_Antecubital_fossa
OTU_97.26927,Subgingival_plaque_1
OTU_97.26927,Palatine_Tonsils_1
OTU_97.26927,Left_Antecubital_fossa
OTU_97.26928,Left_Retroauricular_crease
OTU_97.2693,Right_Retroauricular_crease_1
OTU_97.2693,Saliva
OTU_97.2693,Right_Retroauricular_crease
OTU_97.2693,Attached_Keratinized_gingiva
OTU_97.26931,Left_Antecubital_fossa_1
OTU_97.26931,Tongue_dorsum_1
OTU_97.26939,Right_Antecubital_fossa
OTU_97.2694,Tongue_dorsum
OTU_97.2694,Attached_Keratinized_gingiva_1
OTU_97.2694,Throat_1
OTU_97.26941,Supragingival_plaque_1
OTU_97.26941,Hard_palate
OTU_97.26942,Tongue_dorsum_1
OTU_97.26944,Left_Retroauricular_crease
OTU_97.26944,Attached_Keratinized_gingiva_1
OTU_97.26944,Hard_palate_1
OTU_97.26944,Stool_1
OTU_97.26949,Right_Retroauricular_crease
OTU_97.26949,Tongue_dorsum_1
OTU_97.26949,Right_Antecubital_fossa_1
OTU_97.26950,Right_Retroauricular_crease
OTU_97.26950,Left_Retroauricular_crease
OTU_97.26950,Hard_palate
OTU_97.26953,Saliva_1
OTU_97.26953,Tongue_dorsum_1
OTU_97.26953,Anterior_nares_1
OTU_97.26961,Left_Antecubital_fossa_1
OTU_97.26961,Palatine_Tonsils_1
OTU_97.26961,Anterior_nares
OTU_97.26962,Saliva
OTU_97.26962,Throat
OTU_97.26967,Saliva
OTU_97.26973,Right_Retroauricular_crease_1
OTU_97.26973,Buccal_mucosa_1
OTU_97.26973,Anterior_nares_1
OTU_97.2698,Supragingival_plaque_1
OTU_97.2698,Left_Retroauricular_crease
OTU_97.26981,Left_Antecubital_fossa_1
OTU_97.26981,Right_Retroauricular_crease
OTU_97.26981,Palatine_Tonsils
OTU_97.26989,Right_Retroauricular_crease_1
OTU_97.26989,Saliva
OTU_97.2699,Left_Antecubital_fossa_1
OTU_97.2699,Subgingival_plaque_1
OTU_97.2699,Anterior_nares
OTU_97.26995,Left_Antecubital_fossa_1
OTU_97.26995,Left_Retroauricular_crease
OTU_97.26995,Hard_palate_1
OTU_97.26995,Subgingival_plaque_1
OTU_97.26995,Tongue_dorsum_1
OTU_97.26996,Stool
OTU_97.26997,Right_Antecubital_fossa_1
OTU_97.27,Throat
OTU_97.27,Left_Retroauricular_crease_1
OTU_97.270,Subgingival_plaque
OTU_97.270,Buccal_mucosa
OTU_97.270,Stool
OTU_97.270,Anterior_nares
OTU_97.27005,Buccal_mucosa
OTU_97.27005,Attached_Keratinized_gingiva_1
OTU_97.27005,Hard_palate
OTU_97.27005,Palatine_Tonsils_1
OTU_97.27005,Left_Retroauricular_crease_1
OTU_97.27005,Throat_1
OTU_97.27013,Buccal_mucosa
OTU_97.27013,Palatine_Tonsils
OTU_97.27018,Saliva
OTU_97.27018,Buccal_mucosa_1
OTU_97.27018,Throat
OTU_97.27020,Supragingival_plaque_1
OTU_97.27020,Left_Antecubital_fossa_1
OTU_97.27020,Hard_palate
OTU_97.27020,Left_Antecubital_fossa
OTU_97.27021,Right_Antecubital_fossa
OTU_97.27021,Hard_palate_1
OTU_97.27021,Subgingival_plaque_1
OTU_97.27021,Left_Retroauricular_crease_1
OTU_97.27036,Tongue_dorsum
OTU_97.27036,Saliva_1
OTU_97.27038,Saliva
OTU_97.27039,Buccal_mucosa_1
OTU_97.2704,Throat
OTU_97.2704,Attached_Keratinized_gingiva
OTU_97.2704,Tongue_dorsum_1
OTU_97.27041,Buccal_mucosa
OTU_97.27041,Attached_Keratinized_gingiva_1
OTU_97.27041,Stool
OTU_97.27041,Throat
OTU_97.27042,Subgingival_plaque
OTU_97.27042,Right_Antecubital_fossa_1
OTU_97.27044,Hard_palate
OTU_97.27044,Hard_palate_1
OTU_97.27047,Subgingival_plaque_1
OTU_97.27047,Anterior_nares
OTU_97.27062,Stool_1
OTU_97.27063,Supragingival_plaque_1
OTU_97.27063,Supragingival_plaque
OTU_97.27063,Stool
OTU_97.27063,Left_Antecubital_fossa
OTU_97.27065,Tongue_dorsum
OTU_97.27065,Supragingival_plaque
OTU_97.27065,Right_Antecubital_fossa_1
OTU_97.27068,Subgingival_plaque
OTU_97.27068,Supragingival_plaque_1
OTU_97.27068,Supragingival_plaque
OTU_97.27068,Stool
OTU_97.27068,Right_Antecubital_fossa_1
OTU_97.27069,Left_Antecubital_fossa_1
OTU_97.27069,Buccal_mucosa_1
OTU_97.27069,Stool
OTU_97.27069,Palatine_Tonsils_1
OTU_97.27069,Left_Retroauricular_crease_1
OTU_97.27077,Hard_palate
OTU_97.27077,Subgingival_plaque_1
OTU_97.27089,Palatine_Tonsils
OTU_97.27090,Saliva
OTU_97.27090,Buccal_mucosa_1
OTU_97.27090,Saliva_1
OTU_97.27090,Throat
OTU_97.27097,Palatine_Tonsils_1
OTU_97.271,Left_Retroauricular_crease
OTU_97.271,Tongue_dorsum_1
OTU_97.2710,Right_Antecubital_fossa
OTU_97.2710,Anterior_nares
OTU_97.27100,Right_Antecubital_fossa
OTU_97.27100,Palatine_Tonsils
OTU_97.27101,Left_Antecubital_fossa
OTU_97.27108,Left_Retroauricular_crease_1
OTU_97.27109,Left_Retroauricular_crease
OTU_97.27109,Palatine_Tonsils_1
OTU_97.2712,Tongue_dorsum
OTU_97.2712,Throat_1
OTU_97.27123,Saliva
OTU_97.27123,Attached_Keratinized_gingiva_1
OTU_97.27123,Left_Antecubital_fossa
OTU_97.27124,Palatine_Tonsils
OTU_97.27124,Throat
OTU_97.27125,Supragingival_plaque
OTU_97.27125,Subgingival_plaque_1
OTU_97.27125,Palatine_Tonsils_1
OTU_97.27125,Throat_1
OTU_97.27137,Attached_Keratinized_gingiva
OTU_97.27137,Throat_1
OTU_97.27138,Subgingival_plaque
OTU_97.27138,Supragingival_plaque
OTU_97.27144,Tongue_dorsum
OTU_97.27144,Attached_Keratinized_gingiva_1
OTU_97.27144,Buccal_mucosa_1
OTU_97.27144,Saliva_1
OTU_97.27147,Left_Antecubital_fossa
OTU_97.27149,Left_Antecubital_fossa_1
OTU_97.27149,Buccal_mucosa_1
OTU_97.27151,Supragingival_plaque_1
OTU_97.27151,Buccal_mucosa
OTU_97.27151,Hard_palate_1
OTU_97.27151,Tongue_dorsum_1
OTU_97.27156,Left_Retroauricular_crease
OTU_97.27156,Stool
OTU_97.27156,Palatine_Tonsils
OTU_97.27156,Right_Antecubital_fossa_1
OTU_97.2716,Supragingival_plaque_1
OTU_97.2716,Throat_1
OTU_97.27163,Tongue_dorsum_1
OTU_97.27163,Anterior_nares_1
OTU_97.27164,Buccal_mucosa_1
OTU_97.27164,Stool
OTU_97.27164,Subgingival_plaque_1
OTU_97.27164,Saliva_1
OTU_97.27164,Tongue_dorsum_1
OTU_97.27165,Left_Antecubital_fossa_1
OTU_97.27165,Stool_1
OTU_97.27170,Supragingival_plaque_1
OTU_97.27170,Supragingival_plaque
OTU_97.27170,Hard_palate
OTU_97.27170,Throat
OTU_97.27176,Right_Antecubital_fossa
OTU_97.27176,Throat
OTU_97.27176,Left_Antecubital_fossa
OTU_97.27177,Throat_1
OTU_97.27182,Tongue_dorsum
OTU_97.27182,Buccal_mucosa_1
OTU_97.27182,Stool
OTU_97.27182,Throat
OTU_97.27182,Left_Antecubital_fossa
OTU_97.27183,Hard_palate_1
OTU_97.27183,Saliva_1
OTU_97.27183,Palatine_Tonsils_1
OTU_97.27183,Left_Antecubital_fossa
OTU_97.27188,Throat_1
OTU_97.27193,Buccal_mucosa
OTU_97.27193,Left_Retroauricular_crease
OTU_97.27193,Subgingival_plaque_1
OTU_97.27195,Supragingival_plaque_1
OTU_97.27195,Stool_1
OTU_97.27199,Attached_Keratinized_gingiva
OTU_97.2720,Right_Retroauricular_crease_1
OTU_97.2720,Right_Antecubital_fossa
OTU_97.2720,Palatine_Tonsils
OTU_97.27202,Stool_1
OTU_97.27202,Saliva_1
OTU_97.27203,Tongue_dorsum_1
OTU_97.27203,Throat_1
OTU_97.27203,Anterior_nares_1
OTU_97.27209,Right_Retroauricular_crease
OTU_97.27209,Hard_palate_1
OTU_97.27209,Palatine_Tonsils
OTU_97.27214,Attached_Keratinized_gingiva_1
OTU_97.27214,Saliva_1
OTU_97.27217,Supragingival_plaque
OTU_97.27217,Right_Antecubital_fossa
OTU_97.27217,Left_Retroauricular_crease
OTU_97.27217,Attached_Keratinized_gingiva_1
OTU_97.27217,Hard_palate_1
OTU_97.27217,Palatine_Tonsils_1
OTU_97.27225,Right_Antecubital_fossa
OTU_97.27232,Left_Antecubital_fossa_1
OTU_97.27232,Hard_palate_1
OTU_97.27232,Buccal_mucosa_1
OTU_97.27241,Saliva_1
OTU_97.27243,Right_Retroauricular_crease
OTU_97.27243,Left_Retroauricular_crease
OTU_97.27243,Attached_Keratinized_gingiva_1
OTU_97.27246,Left_Retroauricular_crease
OTU_97.27246,Palatine_Tonsils
OTU_97.27246,Anterior_nares_1
OTU_97.27247,Left_Retroauricular_crease_1
OTU_97.2725,Subgingival_plaque
OTU_97.27256,Supragingival_plaque_1
OTU_97.27256,Left_Retroauricular_crease_1
OTU_97.27259,Palatine_Tonsils
OTU_97.27262,Left_Retroauricular_crease
OTU_97.27262,Stool_1
OTU_97.27262,Palatine_Tonsils
OTU_97.27262,Anterior_nares
OTU_97.27267,Tongue_dorsum
OTU_97.27267,Supragingival_plaque_1
OTU_97.27267,Right_Antecubital_fossa
OTU_97.2727,Subgingival_plaque
OTU_97.2727,Left_Retroauricular_crease
OTU_97.27282,Stool
OTU_97.27283,Right_Retroauricular_crease_1
OTU_97.27283,Supragingival_plaque
OTU_97.27283,Attached_Keratinized_gingiva_1
OTU_97.27288,Throat_1
OTU_97.273,Subgingival_plaque
OTU_97.273,Right_Antecubital_fossa_1
OTU_97.27302,Buccal_mucosa
OTU_97.27302,Saliva_1
OTU_97.27315,Saliva
OTU_97.27315,Subgingival_plaque_1
OTU_97.2732,Right_Retroauricular_crease_1
OTU_97.2732,Throat_1
OTU_97.2732,Anterior_nares_1
OTU_97.27324,Subgingival_plaque
OTU_97.27324,Hard_palate
OTU_97.27324,Stool
OTU_97.27324,Left_Antecubital_fossa
OTU_97.27343,Left_Retroauricular_crease_1
OTU_97.27344,Buccal_mucosa_1
OTU_97.27349,Buccal_mucosa_1
OTU_97.27355,Saliva
OTU_97.27362,Supragingival_plaque
OTU_97.27362,Stool
OTU_97.27366,Right_Retroauricular_crease_1
OTU_97.27366,Stool_1
OTU_97.2737,Throat
OTU_97.27371,Right_Antecubital_fossa
OTU_97.27371,Left_Retroauricular_crease
OTU_97.27373,Left_Retroauricular_crease
OTU_97.27373,Throat
OTU_97.27378,Stool
OTU_97.27381,Buccal_mucosa
OTU_97.27381,Hard_palate_1
OTU_97.27384,Tongue_dorsum
OTU_97.27384,Hard_palate
OTU_97.27384,Tongue_dorsum_1
OTU_97.27392,Right_Retroauricular_crease
OTU_97.27392,Left_Retroauricular_crease_1
OTU_97.27393,Hard_palate_1
OTU_97.27397,Hard_palate
OTU_97.27397,Stool
OTU_97.27397,Stool_1
OTU_97.27397,Anterior_nares
OTU_97.274,Supragingival_plaque_1
OTU_97.27403,Tongue_dorsum
OTU_97.27403,Saliva
OTU_97.27407,Left_Retroauricular_crease
OTU_97.27407,Subgingival_plaque_1
OTU_97.27415,Subgingival_plaque
OTU_97.27415,Left_Antecubital_fossa
OTU_97.27415,Right_Antecubital_fossa_1
OTU_97.27417,Tongue_dorsum
OTU_97.27417,Palatine_Tonsils_1
OTU_97.27418,Supragingival_plaque
OTU_97.27418,Buccal_mucosa_1
OTU_97.27418,Throat
OTU_97.27418,Palatine_Tonsils_1
OTU_97.27418,Left_Retroauricular_crease_1
OTU_97.27420,Left_Retroauricular_crease
OTU_97.27421,Tongue_dorsum_1
OTU_97.27422,Hard_palate
OTU_97.27422,Stool_1
OTU_97.27442,Saliva
OTU_97.27442,Throat_1
OTU_97.27446,Saliva_1
OTU_97.27449,Supragingival_plaque_1
OTU_97.27449,Hard_palate
OTU_97.2745,Saliva
OTU_97.2745,Left_Antecubital_fossa
OTU_97.27450,Right_Antecubital_fossa
OTU_97.27450,Throat_1
OTU_97.27450,Anterior_nares_1
OTU_97.27453,Supragingival_plaque_1
OTU_97.2746,Right_Retroauricular_crease
OTU_97.2746,Hard_palate_1
OTU_97.27464,Left_Retroauricular_crease
OTU_97.27464,Throat
OTU_97.27464,Left_Retroauricular_crease_1
OTU_97.27467,Left_Antecubital_fossa
OTU_97.27468,Right_Retroauricular_crease_1
OTU_97.27468,Subgingival_plaque
OTU_97.27468,Stool_1
OTU_97.27470,Tongue_dorsum
OTU_97.27484,Tongue_dorsum
OTU_97.27484,Right_Antecubital_fossa
OTU_97.27484,Hard_palate
OTU_97.27484,Hard_palate_1
OTU_97.2749,Saliva
OTU_97.27494,Anterior_nares
OTU_97.27494,Throat_1
OTU_97.27496,Hard_palate_1
OTU_97.27496,Stool
OTU_97.27505,Tongue_dorsum
OTU_97.27505,Left_Antecubital_fossa_1
OTU_97.27505,Attached_Keratinized_gingiva_1
OTU_97.27505,Saliva_1
OTU_97.27506,Palatine_Tonsils_1
OTU_97.27506,Right_Antecubital_fossa_1
OTU_97.27509,Tongue_dorsum
OTU_97.27509,Saliva
OTU_97.27509,Palatine_Tonsils_1
OTU_97.27509,Tongue_dorsum_1
OTU_97.27511,Tongue_dorsum
OTU_97.27511,Supragingival_plaque_1
OTU_97.27511,Hard_palate
OTU_97.27511,Subgingival_plaque_1
OTU_97.27511,Left_Retroauricular_crease_1
OTU_97.27513,Subgingival_plaque
OTU_97.27513,Supragingival_plaque_1
OTU_97.27513,Left_Retroauricular_crease
OTU_97.27519,Attached_Keratinized_gingiva_1
OTU_97.27519,Saliva_1
OTU_97.27520,Right_Retroauricular_crease_1
OTU_97.27527,Right_Retroauricular_crease
OTU_97.27527,Stool
OTU_97.27527,Subgingival_plaque_1
OTU_97.27527,Saliva_1
OTU_97.27527,Throat_1
OTU_97.27528,Subgingival_plaque_1
OTU_97.27528,Left_Retroauricular_crease_1
OTU_97.2753,Buccal_mucosa_1
OTU_97.2753,Palatine_Tonsils_1
OTU_97.2753,Left_Antecubital_fossa
OTU_97.2753,Right_Antecubital_fossa_1
OTU_97.2753,Anterior_nares_1
OTU_97.27534,Right_Retroauricular_crease_1
OTU_97.27534,Attached_Keratinized_gingiva_1
OTU_97.27535,Hard_palate
OTU_97.27535,Throat_1
OTU_97.27538,Right_Retroauricular_crease
OTU_97.27538,Stool
OTU_97.27538,Throat
OTU_97.27538,Palatine_Tonsils_1
OTU_97.27538,Anterior_nares_1
OTU_97.27542,Tongue_dorsum
OTU_97.27544,Tongue_dorsum
OTU_97.27544,Saliva
OTU_97.27544,Right_Retroauricular_crease
OTU_97.27544,Attached_Keratinized_gingiva_1
OTU_97.27549,Throat_1
OTU_97.27550,Supragingival_plaque
OTU_97.27550,Hard_palate
OTU_97.27550,Hard_palate_1
OTU_97.27550,Right_Antecubital_fossa_1
OTU_97.27554,Saliva_1
OTU_97.27554,Left_Antecubital_fossa
OTU_97.2756,Subgingival_plaque
OTU_97.2756,Palatine_Tonsils
OTU_97.27560,Right_Retroauricular_crease_1
OTU_97.2757,Buccal_mucosa
OTU_97.27573,Attached_Keratinized_gingiva_1
OTU_97.27573,Subgingival_plaque_1
OTU_97.27573,Palatine_Tonsils
OTU_97.27578,Supragingival_plaque_1
OTU_97.27578,Left_Antecubital_fossa_1
OTU_97.27578,Right_Retroauricular_crease
OTU_97.27578,Hard_palate_1
OTU_97.2758,Saliva
OTU_97.2758,Buccal_mucosa_1
OTU_97.2758,Right_Antecubital_fossa_1
OTU_97.27585,Buccal_mucosa
OTU_97.27585,Stool_1
OTU_97.27588,Tongue_dorsum
OTU_97.27588,Buccal_mucosa
OTU_97.2759,Left_Retroauricular_crease
OTU_97.2759,Throat
OTU_97.27590,Tongue_dorsum
OTU_97.27590,Saliva_1
OTU_97.27590,Throat
OTU_97.27598,Left_Antecubital_fossa
OTU_97.27598,Anterior_nares_1
OTU_97.276,Saliva_1
OTU_97.276,Palatine_Tonsils
OTU_97.276,Left_Antecubital_fossa
OTU_97.27601,Attached_Keratinized_gingiva
OTU_97.27601,Anterior_nares
OTU_97.27605,Right_Retroauricular_crease
OTU_97.27605,Hard_palate_1
OTU_97.27605,Buccal_mucosa_1
OTU_97.27605,Palatine_Tonsils_1
OTU_97.27606,Tongue_dorsum
OTU_97.27606,Right_Retroauricular_crease_1
OTU_97.27606,Left_Antecubital_fossa_1
OTU_97.27608,Stool_1
OTU_97.27608,Attached_Keratinized_gingiva
OTU_97.27608,Anterior_nares
OTU_97.27611,Hard_palate_1
OTU_97.27613,Left_Retroauricular_crease
OTU_97.27613,Attached_Keratinized_gingiva_1
OTU_97.27613,Stool
OTU_97.27613,Stool_1
OTU_97.27613,Tongue_dorsum_1
OTU_97.27618,Right_Retroauricular_crease_1
OTU_97.27618,Saliva
OTU_97.27618,Right_Antecubital_fossa_1
OTU_97.27628,Throat
OTU_97.27636,Left_Retroauricular_crease
OTU_97.27636,Palatine_Tonsils
OTU_97.27636,Anterior_nares_1
OTU_97.27643,Left_Retroauricular_crease
OTU_97.27643,Subgingival_plaque_1
OTU_97.27645,Left_Retroauricular_crease
OTU_97.27645,Attached_Keratinized_gingiva_1
OTU_97.27645,Left_Retroauricular_crease_1
OTU_97.27646,Hard_palate
OTU_97.27646,Buccal_mucosa_1
OTU_97.27646,Stool
OTU_97.27648,Tongue_dorsum
OTU_97.27648,Supragingival_plaque
OTU_97.27648,Buccal_mucosa_1
OTU_97.27648,Stool
OTU_97.27648,Saliva_1
OTU_97.27649,Buccal_mucosa
OTU_97.27649,Right_Retroauricular_crease
OTU_97.27649,Hard_palate
OTU_97.27649,Hard_palate_1
OTU_97.2765,Right_Retroauricular_crease_1
OTU_97.2765,Supragingival_plaque
OTU_97.2765,Hard_palate_1
OTU_97.27650,Saliva_1
OTU_97.27650,Throat_1
OTU_97.27650,Anterior_nares_1
OTU_97.27656,Saliva
OTU_97.27656,Left_Antecubital_fossa_1
OTU_97.27656,Throat
OTU_97.27656,Attached_Keratinized_gingiva
OTU_97.27657,Subgingival_plaque_1
OTU_97.27657,Palatine_Tonsils_1
OTU_97.27658,Left_Antecubital_fossa_1
OTU_97.27658,Right_Antecubital_fossa
OTU_97.27658,Stool
OTU_97.27658,Stool_1
OTU_97.27658,Throat_1
OTU_97.27659,Tongue_dorsum
OTU_97.27659,Left_Retroauricular_crease_1
OTU_97.27659,Left_Antecubital_fossa
OTU_97.2766,Right_Antecubital_fossa
OTU_97.2766,Palatine_Tonsils_1
OTU_97.27660,Tongue_dorsum
OTU_97.27660,Right_Antecubital_fossa
OTU_97.27660,Left_Retroauricular_crease
OTU_97.27660,Palatine_Tonsils
OTU_97.27663,Buccal_mucosa
OTU_97.27663,Right_Retroauricular_crease
OTU_97.27663,Subgingival_plaque_1
OTU_97.27663,Attached_Keratinized_gingiva
OTU_97.27663,Palatine_Tonsils_1
OTU_97.27674,Stool_1
OTU_97.27674,Attached_Keratinized_gingiva
OTU_97.27674,Anterior_nares_1
OTU_97.27675,Left_Retroauricular_crease
OTU_97.27675,Attached_Keratinized_gingiva_1
OTU_97.27675,Hard_palate
OTU_97.27675,Subgingival_plaque_1
OTU_97.27675,Right_Antecubital_fossa_1
OTU_97.27678,Left_Antecubital_fossa_1
OTU_97.27678,Saliva_1
OTU_97.27680,Saliva_1
OTU_97.27680,Tongue_dorsum_1
OTU_97.27681,Subgingival_plaque
OTU_97.27681,Supragingival_plaque_1
OTU_97.27681,Saliva
OTU_97.27681,Subgingival_plaque_1
OTU_97.27681,Palatine_Tonsils
OTU_97.27681,Attached_Keratinized_gingiva
OTU_97.27681,Anterior_nares
OTU_97.27682,Buccal_mucosa
OTU_97.27682,Supragingival_plaque
OTU_97.27682,Palatine_Tonsils
OTU_97.27682,Left_Antecubital_fossa
OTU_97.2769,Buccal_mucosa_1
OTU_97.27691,Stool_1
OTU_97.27691,Left_Retroauricular_crease_1
OTU_97.27691,Left_Antecubital_fossa
OTU_97.27694,Supragingival_plaque
OTU_97.27694,Palatine_Tonsils
OTU_97.27699,Tongue_dorsum_1
OTU_97.27699,Right_Antecubital_fossa_1
OTU_97.27701,Buccal_mucosa_1
OTU_97.27709,Saliva_1
OTU_97.27709,Palatine_Tonsils_1
OTU_97.2771,Stool
OTU_97.2771,Stool_1
OTU_97.2771,Left_Antecubital_fossa
OTU_97.27714,Attached_Keratinized_gingiva
OTU_97.27714,Palatine_Tonsils_1
OTU_97.27714,Anterior_nares_1
OTU_97.27717,Subgingival_plaque
OTU_97.27717,Throat
OTU_97.27717,Anterior_nares
OTU_97.27719,Tongue_dorsum
OTU_97.27719,Subgingival_plaque
OTU_97.27719,Left_Retroauricular_crease
OTU_97.27719,Tongue_dorsum_1
OTU_97.2772,Tongue_dorsum
OTU_97.2772,Attached_Keratinized_gingiva
OTU_97.2772,Left_Retroauricular_crease_1
OTU_97.2772,Anterior_nares_1
OTU_97.27734,Hard_palate_1
OTU_97.27747,Stool
OTU_97.27747,Stool_1
OTU_97.27749,Attached_Keratinized_gingiva_1
OTU_97.2775,Buccal_mucosa
OTU_97.2775,Hard_palate
OTU_97.2775,Stool
OTU_97.27750,Palatine_Tonsils_1
OTU_97.27750,Left_Antecubital_fossa
OTU_97.27756,Right_Retroauricular_crease_1
OTU_97.27756,Supragingival_plaque_1
OTU_97.27756,Palatine_Tonsils
OTU_97.27757,Supragingival_plaque_1
OTU_97.27757,Stool_1
OTU_97.27757,Right_Antecubital_fossa_1
OTU_97.27768,Right_Retroauricular_crease
OTU_97.27768,Right_Antecubital_fossa
OTU_97.27768,Stool_1
OTU_97.27768,Left_Retroauricular_crease_1
OTU_97.27768,Left_Antecubital_fossa
OTU_97.27769,Right_Antecubital_fossa
OTU_97.27770,Tongue_dorsum
OTU_97.27770,Stool
OTU_97.27771,Subgingival_plaque
OTU_97.27771,Buccal_mucosa
OTU_97.27771,Stool
OTU_97.27772,Buccal_mucosa
OTU_97.27772,Left_Antecubital_fossa_1
OTU_97.27772,Throat
OTU_97.27774,Stool
OTU_97.27774,Attached_Keratinized_gingiva
OTU_97.27776,Subgingival_plaque_1
OTU_97.27776,Saliva_1
OTU_97.27776,Throat
OTU_97.27776,Tongue_dorsum_1
OTU_97.27777,Left_Retroauricular_crease
OTU_97.2778,Left_Retroauricular_crease
OTU_97.2778,Attached_Keratinized_gingiva_1
OTU_97.2778,Stool_1
OTU_97.27781,Left_Retroauricular_crease
OTU_97.27782,Left_Antecubital_fossa_1
OTU_97.27782,Throat
OTU_97.27782,Tongue_dorsum_1
OTU_97.27788,Tongue_dorsum
OTU_97.27788,Right_Retroauricular_crease_1
OTU_97.27788,Subgingival_plaque
OTU_97.27788,Subgingival_plaque_1
OTU_97.27788,Left_Retroauricular_crease_1
OTU_97.27788,Anterior_nares
OTU_97.27790,Subgingival_plaque
OTU_97.27790,Right_Antecubital_fossa
OTU_97.27791,Tongue_dorsum
OTU_97.27791,Subgingival_plaque
OTU_97.27791,Hard_palate
OTU_97.27794,Supragingival_plaque
OTU_97.27794,Palatine_Tonsils
OTU_97.27795,Anterior_nares
OTU_97.27795,Left_Antecubital_fossa
OTU_97.27795,Right_Antecubital_fossa_1
OTU_97.27799,Saliva
OTU_97.27799,Attached_Keratinized_gingiva_1
OTU_97.27799,Hard_palate_1
OTU_97.27799,Left_Retroauricular_crease_1
OTU_97.278,Subgingival_plaque
OTU_97.278,Saliva
OTU_97.278,Attached_Keratinized_gingiva
OTU_97.278,Left_Antecubital_fossa
OTU_97.278,Right_Antecubital_fossa_1
OTU_97.27801,Subgingival_plaque
OTU_97.27801,Saliva
OTU_97.27801,Buccal_mucosa_1
OTU_97.27801,Throat
OTU_97.27804,Right_Retroauricular_crease_1
OTU_97.27804,Hard_palate
OTU_97.27804,Subgingival_plaque_1
OTU_97.27804,Right_Antecubital_fossa_1
OTU_97.27806,Saliva
OTU_97.27808,Supragingival_plaque_1
OTU_97.27808,Supragingival_plaque
OTU_97.27808,Saliva_1
OTU_97.27808,Right_Antecubital_fossa_1
OTU_97.27809,Saliva
OTU_97.27809,Left_Retroauricular_crease
OTU_97.27809,Tongue_dorsum_1
OTU_97.2781,Right_Retroauricular_crease_1
OTU_97.2781,Anterior_nares_1
OTU_97.27815,Subgingival_plaque
OTU_97.27815,Saliva
OTU_97.27815,Left_Retroauricular_crease
OTU_97.27815,Hard_palate
OTU_97.27815,Left_Antecubital_fossa
OTU_97.27816,Saliva
OTU_97.27816,Left_Retroauricular_crease
OTU_97.27816,Subgingival_plaque_1
OTU_97.27816,Palatine_Tonsils
OTU_97.27818,Left_Retroauricular_crease
OTU_97.27818,Attached_Keratinized_gingiva_1
OTU_97.27818,Throat_1
OTU_97.27823,Right_Retroauricular_crease_1
OTU_97.27823,Saliva
OTU_97.27824,Stool_1
OTU_97.27824,Right_Antecubital_fossa_1
OTU_97.2783,Subgingival_plaque_1
OTU_97.2783,Palatine_Tonsils_1
OTU_97.27831,Supragingival_plaque_1
OTU_97.27831,Left_Antecubital_fossa_1
OTU_97.27831,Left_Retroauricular_crease_1
OTU_97.27831,Left_Antecubital_fossa
OTU_97.27836,Saliva
OTU_97.27836,Right_Retroauricular_crease
OTU_97.27836,Stool
OTU_97.27845,Tongue_dorsum
OTU_97.27845,Palatine_Tonsils_1
OTU_97.27845,Anterior_nares_1
OTU_97.27848,Buccal_mucosa
OTU_97.27848,Throat_1
OTU_97.27851,Stool
OTU_97.27852,Right_Retroauricular_crease_1
OTU_97.27852,Anterior_nares_1
OTU_97.27856,Tongue_dorsum_1
OTU_97.27860,Buccal_mucosa
OTU_97.27860,Attached_Keratinized_gingiva_1
OTU_97.27868,Supragingival_plaque
OTU_97.27868,Hard_palate_1
OTU_97.27868,Palatine_Tonsils_1
OTU_97.27871,Stool_1
OTU_97.27871,Anterior_nares
OTU_97.27872,Buccal_mucosa
OTU_97.27872,Supragingival_plaque
OTU_97.27872,Right_Antecubital_fossa
OTU_97.27872,Saliva_1
OTU_97.27876,Saliva_1
OTU_97.27876,Palatine_Tonsils
OTU_97.27876,Throat_1
OTU_97.27877,Tongue_dorsum
OTU_97.27877,Hard_palate
OTU_97.27877,Tongue_dorsum_1
OTU_97.27878,Hard_palate
OTU_97.27878,Stool
OTU_97.27878,Palatine_Tonsils
OTU_97.27878,Attached_Keratinized_gingiva
OTU_97.27878,Right_Antecubital_fossa_1
OTU_97.27879,Hard_palate
OTU_97.27879,Hard_palate_1
OTU_97.27879,Subgingival_plaque_1
OTU_97.27888,Right_Retroauricular_crease
OTU_97.27895,Tongue_dorsum
OTU_97.27895,Hard_palate
OTU_97.27896,Left_Retroauricular_crease
OTU_97.27896,Attached_Keratinized_gingiva_1
OTU_97.27896,Throat
OTU_97.27897,Hard_palate
OTU_97.27897,Subgingival_plaque_1
OTU_97.27899,Left_Antecubital_fossa_1
OTU_97.27899,Left_Retroauricular_crease
OTU_97.27899,Hard_palate
OTU_97.279,Tongue_dorsum
OTU_97.279,Anterior_nares
OTU_97.2790,Subgingival_plaque_1
OTU_97.2790,Tongue_dorsum_1
OTU_97.27900,Supragingival_plaque_1
OTU_97.27900,Stool_1
OTU_97.27900,Right_Antecubital_fossa_1
OTU_97.27901,Left_Antecubital_fossa_1
OTU_97.27901,Right_Antecubital_fossa_1
OTU_97.27905,Hard_palate_1
OTU_97.27905,Anterior_nares
OTU_97.27917,Tongue_dorsum_1
OTU_97.27927,Saliva_1
OTU_97.27927,Attached_Keratinized_gingiva
OTU_97.2793,Subgingival_plaque
OTU_97.2793,Palatine_Tonsils
OTU_97.2793,Attached_Keratinized_gingiva
OTU_97.27932,Subgingival_plaque
OTU_97.27932,Saliva
OTU_97.27932,Subgingival_plaque_1
OTU_97.27932,Right_Antecubital_fossa_1
OTU_97.27932,Anterior_nares_1
OTU_97.27941,Left_Antecubital_fossa
OTU_97.27943,Tongue_dorsum
OTU_97.27946,Hard_palate
OTU_97.27946,Subgingival_plaque_1
OTU_97.27946,Throat_1
OTU_97.27956,Left_Retroauricular_crease
OTU_97.27956,Hard_palate
OTU_97.27956,Attached_Keratinized_gingiva
OTU_97.27956,Left_Antecubital_fossa
OTU_97.27956,Tongue_dorsum_1
OTU_97.27957,Subgingival_plaque
OTU_97.27957,Saliva
OTU_97.27959,Throat
OTU_97.27967,Anterior_nares_1
OTU_97.27971,Supragingival_plaque_1
OTU_97.27971,Supragingival_plaque
OTU_97.27977,Supragingival_plaque
OTU_97.27980,Right_Retroauricular_crease_1
OTU_97.27980,Left_Antecubital_fossa_1
OTU_97.27987,Saliva_1
OTU_97.27990,Stool
OTU_97.27990,Palatine_Tonsils_1
OTU_97.27996,Right_Antecubital_fossa
OTU_97.27996,Left_Antecubital_fossa
OTU_97.27996,Right_Antecubital_fossa_1
OTU_97.2800,Right_Retroauricular_crease
OTU_97.2800,Right_Antecubital_fossa
OTU_97.2800,Saliva_1
OTU_97.28000,Left_Antecubital_fossa_1
OTU_97.28009,Tongue_dorsum
OTU_97.28009,Hard_palate
OTU_97.28009,Hard_palate_1
OTU_97.28009,Stool_1
OTU_97.28009,Throat
OTU_97.28009,Attached_Keratinized_gingiva
OTU_97.28010,Right_Retroauricular_crease_1
OTU_97.28010,Stool_1
OTU_97.28010,Palatine_Tonsils
OTU_97.28012,Subgingival_plaque
OTU_97.28012,Supragingival_plaque_1
OTU_97.28012,Supragingival_plaque
OTU_97.28012,Hard_palate
OTU_97.28012,Palatine_Tonsils_1
OTU_97.28024,Tongue_dorsum
OTU_97.28024,Attached_Keratinized_gingiva_1
OTU_97.28024,Hard_palate
OTU_97.28024,Stool_1
OTU_97.28024,Throat_1
OTU_97.28025,Tongue_dorsum
OTU_97.28025,Saliva
OTU_97.28025,Right_Antecubital_fossa
OTU_97.28025,Stool_1
OTU_97.28028,Hard_palate_1
OTU_97.28028,Anterior_nares_1
OTU_97.28031,Attached_Keratinized_gingiva_1
OTU_97.28031,Stool_1
OTU_97.28033,Subgingival_plaque
OTU_97.28033,Attached_Keratinized_gingiva_1
OTU_97.28033,Left_Retroauricular_crease_1
OTU_97.2804,Subgingival_plaque
OTU_97.2804,Throat
OTU_97.2804,Left_Antecubital_fossa
OTU_97.28041,Right_Retroauricular_crease_1
OTU_97.28041,Palatine_Tonsils_1
OTU_97.28041,Anterior_nares
OTU_97.28043,Subgingival_plaque
OTU_97.28043,Stool
OTU_97.28043,Throat_1
OTU_97.28049,Supragingival_plaque
OTU_97.28049,Right_Antecubital_fossa
OTU_97.28050,Tongue_dorsum
OTU_97.28050,Buccal_mucosa
OTU_97.28050,Left_Retroauricular_crease
OTU_97.28050,Attached_Keratinized_gingiva_1
OTU_97.28050,Throat_1
OTU_97.28055,Subgingival_plaque
OTU_97.28055,Hard_palate
OTU_97.28055,Throat
OTU_97.28055,Right_Antecubital_fossa_1
OTU_97.28059,Right_Antecubital_fossa
OTU_97.28059,Left_Retroauricular_crease_1
OTU_97.28059,Tongue_dorsum_1
OTU_97.2806,Supragingival_plaque
OTU_97.2806,Saliva_1
OTU_97.2806,Palatine_Tonsils_1
OTU_97.2806,Throat_1
OTU_97.28063,Right_Retroauricular_crease
OTU_97.28063,Stool_1
OTU_97.28063,Anterior_nares
OTU_97.28063,Left_Antecubital_fossa
OTU_97.28064,Supragingival_plaque
OTU_97.28064,Palatine_Tonsils_1
OTU_97.28066,Saliva_1
OTU_97.28066,Palatine_Tonsils
OTU_97.28066,Left_Antecubital_fossa
OTU_97.28066,Tongue_dorsum_1
OTU_97.28073,Attached_Keratinized_gingiva_1
OTU_97.28073,Left_Antecubital_fossa
OTU_97.28079,Right_Retroauricular_crease
OTU_97.28081,Palatine_Tonsils_1
OTU_97.28081,Left_Retroauricular_crease_1
OTU_97.28087,Hard_palate
OTU_97.28087,Stool_1
OTU_97.28087,Right_Antecubital_fossa_1
OTU_97.28089,Subgingival_plaque_1
OTU_97.28089,Throat_1
OTU_97.28090,Tongue_dorsum
OTU_97.28090,Palatine_Tonsils_1
OTU_97.28090,Left_Retroauricular_crease_1
OTU_97.28093,Subgingival_plaque
OTU_97.28098,Tongue_dorsum
OTU_97.281,Right_Retroauricular_crease_1
OTU_97.281,Left_Antecubital_fossa_1
OTU_97.281,Attached_Keratinized_gingiva_1
OTU_97.281,Tongue_dorsum_1
OTU_97.2810,Saliva
OTU_97.2810,Buccal_mucosa_1
OTU_97.2810,Stool
OTU_97.2810,Subgingival_plaque_1
OTU_97.2810,Throat
OTU_97.28100,Right_Antecubital_fossa
OTU_97.28100,Hard_palate
OTU_97.28100,Left_Antecubital_fossa
OTU_97.28103,Attached_Keratinized_gingiva
OTU_97.28109,Right_Retroauricular_crease_1
OTU_97.28113,Right_Retroauricular_crease_1
OTU_97.28113,Right_Antecubital_fossa
OTU_97.28113,Palatine_Tonsils_1
OTU_97.28113,Throat_1
OTU_97.28115,Throat
OTU_97.28115,Tongue_dorsum_1
OTU_97.28116,Supragingival_plaque_1
OTU_97.28116,Attached_Keratinized_gingiva_1
OTU_97.28116,Palatine_Tonsils
OTU_97.28116,Throat
OTU_97.28116,Tongue_dorsum_1
OTU_97.28118,Palatine_Tonsils
OTU_97.28118,Throat
OTU_97.28118,Palatine_Tonsils_1
OTU_97.28118,Left_Retroauricular_crease_1
OTU_97.28118,Anterior_nares_1
OTU_97.28119,Right_Antecubital_fossa
OTU_97.28119,Saliva_1
OTU_97.28126,Left_Antecubital_fossa_1
OTU_97.28127,Attached_Keratinized_gingiva_1
OTU_97.28130,Subgingival_plaque
OTU_97.28130,Saliva
OTU_97.28137,Supragingival_plaque
OTU_97.28137,Subgingival_plaque_1
OTU_97.28141,Supragingival_plaque
OTU_97.28141,Anterior_nares_1
OTU_97.28151,Tongue_dorsum_1
OTU_97.28151,Right_Antecubital_fossa_1
OTU_97.28153,Right_Retroauricular_crease
OTU_97.28153,Saliva_1
OTU_97.28153,Left_Antecubital_fossa
OTU_97.28159,Buccal_mucosa
OTU_97.28159,Stool_1
OTU_97.28159,Subgingival_plaque_1
OTU_97.28161,Right_Antecubital_fossa_1
OTU_97.28164,Tongue_dorsum
OTU_97.28164,Subgingival_plaque
OTU_97.28164,Buccal_mucosa
OTU_97.28164,Attached_Keratinized_gingiva
OTU_97.28165,Left_Antecubital_fossa_1
OTU_97.28165,Right_Retroauricular_crease
OTU_97.28165,Saliva_1
OTU_97.28165,Anterior_nares
OTU_97.28169,Right_Antecubital_fossa
OTU_97.28178,Subgingival_plaque_1
OTU_97.28178,Saliva_1
OTU_97.28187,Hard_palate_1
OTU_97.28187,Throat
OTU_97.28187,Anterior_nares_1
OTU_97.28192,Subgingival_plaque
OTU_97.28192,Hard_palate_1
OTU_97.28198,Subgingival_plaque
OTU_97.28198,Supragingival_plaque_1
OTU_97.28198,Subgingival_plaque_1
OTU_97.28198,Attached_Keratinized_gingiva
OTU_97.28198,Right_Antecubital_fossa_1
OTU_97.2820,Supragingival_plaque_1
OTU_97.2820,Throat
OTU_97.28200,Buccal_mucosa
OTU_97.28200,Left_Antecubital_fossa_1
OTU_97.28200,Palatine_Tonsils_1
OTU_97.28200,Left_Retroauricular_crease_1
OTU_97.28209,Tongue_dorsum
OTU_97.28209,Attached_Keratinized_gingiva_1
OTU_97.28209,Right_Antecubital_fossa_1
OTU_97.2821,Subgingival_plaque
OTU_97.2821,Right_Retroauricular_crease
OTU_97.28216,Hard_palate
OTU_97.28216,Stool
OTU_97.28217,Hard_palate_1
OTU_97.28217,Palatine_Tonsils
OTU_97.2822,Tongue_dorsum
OTU_97.2822,Saliva
OTU_97.28221,Attached_Keratinized_gingiva_1
OTU_97.28221,Palatine_Tonsils_1
OTU_97.2823,Subgingival_plaque
OTU_97.2823,Left_Antecubital_fossa_1
OTU_97.28233,Left_Antecubital_fossa_1
OTU_97.28233,Hard_palate
OTU_97.28233,Buccal_mucosa_1
OTU_97.28233,Palatine_Tonsils_1
OTU_97.2824,Tongue_dorsum
OTU_97.2824,Buccal_mucosa_1
OTU_97.2824,Palatine_Tonsils_1
OTU_97.28242,Subgingival_plaque
OTU_97.28242,Left_Retroauricular_crease
OTU_97.28242,Saliva_1
OTU_97.28242,Throat
OTU_97.28244,Left_Retroauricular_crease
OTU_97.28244,Attached_Keratinized_gingiva_1
OTU_97.28244,Stool_1
OTU_97.28244,Tongue_dorsum_1
OTU_97.28244,Anterior_nares_1
OTU_97.28258,Attached_Keratinized_gingiva_1
OTU_97.2826,Right_Retroauricular_crease_1
OTU_97.2826,Throat
OTU_97.28261,Left_Antecubital_fossa_1
OTU_97.28261,Left_Antecubital_fossa
OTU_97.28262,Supragingival_plaque_1
OTU_97.28262,Hard_palate_1
OTU_97.28266,Subgingival_plaque
OTU_97.28266,Saliva
OTU_97.28277,Subgingival_plaque_1
OTU_97.28277,Saliva_1
OTU_97.28277,Palatine_Tonsils
OTU_97.28285,Buccal_mucosa
OTU_97.28285,Attached_Keratinized_gingiva_1
OTU_97.28285,Stool_1
OTU_97.28285,Anterior_nares
OTU_97.28291,Right_Retroauricular_crease
OTU_97.28291,Attached_Keratinized_gingiva
OTU_97.28291,Palatine_Tonsils_1
OTU_97.28295,Subgingival_plaque
OTU_97.28295,Right_Retroauricular_crease
OTU_97.28295,Saliva_1
OTU_97.28295,Anterior_nares_1
OTU_97.283,Supragingival_plaque_1
OTU_97.283,Hard_palate_1
OTU_97.283,Stool_1
OTU_97.283,Subgingival_plaque_1
OTU_97.283,Saliva_1
OTU_97.283,Left_Antecubital_fossa
OTU_97.283,Tongue_dorsum_1
OTU_97.28305,Anterior_nares
OTU_97.28309,Buccal_mucosa_1
OTU_97.28309,Saliva_1
OTU_97.28310,Buccal_mucosa
OTU_97.28310,Attached_Keratinized_gingiva_1
OTU_97.28310,Attached_Keratinized_gingiva
OTU_97.28311,Tongue_dorsum
OTU_97.28311,Right_Retroauricular_crease_1
OTU_97.28311,Left_Retroauricular_crease
OTU_97.28311,Attached_Keratinized_gingiva_1
OTU_97.28311,Tongue_dorsum_1
OTU_97.28328,Subgingival_plaque
OTU_97.28328,Buccal_mucosa
OTU_97.28328,Left_Antecubital_fossa_1
OTU_97.28329,Right_Antecubital_fossa
OTU_97.28329,Throat_1
OTU_97.28338,Left_Retroauricular_crease
OTU_97.28338,Subgingival_plaque_1
OTU_97.28338,Attached_Keratinized_gingiva
OTU_97.28338,Palatine_Tonsils_1
OTU_97.28342,Left_Retroauricular_crease
OTU_97.28342,Hard_palate_1
OTU_97.28344,Supragingival_plaque
OTU_97.28345,Right_Retroauricular_crease_1
OTU_97.28345,Left_Retroauricular_crease
OTU_97.28345,Palatine_Tonsils_1
OTU_97.28346,Right_Retroauricular_crease
OTU_97.28346,Palatine_Tonsils
OTU_97.28346,Throat
OTU_97.28346,Attached_Keratinized_gingiva
OTU_97.28348,Left_Antecubital_fossa_1
OTU_97.28348,Left_Retroauricular_crease
OTU_97.28348,Anterior_nares
OTU_97.28351,Hard_palate_1
OTU_97.28351,Saliva_1
OTU_97.28356,Hard_palate
OTU_97.28356,Stool
OTU_97.28356,Left_Antecubital_fossa
OTU_97.28359,Buccal_mucosa
OTU_97.28359,Hard_palate
OTU_97.28359,Left_Retroauricular_crease_1
OTU_97.2836,Attached_Keratinized_gingiva_1
OTU_97.2836,Right_Antecubital_fossa_1
OTU_97.28363,Right_Retroauricular_crease
OTU_97.28363,Subgingival_plaque_1
OTU_97.28363,Attached_Keratinized_gingiva
OTU_97.28364,Right_Retroauricular_crease_1
OTU_97.28364,Stool_1
OTU_97.28366,Subgingival_plaque
OTU_97.28366,Right_Antecubital_fossa_1
OTU_97.28367,Right_Retroauricular_crease
OTU_97.28367,Subgingival_plaque_1
OTU_97.28367,Right_Antecubital_fossa_1
OTU_97.28370,Buccal_mucosa_1
OTU_97.28370,Anterior_nares_1
OTU_97.28372,Left_Retroauricular_crease
OTU_97.28372,Attached_Keratinized_gingiva_1
OTU_97.28372,Anterior_nares
OTU_97.28372,Right_Antecubital_fossa_1
OTU_97.28379,Palatine_Tonsils
OTU_97.28379,Tongue_dorsum_1
OTU_97.28379,Right_Antecubital_fossa_1
OTU_97.28390,Right_Retroauricular_crease_1
OTU_97.28390,Buccal_mucosa
OTU_97.28390,Buccal_mucosa_1
OTU_97.28406,Supragingival_plaque_1
OTU_97.28415,Left_Retroauricular_crease
OTU_97.28415,Hard_palate
OTU_97.28415,Attached_Keratinized_gingiva
OTU_97.28415,Left_Retroauricular_crease_1
OTU_97.28415,Tongue_dorsum_1
OTU_97.28417,Supragingival_plaque
OTU_97.28417,Left_Antecubital_fossa
OTU_97.28422,Tongue_dorsum
OTU_97.28422,Buccal_mucosa
OTU_97.28422,Right_Retroauricular_crease
OTU_97.28432,Hard_palate_1
OTU_97.28432,Stool
OTU_97.28435,Left_Antecubital_fossa_1
OTU_97.28435,Right_Retroauricular_crease
OTU_97.28435,Hard_palate
OTU_97.28435,Subgingival_plaque_1
OTU_97.28444,Attached_Keratinized_gingiva_1
OTU_97.28444,Hard_palate_1
OTU_97.28454,Left_Antecubital_fossa_1
OTU_97.28456,Supragingival_plaque
OTU_97.28456,Left_Retroauricular_crease
OTU_97.28458,Supragingival_plaque_1
OTU_97.28459,Throat
OTU_97.28460,Buccal_mucosa
OTU_97.28462,Right_Retroauricular_crease_1
OTU_97.28462,Anterior_nares
OTU_97.28466,Right_Retroauricular_crease_1
OTU_97.28466,Supragingival_plaque_1
OTU_97.28466,Throat
OTU_97.2847,Throat
OTU_97.28473,Buccal_mucosa_1
OTU_97.28476,Tongue_dorsum_1
OTU_97.28487,Stool_1
OTU_97.28487,Right_Antecubital_fossa_1
OTU_97.28489,Right_Antecubital_fossa
OTU_97.28489,Hard_palate_1
OTU_97.28489,Tongue_dorsum_1
OTU_97.28489,Throat_1
OTU_97.28494,Subgingival_plaque
OTU_97.28494,Tongue_dorsum_1
OTU_97.28495,Left_Retroauricular_crease
OTU_97.28495,Saliva_1
OTU_97.28499,Throat
OTU_97.28499,Palatine_Tonsils_1
OTU_97.285,Right_Antecubital_fossa_1
OTU_97.285,Throat_1
OTU_97.28500,Hard_palate_1
OTU_97.28500,Throat_1
OTU_97.28501,Buccal_mucosa
OTU_97.28501,Hard_palate
OTU_97.28501,Attached_Keratinized_gingiva
OTU_97.28502,Subgingival_plaque
OTU_97.28502,Attached_Keratinized_gingiva_1
OTU_97.28508,Hard_palate
OTU_97.28508,Right_Antecubital_fossa_1
OTU_97.2851,Tongue_dorsum
OTU_97.2851,Throat_1
OTU_97.28511,Subgingival_plaque
OTU_97.28511,Buccal_mucosa_1
OTU_97.28511,Saliva_1
OTU_97.28511,Tongue_dorsum_1
OTU_97.28513,Buccal_mucosa
OTU_97.28513,Hard_palate_1
OTU_97.28513,Stool
OTU_97.28513,Attached_Keratinized_gingiva
OTU_97.28516,Subgingival_plaque
OTU_97.28516,Throat
OTU_97.28517,Stool_1
OTU_97.28517,Right_Antecubital_fossa_1
OTU_97.2852,Supragingival_plaque_1
OTU_97.2852,Supragingival_plaque
OTU_97.2852,Saliva
OTU_97.2852,Throat
OTU_97.28522,Left_Retroauricular_crease
OTU_97.28522,Hard_palate
OTU_97.28526,Buccal_mucosa
OTU_97.28526,Hard_palate_1
OTU_97.28526,Throat
OTU_97.28527,Right_Retroauricular_crease_1
OTU_97.28527,Subgingival_plaque
OTU_97.28527,Hard_palate_1
OTU_97.28527,Stool_1
OTU_97.28531,Subgingival_plaque
OTU_97.28531,Attached_Keratinized_gingiva
OTU_97.28532,Right_Antecubital_fossa_1
OTU_97.28536,Saliva
OTU_97.28536,Palatine_Tonsils
OTU_97.28541,Stool
OTU_97.28541,Palatine_Tonsils_1
OTU_97.28546,Supragingival_plaque_1
OTU_97.28546,Stool_1
OTU_97.28546,Palatine_Tonsils
OTU_97.28546,Attached_Keratinized_gingiva
OTU_97.28546,Anterior_nares
OTU_97.28547,Left_Retroauricular_crease
OTU_97.28547,Hard_palate_1
OTU_97.28547,Throat
OTU_97.28575,Throat_1
OTU_97.2858,Buccal_mucosa
OTU_97.2858,Left_Retroauricular_crease_1
OTU_97.28582,Buccal_mucosa
OTU_97.28582,Left_Antecubital_fossa
OTU_97.28584,Left_Antecubital_fossa
OTU_97.28586,Right_Retroauricular_crease_1
OTU_97.28586,Supragingival_plaque
OTU_97.28586,Right_Antecubital_fossa_1
OTU_97.28587,Attached_Keratinized_gingiva_1
OTU_97.28589,Attached_Keratinized_gingiva
OTU_97.28589,Left_Retroauricular_crease_1
OTU_97.2859,Stool_1
OTU_97.2859,Left_Retroauricular_crease_1
OTU_97.28591,Hard_palate_1
OTU_97.28595,Supragingival_plaque
OTU_97.28595,Stool_1
OTU_97.28595,Throat
OTU_97.28597,Hard_palate
OTU_97.28597,Throat_1
OTU_97.286,Throat_1
OTU_97.28601,Supragingival_plaque_1
OTU_97.28601,Buccal_mucosa
OTU_97.28601,Anterior_nares
OTU_97.28605,Saliva
OTU_97.28605,Hard_palate_1
OTU_97.28605,Left_Retroauricular_crease_1
OTU_97.28606,Subgingival_plaque
OTU_97.28606,Palatine_Tonsils_1
OTU_97.28606,Left_Retroauricular_crease_1
OTU_97.28614,Subgingival_plaque
OTU_97.28614,Subgingival_plaque_1
OTU_97.28618,Supragingival_plaque_1
OTU_97.28618,Palatine_Tonsils_1
OTU_97.28619,Right_Retroauricular_crease
OTU_97.28619,Stool_1
OTU_97.28624,Subgingival_plaque_1
OTU_97.28624,Anterior_nares
OTU_97.28625,Buccal_mucosa_1
OTU_97.28626,Right_Retroauricular_crease
OTU_97.28626,Anterior_nares
OTU_97.28633,Left_Retroauricular_crease_1
OTU_97.28641,Attached_Keratinized_gingiva_1
OTU_97.28642,Right_Retroauricular_crease
OTU_97.28642,Buccal_mucosa_1
OTU_97.28645,Supragingival_plaque_1
OTU_97.28645,Subgingival_plaque_1
OTU_97.28645,Right_Antecubital_fossa_1
OTU_97.28648,Stool
OTU_97.2865,Left_Antecubital_fossa_1
OTU_97.2865,Right_Antecubital_fossa
OTU_97.2865,Saliva_1
OTU_97.2865,Anterior_nares
OTU_97.28652,Left_Antecubital_fossa_1
OTU_97.28652,Throat
OTU_97.28652,Left_Antecubital_fossa
OTU_97.28652,Tongue_dorsum_1
OTU_97.28654,Right_Retroauricular_crease_1
OTU_97.28654,Buccal_mucosa
OTU_97.28654,Left_Antecubital_fossa_1
OTU_97.28654,Hard_palate
OTU_97.28654,Anterior_nares
OTU_97.28656,Buccal_mucosa
OTU_97.28656,Throat
OTU_97.28656,Right_Antecubital_fossa_1
OTU_97.2866,Tongue_dorsum
OTU_97.2866,Right_Antecubital_fossa_1
OTU_97.2866,Throat_1
OTU_97.28661,Saliva
OTU_97.28661,Hard_palate_1
OTU_97.28661,Saliva_1
OTU_97.28663,Left_Antecubital_fossa_1
OTU_97.28663,Saliva_1
OTU_97.28664,Right_Retroauricular_crease_1
OTU_97.28664,Saliva
OTU_97.28664,Attached_Keratinized_gingiva
OTU_97.28668,Stool
OTU_97.28668,Palatine_Tonsils_1
OTU_97.28669,Throat
OTU_97.28669,Left_Retroauricular_crease_1
OTU_97.28671,Stool
OTU_97.28671,Palatine_Tonsils
OTU_97.28674,Supragingival_plaque
OTU_97.28674,Subgingival_plaque_1
OTU_97.28674,Anterior_nares
OTU_97.28675,Hard_palate
OTU_97.28675,Buccal_mucosa_1
OTU_97.28678,Attached_Keratinized_gingiva_1
OTU_97.28678,Right_Antecubital_fossa_1
OTU_97.28680,Subgingival_plaque_1
OTU_97.28680,Palatine_Tonsils_1
OTU_97.28689,Hard_palate
OTU_97.28689,Stool_1
OTU_97.2869,Stool
OTU_97.28690,Throat_1
OTU_97.28691,Left_Retroauricular_crease
OTU_97.28691,Palatine_Tonsils_1
OTU_97.28691,Left_Retroauricular_crease_1
OTU_97.28692,Supragingival_plaque_1
OTU_97.28692,Left_Antecubital_fossa_1
OTU_97.28692,Subgingival_plaque_1
OTU_97.28692,Throat
OTU_97.28694,Subgingival_plaque
OTU_97.28694,Saliva
OTU_97.28696,Buccal_mucosa_1
OTU_97.28696,Saliva_1
OTU_97.28696,Palatine_Tonsils
OTU_97.28696,Right_Antecubital_fossa_1
OTU_97.287,Hard_palate_1
OTU_97.287,Left_Retroauricular_crease_1
OTU_97.287,Tongue_dorsum_1
OTU_97.287,Right_Antecubital_fossa_1
OTU_97.28706,Subgingival_plaque
OTU_97.28706,Left_Antecubital_fossa
OTU_97.28706,Anterior_nares_1
OTU_97.2871,Left_Retroauricular_crease
OTU_97.2871,Attached_Keratinized_gingiva
OTU_97.28710,Right_Retroauricular_crease_1
OTU_97.28710,Buccal_mucosa
OTU_97.28710,Hard_palate_1
OTU_97.28710,Buccal_mucosa_1
OTU_97.28710,Anterior_nares
OTU_97.28715,Supragingival_plaque_1
OTU_97.28715,Subgingival_plaque_1
OTU_97.28720,Buccal_mucosa_1
OTU_97.28722,Left_Retroauricular_crease_1
OTU_97.28722,Left_Antecubital_fossa
OTU_97.28723,Buccal_mucosa
OTU_97.28723,Saliva
OTU_97.28723,Anterior_nares
OTU_97.28723,Throat_1
OTU_97.28724,Supragingival_plaque_1
OTU_97.28724,Tongue_dorsum_1
OTU_97.28735,Subgingival_plaque
OTU_97.28735,Buccal_mucosa
OTU_97.28735,Left_Antecubital_fossa_1
OTU_97.28735,Subgingival_plaque_1
OTU_97.28735,Palatine_Tonsils_1
OTU_97.28740,Buccal_mucosa
OTU_97.28740,Hard_palate_1
OTU_97.28749,Buccal_mucosa
OTU_97.28749,Stool
OTU_97.28749,Left_Retroauricular_crease_1
OTU_97.28749,Throat_1
OTU_97.28749,Anterior_nares_1
OTU_97.2875,Hard_palate_1
OTU_97.2875,Saliva_1
OTU_97.2875,Throat
OTU_97.28751,Right_Retroauricular_crease_1
OTU_97.28751,Saliva
OTU_97.28752,Subgingival_plaque
OTU_97.28752,Attached_Keratinized_gingiva_1
OTU_97.28752,Palatine_Tonsils_1
OTU_97.28752,Left_Retroauricular_crease_1
OTU_97.28753,Stool
OTU_97.28753,Tongue_dorsum_1
OTU_97.28755,Right_Retroauricular_crease_1
OTU_97.28755,Supragingival_plaque
OTU_97.28755,Left_Retroauricular_crease
OTU_97.28755,Palatine_Tonsils_1
OTU_97.28757,Saliva
OTU_97.28757,Left_Retroauricular_crease_1
OTU_97.28757,Right_Antecubital_fossa_1
OTU_97.28759,Subgingival_plaque_1
OTU_97.2876,Buccal_mucosa_1
OTU_97.2876,Anterior_nares
OTU_97.28763,Supragingival_plaque_1
OTU_97.28763,Palatine_Tonsils_1
OTU_97.28774,Subgingival_plaque_1
OTU_97.28775,Right_Retroauricular_crease_1
OTU_97.28775,Supragingival_plaque
OTU_97.28777,Anterior_nares
OTU_97.28784,Right_Antecubital_fossa_1
OTU_97.28788,Saliva
OTU_97.28788,Left_Antecubital_fossa_1
OTU_97.28788,Attached_Keratinized_gingiva_1
OTU_97.28788,Buccal_mucosa_1
OTU_97.28788,Palatine_Tonsils
OTU_97.28788,Anterior_nares
OTU_97.28788,Right_Antecubital_fossa_1
OTU_97.28803,Supragingival_plaque_1
OTU_97.28803,Hard_palate
OTU_97.28803,Throat_1
OTU_97.28805,Right_Retroauricular_crease
OTU_97.28805,Subgingival_plaque_1
OTU_97.28805,Left_Retroauricular_crease_1
OTU_97.28814,Tongue_dorsum
OTU_97.28815,Tongue_dorsum
OTU_97.28815,Attached_Keratinized_gingiva_1
OTU_97.28815,Palatine_Tonsils
OTU_97.28825,Right_Antecubital_fossa
OTU_97.28834,Subgingival_plaque
OTU_97.28834,Hard_palate
OTU_97.28834,Saliva_1
OTU_97.28834,Palatine_Tonsils_1
OTU_97.28834,Left_Antecubital_fossa
OTU_97.28836,Right_Retroauricular_crease_1
OTU_97.28836,Attached_Keratinized_gingiva_1
OTU_97.28836,Attached_Keratinized_gingiva
OTU_97.2884,Subgingival_plaque
OTU_97.2884,Right_Retroauricular_crease
OTU_97.28841,Hard_palate_1
OTU_97.28841,Buccal_mucosa_1
OTU_97.28841,Saliva_1
OTU_97.28841,Palatine_Tonsils
OTU_97.28841,Anterior_nares
OTU_97.28841,Tongue_dorsum_1
OTU_97.28843,Buccal_mucosa
OTU_97.28843,Right_Antecubital_fossa
OTU_97.28843,Left_Retroauricular_crease
OTU_97.28843,Tongue_dorsum_1
OTU_97.2885,Hard_palate_1
OTU_97.2885,Stool_1
OTU_97.2885,Palatine_Tonsils
OTU_97.2885,Anterior_nares_1
OTU_97.28855,Left_Retroauricular_crease_1
OTU_97.28857,Buccal_mucosa
OTU_97.28857,Attached_Keratinized_gingiva
OTU_97.28860,Stool_1
OTU_97.28860,Attached_Keratinized_gingiva
OTU_97.28862,Saliva
OTU_97.28862,Right_Antecubital_fossa
OTU_97.28862,Left_Antecubital_fossa
OTU_97.28862,Tongue_dorsum_1
OTU_97.2887,Saliva
OTU_97.2887,Right_Antecubital_fossa_1
OTU_97.28878,Right_Retroauricular_crease_1
OTU_97.28878,Stool
OTU_97.28878,Right_Antecubital_fossa_1
OTU_97.28884,Supragingival_plaque_1
OTU_97.28884,Subgingival_plaque_1
OTU_97.28884,Palatine_Tonsils_1
OTU_97.28884,Left_Retroauricular_crease_1
OTU_97.28884,Left_Antecubital_fossa
OTU_97.28886,Subgingival_plaque
OTU_97.28886,Supragingival_plaque
OTU_97.28886,Left_Antecubital_fossa_1
OTU_97.2889,Left_Antecubital_fossa_1
OTU_97.2889,Hard_palate
OTU_97.28892,Left_Antecubital_fossa_1
OTU_97.28892,Attached_Keratinized_gingiva_1
OTU_97.28892,Hard_palate_1
OTU_97.28892,Stool_1
OTU_97.28892,Throat_1
OTU_97.28895,Buccal_mucosa
OTU_97.28895,Left_Antecubital_fossa_1
OTU_97.28897,Right_Antecubital_fossa
OTU_97.28898,Left_Antecubital_fossa_1
OTU_97.28898,Left_Retroauricular_crease
OTU_97.28906,Anterior_nares
OTU_97.28906,Anterior_nares_1
OTU_97.28908,Supragingival_plaque
OTU_97.28908,Saliva
OTU_97.28908,Tongue_dorsum_1
OTU_97.2891,Stool_1
OTU_97.2891,Subgingival_plaque_1
OTU_97.2891,Throat_1
OTU_97.28914,Attached_Keratinized_gingiva_1
OTU_97.28914,Attached_Keratinized_gingiva
OTU_97.28917,Subgingival_plaque
OTU_97.28917,Stool
OTU_97.28917,Saliva_1
OTU_97.28917,Left_Retroauricular_crease_1
OTU_97.28917,Anterior_nares_1
OTU_97.28918,Buccal_mucosa
OTU_97.28918,Hard_palate_1
OTU_97.28918,Left_Antecubital_fossa
OTU_97.28922,Buccal_mucosa_1
OTU_97.28922,Stool
OTU_97.28922,Throat
OTU_97.28922,Attached_Keratinized_gingiva
OTU_97.28925,Tongue_dorsum
OTU_97.28925,Right_Antecubital_fossa
OTU_97.28929,Left_Antecubital_fossa_1
OTU_97.28929,Stool_1
OTU_97.28929,Saliva_1
OTU_97.28929,Left_Retroauricular_crease_1
OTU_97.28933,Saliva
OTU_97.28933,Attached_Keratinized_gingiva
OTU_97.28937,Hard_palate_1
OTU_97.28937,Buccal_mucosa_1
OTU_97.28938,Hard_palate
OTU_97.28938,Anterior_nares_1
OTU_97.2894,Attached_Keratinized_gingiva_1
OTU_97.2894,Hard_palate
OTU_97.2894,Anterior_nares
OTU_97.2896,Supragingival_plaque
OTU_97.2896,Buccal_mucosa_1
OTU_97.2896,Left_Antecubital_fossa
OTU_97.28962,Buccal_mucosa_1
OTU_97.28967,Right_Retroauricular_crease
OTU_97.28967,Palatine_Tonsils
OTU_97.28967,Palatine_Tonsils_1
OTU_97.28969,Left_Retroauricular_crease
OTU_97.28969,Hard_palate
OTU_97.28969,Right_Antecubital_fossa_1
OTU_97.28969,Throat_1
OTU_97.2897,Right_Antecubital_fossa
OTU_97.2897,Stool
OTU_97.2897,Left_Retroauricular_crease_1
OTU_97.2897,Left_Antecubital_fossa
OTU_97.28970,Tongue_dorsum
OTU_97.28970,Anterior_nares_1
OTU_97.28972,Tongue_dorsum
OTU_97.28972,Hard_palate_1
OTU_97.28976,Attached_Keratinized_gingiva_1
OTU_97.28976,Saliva_1
OTU_97.28976,Left_Retroauricular_crease_1
OTU_97.28976,Anterior_nares
OTU_97.28977,Saliva
OTU_97.2898,Right_Antecubital_fossa
OTU_97.2898,Left_Retroauricular_crease
OTU_97.2898,Attached_Keratinized_gingiva_1
OTU_97.2898,Anterior_nares
OTU_97.2898,Anterior_nares_1
OTU_97.28992,Hard_palate
OTU_97.28992,Palatine_Tonsils_1
OTU_97.28993,Right_Retroauricular_crease_1
OTU_97.28993,Subgingival_plaque
OTU_97.28993,Stool_1
OTU_97.28993,Right_Antecubital_fossa_1
OTU_97.28993,Anterior_nares_1
OTU_97.28998,Supragingival_plaque_1
OTU_97.28998,Saliva
OTU_97.28998,Palatine_Tonsils
OTU_97.29,Stool_1
OTU_97.29,Saliva_1
OTU_97.29,Left_Retroauricular_crease_1
OTU_97.29005,Subgingival_plaque
OTU_97.29005,Hard_palate_1
OTU_97.29015,Supragingival_plaque_1
OTU_97.29015,Left_Antecubital_fossa
OTU_97.29015,Throat_1
OTU_97.29019,Hard_palate_1
OTU_97.29019,Throat
OTU_97.29024,Supragingival_plaque
OTU_97.29024,Stool
OTU_97.29024,Stool_1
OTU_97.29025,Supragingival_plaque
OTU_97.29025,Attached_Keratinized_gingiva_1
OTU_97.29025,Hard_palate
OTU_97.29025,Hard_palate_1
OTU_97.29028,Hard_palate_1
OTU_97.29028,Anterior_nares
OTU_97.29030,Right_Antecubital_fossa
OTU_97.29030,Left_Antecubital_fossa
OTU_97.29040,Tongue_dorsum
OTU_97.29040,Attached_Keratinized_gingiva
OTU_97.29042,Subgingival_plaque
OTU_97.29042,Right_Antecubital_fossa
OTU_97.29042,Stool
OTU_97.29042,Stool_1
OTU_97.29042,Tongue_dorsum_1
OTU_97.29042,Throat_1
OTU_97.29044,Subgingival_plaque
OTU_97.29044,Right_Antecubital_fossa
OTU_97.29044,Hard_palate
OTU_97.29044,Stool
OTU_97.29047,Tongue_dorsum
OTU_97.29047,Stool_1
OTU_97.29047,Anterior_nares_1
OTU_97.29055,Left_Retroauricular_crease
OTU_97.29059,Tongue_dorsum
OTU_97.29059,Right_Retroauricular_crease
OTU_97.29061,Subgingival_plaque
OTU_97.29061,Right_Retroauricular_crease
OTU_97.29062,Left_Antecubital_fossa_1
OTU_97.29062,Hard_palate
OTU_97.29062,Throat
OTU_97.29080,Right_Retroauricular_crease_1
OTU_97.29080,Subgingival_plaque
OTU_97.29080,Attached_Keratinized_gingiva_1
OTU_97.29080,Hard_palate
OTU_97.29080,Tongue_dorsum_1
OTU_97.29080,Right_Antecubital_fossa_1
OTU_97.29081,Left_Retroauricular_crease_1
OTU_97.29082,Right_Retroauricular_crease_1
OTU_97.29082,Attached_Keratinized_gingiva_1
OTU_97.29082,Buccal_mucosa_1
OTU_97.29082,Subgingival_plaque_1
OTU_97.29087,Hard_palate_1
OTU_97.29093,Buccal_mucosa
OTU_97.29093,Saliva_1
OTU_97.29093,Left_Antecubital_fossa
OTU_97.291,Subgingival_plaque_1
OTU_97.29100,Stool_1
OTU_97.29100,Throat_1
OTU_97.29101,Supragingival_plaque_1
OTU_97.29101,Stool
OTU_97.29101,Palatine_Tonsils_1
OTU_97.29102,Left_Retroauricular_crease_1
OTU_97.29106,Buccal_mucosa
OTU_97.29106,Attached_Keratinized_gingiva_1
OTU_97.29106,Left_Retroauricular_crease_1
OTU_97.29108,Right_Antecubital_fossa
OTU_97.29108,Stool_1
OTU_97.29108,Attached_Keratinized_gingiva
OTU_97.29108,Palatine_Tonsils_1
OTU_97.29109,Tongue_dorsum
OTU_97.29109,Hard_palate_1
OTU_97.29109,Saliva_1
OTU_97.2911,Attached_Keratinized_gingiva_1
OTU_97.2911,Palatine_Tonsils
OTU_97.2911,Throat
OTU_97.29110,Tongue_dorsum
OTU_97.29110,Saliva_1
OTU_97.29110,Tongue_dorsum_1
OTU_97.29115,Supragingival_plaque
OTU_97.29115,Saliva
OTU_97.29115,Hard_palate
OTU_97.29116,Palatine_Tonsils
OTU_97.29116,Throat
OTU_97.29116,Tongue_dorsum_1
OTU_97.29124,Right_Retroauricular_crease
OTU_97.29124,Right_Antecubital_fossa
OTU_97.29124,Anterior_nares_1
OTU_97.29125,Right_Retroauricular_crease_1
OTU_97.29127,Right_Retroauricular_crease_1
OTU_97.29127,Hard_palate_1
OTU_97.29129,Attached_Keratinized_gingiva_1
OTU_97.29129,Subgingival_plaque_1
OTU_97.29129,Saliva_1
OTU_97.29137,Hard_palate_1
OTU_97.29137,Saliva_1
OTU_97.29137,Anterior_nares
OTU_97.29137,Left_Antecubital_fossa
OTU_97.29143,Subgingival_plaque
OTU_97.29143,Stool_1
OTU_97.29143,Throat_1
OTU_97.29146,Tongue_dorsum
OTU_97.29146,Supragingival_plaque_1
OTU_97.29146,Stool
OTU_97.29146,Palatine_Tonsils
OTU_97.29146,Attached_Keratinized_gingiva
OTU_97.29146,Anterior_nares
OTU_97.2915,Attached_Keratinized_gingiva_1
OTU_97.2915,Subgingival_plaque_1
OTU_97.29151,Buccal_mucosa
OTU_97.29151,Saliva
OTU_97.29151,Right_Retroauricular_crease
OTU_97.29157,Left_Retroauricular_crease_1
OTU_97.29157,Left_Antecubital_fossa
OTU_97.29158,Supragingival_plaque
OTU_97.29158,Saliva
OTU_97.29160,Palatine_Tonsils
OTU_97.29162,Supragingival_plaque_1
OTU_97.29162,Hard_palate
OTU_97.29162,Left_Antecubital_fossa
OTU_97.29162,Throat_1
OTU_97.29167,Left_Antecubital_fossa_1
OTU_97.29167,Throat
OTU_97.29167,Left_Antecubital_fossa
OTU_97.29179,Supragingival_plaque_1
OTU_97.29179,Stool
OTU_97.29179,Left_Retroauricular_crease_1
OTU_97.29181,Hard_palate_1
OTU_97.29183,Tongue_dorsum
OTU_97.29183,Supragingival_plaque
OTU_97.29183,Hard_palate
OTU_97.29187,Tongue_dorsum
OTU_97.29187,Saliva
OTU_97.29187,Attached_Keratinized_gingiva_1
OTU_97.29187,Anterior_nares_1
OTU_97.29206,Tongue_dorsum
OTU_97.29206,Supragingival_plaque_1
OTU_97.29206,Left_Retroauricular_crease_1
OTU_97.29208,Saliva_1
OTU_97.29208,Attached_Keratinized_gingiva
OTU_97.29210,Buccal_mucosa
OTU_97.29210,Throat
OTU_97.29218,Saliva
OTU_97.29218,Stool_1
OTU_97.29218,Attached_Keratinized_gingiva
OTU_97.29219,Supragingival_plaque
OTU_97.29219,Right_Antecubital_fossa_1
OTU_97.29223,Saliva
OTU_97.29223,Buccal_mucosa_1
OTU_97.29239,Throat
OTU_97.29244,Supragingival_plaque
OTU_97.29244,Stool_1
OTU_97.29247,Subgingival_plaque
OTU_97.29247,Right_Retroauricular_crease
OTU_97.29247,Hard_palate_1
OTU_97.29249,Supragingival_plaque_1
OTU_97.29249,Right_Retroauricular_crease
OTU_97.29249,Palatine_Tonsils_1
OTU_97.29249,Left_Retroauricular_crease_1
OTU_97.29263,Right_Retroauricular_crease_1
OTU_97.29263,Supragingival_plaque
OTU_97.29263,Left_Retroauricular_crease
OTU_97.29263,Buccal_mucosa_1
OTU_97.29264,Saliva
OTU_97.29264,Right_Antecubital_fossa
OTU_97.29267,Right_Retroauricular_crease
OTU_97.29267,Subgingival_plaque_1
OTU_97.29267,Anterior_nares
OTU_97.29267,Tongue_dorsum_1
OTU_97.29273,Left_Retroauricular_crease
OTU_97.29273,Throat_1
OTU_97.29277,Supragingival_plaque
OTU_97.29277,Stool
OTU_97.29277,Stool_1
OTU_97.29277,Left_Antecubital_fossa
OTU_97.29278,Tongue_dorsum
OTU_97.29278,Palatine_Tonsils_1
OTU_97.29280,Palatine_Tonsils
OTU_97.29283,Stool
OTU_97.29283,Left_Antecubital_fossa
OTU_97.29286,Attached_Keratinized_gingiva_1
OTU_97.29286,Left_Retroauricular_crease_1
OTU_97.29298,Right_Retroauricular_crease
OTU_97.29298,Attached_Keratinized_gingiva_1
OTU_97.29299,Left_Antecubital_fossa_1
OTU_97.29300,Left_Antecubital_fossa
OTU_97.29302,Tongue_dorsum
OTU_97.29302,Attached_Keratinized_gingiva_1
OTU_97.29302,Anterior_nares
OTU_97.29314,Palatine_Tonsils_1
OTU_97.29315,Hard_palate
OTU_97.29315,Stool
OTU_97.29315,Attached_Keratinized_gingiva
OTU_97.2932,Buccal_mucosa
OTU_97.2932,Stool
OTU_97.2932,Stool_1
OTU_97.29320,Saliva
OTU_97.29320,Right_Retroauricular_crease
OTU_97.29320,Palatine_Tonsils
OTU_97.29320,Throat_1
OTU_97.29324,Supragingival_plaque_1
OTU_97.29324,Supragingival_plaque
OTU_97.29324,Hard_palate
OTU_97.29324,Subgingival_plaque_1
OTU_97.29324,Palatine_Tonsils
OTU_97.29324,Throat_1
OTU_97.29327,Right_Retroauricular_crease
OTU_97.29330,Right_Retroauricular_crease_1
OTU_97.29330,Supragingival_plaque_1
OTU_97.29330,Buccal_mucosa_1
OTU_97.29330,Throat
OTU_97.29338,Subgingival_plaque_1
OTU_97.29338,Throat_1
OTU_97.2934,Left_Antecubital_fossa_1
OTU_97.2934,Right_Antecubital_fossa
OTU_97.2934,Throat
OTU_97.29342,Attached_Keratinized_gingiva_1
OTU_97.29342,Buccal_mucosa_1
OTU_97.29344,Supragingival_plaque_1
OTU_97.29344,Buccal_mucosa_1
OTU_97.29344,Anterior_nares_1
OTU_97.29347,Supragingival_plaque_1
OTU_97.29347,Buccal_mucosa
OTU_97.29347,Buccal_mucosa_1
OTU_97.29350,Subgingival_plaque
OTU_97.29350,Subgingival_plaque_1
OTU_97.29354,Buccal_mucosa
OTU_97.29354,Hard_palate
OTU_97.29354,Attached_Keratinized_gingiva
OTU_97.29358,Tongue_dorsum
OTU_97.29358,Hard_palate_1
OTU_97.29358,Throat
OTU_97.29364,Left_Retroauricular_crease
OTU_97.29364,Anterior_nares_1
OTU_97.29370,Buccal_mucosa
OTU_97.29370,Left_Antecubital_fossa_1
OTU_97.29370,Tongue_dorsum_1
OTU_97.29370,Throat_1
OTU_97.29374,Supragingival_plaque
OTU_97.29374,Buccal_mucosa_1
OTU_97.29380,Left_Retroauricular_crease_1
OTU_97.29384,Tongue_dorsum
OTU_97.29384,Supragingival_plaque
OTU_97.29385,Right_Retroauricular_crease
OTU_97.29386,Buccal_mucosa
OTU_97.29386,Attached_Keratinized_gingiva_1
OTU_97.29386,Stool
OTU_97.29388,Supragingival_plaque_1
OTU_97.29388,Left_Antecubital_fossa_1
OTU_97.29388,Right_Retroauricular_crease
OTU_97.29388,Left_Retroauricular_crease
OTU_97.29388,Stool_1
OTU_97.29388,Throat
OTU_97.29388,Anterior_nares_1
OTU_97.2939,Tongue_dorsum
OTU_97.2939,Left_Antecubital_fossa
OTU_97.2939,Right_Antecubital_fossa_1
OTU_97.29392,Subgingival_plaque
OTU_97.29392,Saliva
OTU_97.29392,Saliva_1
OTU_97.29395,Supragingival_plaque
OTU_97.29395,Saliva_1
OTU_97.2940,Buccal_mucosa
OTU_97.2940,Throat_1
OTU_97.29407,Right_Antecubital_fossa
OTU_97.29408,Right_Retroauricular_crease_1
OTU_97.29408,Saliva
OTU_97.29408,Attached_Keratinized_gingiva_1
OTU_97.29408,Saliva_1
OTU_97.2941,Right_Retroauricular_crease_1
OTU_97.2941,Subgingival_plaque_1
OTU_97.2941,Throat_1
OTU_97.29414,Supragingival_plaque_1
OTU_97.29414,Stool_1
OTU_97.29414,Saliva_1
OTU_97.29414,Attached_Keratinized_gingiva
OTU_97.29415,Left_Antecubital_fossa_1
OTU_97.29415,Attached_Keratinized_gingiva
OTU_97.29415,Left_Retroauricular_crease_1
OTU_97.29423,Left_Retroauricular_crease
OTU_97.29423,Throat_1
OTU_97.29427,Right_Antecubital_fossa_1
OTU_97.29427,Anterior_nares_1
OTU_97.29428,Tongue_dorsum
OTU_97.29428,Right_Retroauricular_crease_1
OTU_97.29428,Supragingival_plaque_1
OTU_97.29428,Supragingival_plaque
OTU_97.29428,Left_Retroauricular_crease
OTU_97.29428,Right_Antecubital_fossa_1
OTU_97.29433,Subgingival_plaque
OTU_97.29433,Left_Antecubital_fossa_1
OTU_97.29433,Right_Retroauricular_crease
OTU_97.29433,Subgingival_plaque_1
OTU_97.29433,Palatine_Tonsils_1
OTU_97.29433,Left_Antecubital_fossa
OTU_97.2944,Right_Antecubital_fossa
OTU_97.29456,Tongue_dorsum
OTU_97.29456,Buccal_mucosa
OTU_97.29456,Left_Retroauricular_crease
OTU_97.29456,Anterior_nares
OTU_97.29462,Tongue_dorsum
OTU_97.29466,Buccal_mucosa_1
OTU_97.29466,Stool_1
OTU_97.29466,Palatine_Tonsils_1
OTU_97.2947,Buccal_mucosa
OTU_97.2947,Saliva
OTU_97.2947,Subgingival_plaque_1
OTU_97.2947,Palatine_Tonsils_1
OTU_97.2947,Left_Retroauricular_crease_1
OTU_97.2947,Anterior_nares
OTU_97.2947,Throat_1
OTU_97.29473,Right_Retroauricular_crease
OTU_97.29473,Hard_palate
OTU_97.29473,Throat
OTU_97.29475,Hard_palate_1
OTU_97.2948,Right_Retroauricular_crease
OTU_97.2948,Right_Antecubital_fossa
OTU_97.29485,Supragingival_plaque
OTU_97.29485,Left_Antecubital_fossa_1
OTU_97.29485,Palatine_Tonsils_1
OTU_97.29487,Left_Retroauricular_crease
OTU_97.29487,Hard_palate
OTU_97.29487,Anterior_nares
OTU_97.29490,Left_Antecubital_fossa_1
OTU_97.29490,Saliva_1
OTU_97.29490,Anterior_nares_1
OTU_97.29495,Saliva
OTU_97.29496,Left_Retroauricular_crease
OTU_97.29496,Palatine_Tonsils
OTU_97.29496,Throat
OTU_97.29496,Right_Antecubital_fossa_1
OTU_97.29497,Right_Retroauricular_crease_1
OTU_97.29497,Left_Retroauricular_crease
OTU_97.29497,Stool_1
OTU_97.29500,Hard_palate
OTU_97.29500,Palatine_Tonsils
OTU_97.29500,Attached_Keratinized_gingiva
OTU_97.29509,Left_Antecubital_fossa
OTU_97.29509,Tongue_dorsum_1
OTU_97.29510,Tongue_dorsum
OTU_97.29510,Subgingival_plaque_1
OTU_97.29510,Tongue_dorsum_1
OTU_97.29519,Saliva_1
OTU_97.29519,Left_Retroauricular_crease_1
OTU_97.29524,Right_Retroauricular_crease_1
OTU_97.29525,Tongue_dorsum
OTU_97.29525,Left_Antecubital_fossa
OTU_97.29525,Throat_1
OTU_97.29526,Supragingival_plaque_1
OTU_97.29526,Buccal_mucosa_1
OTU_97.29526,Palatine_Tonsils
OTU_97.29527,Buccal_mucosa
OTU_97.29527,Palatine_Tonsils
OTU_97.29529,Subgingival_plaque
OTU_97.29529,Supragingival_plaque
OTU_97.29529,Palatine_Tonsils
OTU_97.29529,Attached_Keratinized_gingiva
OTU_97.29529,Palatine_Tonsils_1
OTU_97.29530,Right_Retroauricular_crease
OTU_97.29532,Tongue_dorsum
OTU_97.29532,Left_Antecubital_fossa_1
OTU_97.29532,Attached_Keratinized_gingiva_1
OTU_97.29532,Saliva_1
OTU_97.29532,Anterior_nares_1
OTU_97.29540,Supragingival_plaque_1
OTU_97.29543,Saliva
OTU_97.29543,Buccal_mucosa_1
OTU_97.29543,Stool_1
OTU_97.29544,Supragingival_plaque_1
OTU_97.29544,Right_Retroauricular_crease
OTU_97.29545,Attached_Keratinized_gingiva_1
OTU_97.29545,Anterior_nares
OTU_97.29547,Saliva
OTU_97.29558,Tongue_dorsum
OTU_97.29558,Left_Retroauricular_crease_1
OTU_97.2956,Right_Antecubital_fossa
OTU_97.2956,Hard_palate_1
OTU_97.29560,Hard_palate_1
OTU_97.29560,Stool_1
OTU_97.29560,Left_Antecubital_fossa
OTU_97.29567,Saliva
OTU_97.29567,Right_Retroauricular_crease
OTU_97.29567,Throat
OTU_97.29567,Left_Retroauricular_crease_1
OTU_97.29568,Saliva
OTU_97.29568,Buccal_mucosa_1
OTU_97.29568,Throat
OTU_97.29568,Right_Antecubital_fossa_1
OTU_97.29573,Right_Retroauricular_crease
OTU_97.29573,Saliva_1
OTU_97.29573,Left_Antecubital_fossa
OTU_97.29575,Subgingival_plaque
OTU_97.29575,Stool_1
OTU_97.29575,Throat
OTU_97.29576,Right_Retroauricular_crease_1
OTU_97.29576,Saliva
OTU_97.29576,Attached_Keratinized_gingiva_1
OTU_97.29576,Right_Antecubital_fossa_1
OTU_97.29580,Tongue_dorsum
OTU_97.29580,Saliva
OTU_97.29580,Anterior_nares
OTU_97.29583,Stool_1
OTU_97.29586,Saliva
OTU_97.29586,Right_Retroauricular_crease
OTU_97.29590,Saliva
OTU_97.29590,Buccal_mucosa_1
OTU_97.29593,Saliva_1
OTU_97.29593,Right_Antecubital_fossa_1
OTU_97.29595,Throat
OTU_97.29595,Palatine_Tonsils_1
OTU_97.29598,Right_Retroauricular_crease_1
OTU_97.29600,Subgingival_plaque_1
OTU_97.29600,Anterior_nares
OTU_97.29601,Supragingival_plaque
OTU_97.29601,Left_Antecubital_fossa_1
OTU_97.29601,Left_Retroauricular_crease
OTU_97.29601,Saliva_1
OTU_97.29609,Tongue_dorsum
OTU_97.29609,Right_Retroauricular_crease_1
OTU_97.29609,Anterior_nares
OTU_97.29609,Tongue_dorsum_1
OTU_97.29609,Right_Antecubital_fossa_1
OTU_97.2961,Left_Retroauricular_crease
OTU_97.2961,Attached_Keratinized_gingiva_1
OTU_97.2961,Throat
OTU_97.2961,Anterior_nares
OTU_97.29613,Left_Retroauricular_crease
OTU_97.29613,Hard_palate_1
OTU_97.29617,Buccal_mucosa_1
OTU_97.29617,Attached_Keratinized_gingiva
OTU_97.29628,Tongue_dorsum
OTU_97.29628,Saliva
OTU_97.29628,Saliva_1
OTU_97.29628,Left_Antecubital_fossa
OTU_97.29628,Throat_1
OTU_97.2963,Subgingival_plaque
OTU_97.2963,Hard_palate
OTU_97.2963,Palatine_Tonsils_1
OTU_97.2963,Left_Antecubital_fossa
OTU_97.2963,Anterior_nares_1
OTU_97.29637,Right_Antecubital_fossa
OTU_97.29637,Attached_Keratinized_gingiva
OTU_97.29641,Palatine_Tonsils
OTU_97.29641,Left_Antecubital_fossa
OTU_97.29641,Right_Antecubital_fossa_1
OTU_97.29643,Left_Antecubital_fossa_1
OTU_97.29643,Hard_palate
OTU_97.29643,Left_Antecubital_fossa
OTU_97.29646,Right_Retroauricular_crease_1
OTU_97.29646,Supragingival_plaque_1
OTU_97.29646,Throat
OTU_97.29654,Stool_1
OTU_97.29654,Attached_Keratinized_gingiva
OTU_97.29654,Anterior_nares_1
OTU_97.29655,Saliva
OTU_97.29655,Left_Retroauricular_crease_1
OTU_97.29655,Anterior_nares
OTU_97.29660,Left_Retroauricular_crease
OTU_97.29660,Buccal_mucosa_1
OTU_97.29661,Attached_Keratinized_gingiva_1
OTU_97.29665,Left_Antecubital_fossa_1
OTU_97.29665,Tongue_dorsum_1
OTU_97.29673,Buccal_mucosa
OTU_97.29673,Subgingival_plaque_1
OTU_97.29673,Throat
OTU_97.29676,Attached_Keratinized_gingiva_1
OTU_97.29676,Hard_palate_1
OTU_97.29678,Right_Retroauricular_crease_1
OTU_97.29678,Subgingival_plaque_1
OTU_97.29678,Saliva_1
OTU_97.2968,Right_Retroauricular_crease
OTU_97.2968,Hard_palate
OTU_97.2968,Buccal_mucosa_1
OTU_97.2968,Stool_1
OTU_97.2968,Attached_Keratinized_gingiva
OTU_97.29680,Right_Retroauricular_crease
OTU_97.29680,Left_Retroauricular_crease_1
OTU_97.29692,Saliva
OTU_97.29692,Stool_1
OTU_97.29692,Saliva_1
OTU_97.29692,Left_Retroauricular_crease_1
OTU_97.29695,Buccal_mucosa
OTU_97.29695,Palatine_Tonsils
OTU_97.29710,Right_Antecubital_fossa
OTU_97.29710,Throat
OTU_97.29710,Anterior_nares_1
OTU_97.29712,Stool_1
OTU_97.29715,Stool_1
OTU_97.29716,Hard_palate
OTU_97.29716,Tongue_dorsum_1
OTU_97.29717,Supragingival_plaque_1
OTU_97.29717,Saliva_1
OTU_97.29717,Left_Antecubital_fossa
OTU_97.29718,Attached_Keratinized_gingiva_1
OTU_97.2972,Right_Antecubital_fossa
OTU_97.2972,Tongue_dorsum_1
OTU_97.29725,Buccal_mucosa
OTU_97.29725,Left_Antecubital_fossa
OTU_97.29725,Tongue_dorsum_1
OTU_97.29729,Left_Antecubital_fossa_1
OTU_97.29729,Anterior_nares
OTU_97.29730,Attached_Keratinized_gingiva
OTU_97.29735,Right_Antecubital_fossa
OTU_97.29735,Anterior_nares_1
OTU_97.29742,Attached_Keratinized_gingiva_1
OTU_97.29742,Left_Antecubital_fossa
OTU_97.29745,Buccal_mucosa
OTU_97.29745,Anterior_nares_1
OTU_97.29758,Tongue_dorsum
OTU_97.29758,Attached_Keratinized_gingiva_1
OTU_97.29758,Hard_palate_1
OTU_97.29758,Attached_Keratinized_gingiva
OTU_97.29758,Palatine_Tonsils_1
OTU_97.29762,Saliva
OTU_97.29762,Throat
OTU_97.29762,Right_Antecubital_fossa_1
OTU_97.29770,Tongue_dorsum
OTU_97.29770,Subgingival_plaque
OTU_97.29770,Palatine_Tonsils
OTU_97.29775,Buccal_mucosa
OTU_97.29775,Throat
OTU_97.29783,Right_Retroauricular_crease
OTU_97.29783,Stool_1
OTU_97.29789,Right_Antecubital_fossa
OTU_97.29789,Left_Retroauricular_crease
OTU_97.29789,Saliva_1
OTU_97.2979,Buccal_mucosa_1
OTU_97.29790,Buccal_mucosa
OTU_97.29790,Right_Antecubital_fossa_1
OTU_97.29798,Supragingival_plaque
OTU_97.29798,Stool
OTU_97.298,Supragingival_plaque
OTU_97.298,Left_Retroauricular_crease
OTU_97.298,Palatine_Tonsils_1
OTU_97.29804,Saliva
OTU_97.29804,Hard_palate_1
OTU_97.29820,Right_Retroauricular_crease
OTU_97.29820,Hard_palate_1
OTU_97.29820,Throat
OTU_97.29826,Left_Retroauricular_crease_1
OTU_97.29833,Hard_palate_1
OTU_97.29833,Subgingival_plaque_1
OTU_97.29835,Right_Retroauricular_crease_1
OTU_97.29835,Stool_1
OTU_97.29836,Buccal_mucosa_1
OTU_97.29859,Buccal_mucosa_1
OTU_97.29859,Palatine_Tonsils
OTU_97.29862,Supragingival_plaque_1
OTU_97.29862,Right_Antecubital_fossa
OTU_97.29862,Palatine_Tonsils
OTU_97.29862,Left_Retroauricular_crease_1
OTU_97.29864,Right_Retroauricular_crease
OTU_97.29864,Hard_palate
OTU_97.29864,Subgingival_plaque_1
OTU_97.29864,Palatine_Tonsils
OTU_97.29866,Right_Retroauricular_crease_1
OTU_97.29866,Subgingival_plaque
OTU_97.29866,Hard_palate
OTU_97.29866,Hard_palate_1
OTU_97.29866,Buccal_mucosa_1
OTU_97.29868,Left_Antecubital_fossa_1
OTU_97.29868,Right_Antecubital_fossa
OTU_97.29868,Attached_Keratinized_gingiva_1
OTU_97.29868,Hard_palate
OTU_97.29868,Subgingival_plaque_1
OTU_97.29870,Right_Retroauricular_crease_1
OTU_97.29870,Stool_1
OTU_97.29870,Saliva_1
OTU_97.29870,Palatine_Tonsils
OTU_97.29875,Subgingival_plaque_1
OTU_97.29875,Throat
OTU_97.29875,Throat_1
OTU_97.29877,Tongue_dorsum
OTU_97.29878,Left_Retroauricular_crease
OTU_97.29878,Hard_palate
OTU_97.29878,Saliva_1
OTU_97.29878,Left_Retroauricular_crease_1
OTU_97.29879,Subgingival_plaque
OTU_97.29879,Hard_palate_1
OTU_97.29879,Stool
OTU_97.29879,Throat
OTU_97.29880,Throat_1
OTU_97.29882,Subgingival_plaque
OTU_97.29882,Supragingival_plaque_1
OTU_97.29882,Left_Retroauricular_crease
OTU_97.29882,Hard_palate
OTU_97.29882,Stool
OTU_97.29883,Stool_1
OTU_97.29884,Left_Retroauricular_crease_1
OTU_97.29884,Anterior_nares
OTU_97.29888,Attached_Keratinized_gingiva_1
OTU_97.29888,Buccal_mucosa_1
OTU_97.29888,Right_Antecubital_fossa_1
OTU_97.29891,Hard_palate
OTU_97.29899,Tongue_dorsum
OTU_97.29899,Left_Antecubital_fossa
OTU_97.29905,Supragingival_plaque_1
OTU_97.29905,Stool
OTU_97.29905,Attached_Keratinized_gingiva
OTU_97.29908,Right_Retroauricular_crease_1
OTU_97.29908,Supragingival_plaque
OTU_97.29908,Left_Retroauricular_crease_1
OTU_97.29908,Anterior_nares_1
OTU_97.29921,Palatine_Tonsils
OTU_97.29921,Palatine_Tonsils_1
OTU_97.29923,Right_Antecubital_fossa
OTU_97.29923,Stool_1
OTU_97.29923,Throat_1
OTU_97.29928,Left_Retroauricular_crease
OTU_97.29928,Left_Retroauricular_crease_1
OTU_97.29930,Supragingival_plaque
OTU_97.29930,Right_Antecubital_fossa_1
OTU_97.29935,Supragingival_plaque_1
OTU_97.29935,Throat
OTU_97.29952,Tongue_dorsum
OTU_97.29953,Supragingival_plaque
OTU_97.29953,Subgingival_plaque_1
OTU_97.29953,Attached_Keratinized_gingiva
OTU_97.29958,Supragingival_plaque
OTU_97.29960,Supragingival_plaque_1
OTU_97.29960,Attached_Keratinized_gingiva
OTU_97.29964,Stool_1
OTU_97.29964,Right_Antecubital_fossa_1
OTU_97.29964,Throat_1
OTU_97.29965,Attached_Keratinized_gingiva_1
OTU_97.29965,Hard_palate
OTU_97.29965,Throat_1
OTU_97.29966,Buccal_mucosa_1
OTU_97.29974,Right_Retroauricular_crease_1
OTU_97.29974,Left_Retroauricular_crease
OTU_97.29974,Saliva_1
OTU_97.29976,Right_Retroauricular_crease
OTU_97.29976,Stool
OTU_97.29976,Attached_Keratinized_gingiva
OTU_97.29982,Right_Retroauricular_crease_1
OTU_97.29982,Subgingival_plaque_1
OTU_97.29982,Throat_1
OTU_97.29988,Buccal_mucosa
OTU_97.29988,Attached_Keratinized_gingiva
OTU_97.29988,Palatine_Tonsils_1
OTU_97.29988,Anterior_nares
OTU_97.29996,Tongue_dorsum_1
OTU_97.30,Left_Retroauricular_crease
OTU_97.30,Stool_1
OTU_97.30,Palatine_Tonsils_1
OTU_97.30000,Hard_palate
OTU_97.30000,Tongue_dorsum_1
OTU_97.30000,Throat_1
OTU_97.30004,Right_Retroauricular_crease_1
OTU_97.30004,Left_Antecubital_fossa_1
OTU_97.30004,Hard_palate_1
OTU_97.30004,Saliva_1
OTU_97.30004,Palatine_Tonsils
OTU_97.30009,Buccal_mucosa
OTU_97.30009,Supragingival_plaque
OTU_97.30012,Saliva
OTU_97.30017,Right_Antecubital_fossa
OTU_97.30017,Stool_1
OTU_97.30017,Palatine_Tonsils_1
OTU_97.30026,Hard_palate
OTU_97.30026,Saliva_1
OTU_97.30026,Anterior_nares
OTU_97.30031,Right_Antecubital_fossa
OTU_97.30031,Throat
OTU_97.30031,Left_Antecubital_fossa
OTU_97.30033,Supragingival_plaque
OTU_97.30034,Left_Antecubital_fossa
OTU_97.30037,Buccal_mucosa
OTU_97.30037,Palatine_Tonsils
OTU_97.30037,Left_Retroauricular_crease_1
OTU_97.30037,Right_Antecubital_fossa_1
OTU_97.30038,Left_Retroauricular_crease
OTU_97.30038,Anterior_nares_1
OTU_97.30044,Supragingival_plaque
OTU_97.30044,Right_Antecubital_fossa
OTU_97.30044,Left_Retroauricular_crease
OTU_97.30044,Attached_Keratinized_gingiva_1
OTU_97.30044,Subgingival_plaque_1
OTU_97.30044,Palatine_Tonsils_1
OTU_97.30044,Left_Antecubital_fossa
OTU_97.30047,Hard_palate
OTU_97.30047,Throat
OTU_97.30047,Tongue_dorsum_1
OTU_97.30053,Supragingival_plaque_1
OTU_97.30053,Right_Antecubital_fossa
OTU_97.30055,Left_Retroauricular_crease
OTU_97.30055,Hard_palate
OTU_97.30056,Palatine_Tonsils
OTU_97.30058,Supragingival_plaque
OTU_97.30064,Tongue_dorsum
OTU_97.30064,Subgingival_plaque
OTU_97.30064,Right_Retroauricular_crease
OTU_97.30064,Right_Antecubital_fossa
OTU_97.30064,Throat
OTU_97.30064,Left_Antecubital_fossa
OTU_97.30075,Right_Retroauricular_crease_1
OTU_97.30075,Left_Retroauricular_crease
OTU_97.30075,Buccal_mucosa_1
OTU_97.30075,Throat
OTU_97.30075,Palatine_Tonsils_1
OTU_97.30075,Right_Antecubital_fossa_1
OTU_97.30083,Saliva
OTU_97.30083,Subgingival_plaque_1
OTU_97.30088,Saliva
OTU_97.30088,Attached_Keratinized_gingiva
OTU_97.30088,Palatine_Tonsils_1
OTU_97.3010,Hard_palate
OTU_97.30102,Supragingival_plaque
OTU_97.30102,Buccal_mucosa_1
OTU_97.30103,Attached_Keratinized_gingiva_1
OTU_97.30103,Stool_1
OTU_97.30103,Subgingival_plaque_1
OTU_97.30103,Tongue_dorsum_1
OTU_97.30107,Supragingival_plaque_1
OTU_97.30107,Throat
OTU_97.30107,Left_Retroauricular_crease_1
OTU_97.30107,Right_Antecubital_fossa_1
OTU_97.30108,Stool_1
OTU_97.30108,Anterior_nares_1
OTU_97.3011,Tongue_dorsum
OTU_97.3011,Supragingival_plaque
OTU_97.3011,Left_Antecubital_fossa
OTU_97.30111,Buccal_mucosa
OTU_97.30111,Right_Retroauricular_crease
OTU_97.30111,Palatine_Tonsils
OTU_97.30112,Hard_palate_1
OTU_97.30112,Throat
OTU_97.30114,Right_Antecubital_fossa
OTU_97.30114,Buccal_mucosa_1
OTU_97.30124,Left_Antecubital_fossa_1
OTU_97.30124,Anterior_nares
OTU_97.30125,Tongue_dorsum_1
OTU_97.30125,Throat_1
OTU_97.30132,Subgingival_plaque
OTU_97.30132,Right_Retroauricular_crease
OTU_97.30132,Right_Antecubital_fossa
OTU_97.30132,Palatine_Tonsils_1
OTU_97.30141,Left_Retroauricular_crease
OTU_97.30141,Throat_1
OTU_97.30142,Supragingival_plaque
OTU_97.30142,Hard_palate_1
OTU_97.30142,Anterior_nares_1
OTU_97.30145,Supragingival_plaque_1
OTU_97.30145,Buccal_mucosa
OTU_97.30149,Right_Retroauricular_crease_1
OTU_97.30149,Left_Retroauricular_crease
OTU_97.30149,Attached_Keratinized_gingiva_1
OTU_97.30149,Stool_1
OTU_97.30149,Throat
OTU_97.30149,Left_Retroauricular_crease_1
OTU_97.30149,Anterior_nares
OTU_97.30149,Right_Antecubital_fossa_1
OTU_97.30150,Subgingival_plaque
OTU_97.30150,Palatine_Tonsils
OTU_97.30150,Left_Antecubital_fossa
OTU_97.30150,Anterior_nares_1
OTU_97.30154,Subgingival_plaque
OTU_97.30154,Right_Retroauricular_crease
OTU_97.30154,Stool_1
OTU_97.30154,Anterior_nares_1
OTU_97.30155,Subgingival_plaque
OTU_97.30155,Buccal_mucosa
OTU_97.30155,Saliva
OTU_97.30155,Tongue_dorsum_1
OTU_97.30158,Palatine_Tonsils_1
OTU_97.30159,Supragingival_plaque
OTU_97.30159,Hard_palate
OTU_97.30160,Subgingival_plaque
OTU_97.30162,Right_Antecubital_fossa
OTU_97.30172,Saliva
OTU_97.30172,Left_Retroauricular_crease
OTU_97.30172,Anterior_nares
OTU_97.30176,Left_Antecubital_fossa_1
OTU_97.30176,Buccal_mucosa_1
OTU_97.30176,Left_Retroauricular_crease_1
OTU_97.30176,Right_Antecubital_fossa_1
OTU_97.30180,Right_Antecubital_fossa
OTU_97.30184,Attached_Keratinized_gingiva_1
OTU_97.30184,Attached_Keratinized_gingiva
OTU_97.30185,Right_Antecubital_fossa
OTU_97.30185,Stool
OTU_97.30185,Left_Antecubital_fossa
OTU_97.30185,Right_Antecubital_fossa_1
OTU_97.30192,Buccal_mucosa
OTU_97.30192,Saliva
OTU_97.30192,Buccal_mucosa_1
OTU_97.30192,Palatine_Tonsils
OTU_97.30192,Throat
OTU_97.30194,Buccal_mucosa_1
OTU_97.30194,Stool_1
OTU_97.30194,Saliva_1
OTU_97.30196,Stool
OTU_97.30196,Tongue_dorsum_1
OTU_97.3020,Right_Retroauricular_crease
OTU_97.3020,Throat
OTU_97.3020,Tongue_dorsum_1
OTU_97.30215,Tongue_dorsum
OTU_97.30215,Throat
OTU_97.30215,Tongue_dorsum_1
OTU_97.30220,Left_Retroauricular_crease
OTU_97.30220,Buccal_mucosa_1
OTU_97.30220,Saliva_1
OTU_97.30223,Stool
OTU_97.30224,Left_Antecubital_fossa_1
OTU_97.30224,Anterior_nares
OTU_97.30224,Throat_1
OTU_97.30227,Tongue_dorsum
OTU_97.30227,Left_Antecubital_fossa_1
OTU_97.30232,Buccal_mucosa
OTU_97.30232,Throat_1
OTU_97.30238,Supragingival_plaque_1
OTU_97.30238,Saliva
OTU_97.30238,Buccal_mucosa_1
OTU_97.30238,Attached_Keratinized_gingiva
OTU_97.30242,Buccal_mucosa
OTU_97.30242,Anterior_nares
OTU_97.30244,Stool_1
OTU_97.30247,Supragingival_plaque_1
OTU_97.30247,Subgingival_plaque_1
OTU_97.30250,Attached_Keratinized_gingiva_1
OTU_97.30250,Palatine_Tonsils
OTU_97.30250,Throat
OTU_97.30250,Anterior_nares_1
OTU_97.30252,Palatine_Tonsils_1
OTU_97.30255,Saliva_1
OTU_97.3026,Stool
OTU_97.3026,Left_Retroauricular_crease_1
OTU_97.3026,Tongue_dorsum_1
OTU_97.30264,Left_Retroauricular_crease
OTU_97.30264,Palatine_Tonsils
OTU_97.30264,Left_Retroauricular_crease_1
OTU_97.30265,Supragingival_plaque
OTU_97.30265,Attached_Keratinized_gingiva
OTU_97.30265,Anterior_nares_1
OTU_97.30273,Tongue_dorsum_1
OTU_97.30273,Throat_1
OTU_97.30273,Anterior_nares_1
OTU_97.30278,Tongue_dorsum
OTU_97.30278,Attached_Keratinized_gingiva
OTU_97.3028,Left_Antecubital_fossa_1
OTU_97.3028,Stool
OTU_97.3028,Palatine_Tonsils_1
OTU_97.30280,Saliva_1
OTU_97.30280,Tongue_dorsum_1
OTU_97.30285,Supragingival_plaque_1
OTU_97.30285,Right_Antecubital_fossa_1
OTU_97.30285,Anterior_nares_1
OTU_97.3029,Buccal_mucosa
OTU_97.3029,Left_Antecubital_fossa_1
OTU_97.3029,Anterior_nares_1
OTU_97.30290,Anterior_nares
OTU_97.30290,Tongue_dorsum_1
OTU_97.30292,Right_Retroauricular_crease_1
OTU_97.30292,Buccal_mucosa
OTU_97.30292,Palatine_Tonsils
OTU_97.30292,Throat
OTU_97.30293,Hard_palate
OTU_97.30293,Throat
OTU_97.30294,Stool
OTU_97.30295,Anterior_nares
OTU_97.30295,Tongue_dorsum_1
OTU_97.30296,Right_Retroauricular_crease
OTU_97.30304,Supragingival_plaque_1
OTU_97.30304,Buccal_mucosa
OTU_97.30304,Left_Antecubital_fossa_1
OTU_97.30304,Attached_Keratinized_gingiva_1
OTU_97.30306,Supragingival_plaque
OTU_97.30307,Saliva
OTU_97.30307,Saliva_1
OTU_97.30307,Palatine_Tonsils_1
OTU_97.30309,Right_Antecubital_fossa
OTU_97.30309,Palatine_Tonsils_1
OTU_97.3031,Right_Antecubital_fossa
OTU_97.3031,Left_Retroauricular_crease_1
OTU_97.3031,Tongue_dorsum_1
OTU_97.30313,Saliva
OTU_97.30313,Right_Antecubital_fossa
OTU_97.30314,Supragingival_plaque_1
OTU_97.30314,Hard_palate_1
OTU_97.30314,Buccal_mucosa_1
OTU_97.30314,Throat
OTU_97.30314,Attached_Keratinized_gingiva
OTU_97.30316,Subgingival_plaque
OTU_97.30316,Buccal_mucosa_1
OTU_97.30316,Stool
OTU_97.30317,Tongue_dorsum
OTU_97.30317,Supragingival_plaque
OTU_97.30317,Right_Antecubital_fossa
OTU_97.30319,Hard_palate_1
OTU_97.30319,Subgingival_plaque_1
OTU_97.30319,Palatine_Tonsils
OTU_97.30319,Left_Retroauricular_crease_1
OTU_97.3032,Saliva
OTU_97.3032,Attached_Keratinized_gingiva_1
OTU_97.30325,Palatine_Tonsils_1
OTU_97.30326,Left_Antecubital_fossa_1
OTU_97.30326,Stool
OTU_97.30326,Attached_Keratinized_gingiva
OTU_97.30326,Tongue_dorsum_1
OTU_97.30331,Buccal_mucosa_1
OTU_97.30336,Supragingival_plaque_1
OTU_97.30336,Saliva
OTU_97.30336,Buccal_mucosa_1
OTU_97.30336,Attached_Keratinized_gingiva
OTU_97.30338,Saliva
OTU_97.30338,Right_Retroauricular_crease
OTU_97.30338,Attached_Keratinized_gingiva_1
OTU_97.30338,Left_Antecubital_fossa
OTU_97.30338,Tongue_dorsum_1
OTU_97.30338,Throat_1
OTU_97.30340,Right_Antecubital_fossa_1
OTU_97.30343,Right_Retroauricular_crease
OTU_97.30344,Right_Antecubital_fossa
OTU_97.30344,Throat_1
OTU_97.30345,Supragingival_plaque
OTU_97.30345,Saliva
OTU_97.30346,Tongue_dorsum
OTU_97.30346,Buccal_mucosa
OTU_97.30346,Supragingival_plaque
OTU_97.30346,Left_Retroauricular_crease_1
OTU_97.30350,Subgingival_plaque
OTU_97.30350,Palatine_Tonsils_1
OTU_97.30351,Buccal_mucosa_1
OTU_97.30351,Throat
OTU_97.30351,Left_Antecubital_fossa
OTU_97.30352,Left_Antecubital_fossa_1
OTU_97.30352,Hard_palate_1
OTU_97.30360,Buccal_mucosa
OTU_97.30360,Supragingival_plaque
OTU_97.30360,Right_Antecubital_fossa
OTU_97.30360,Buccal_mucosa_1
OTU_97.30360,Attached_Keratinized_gingiva
OTU_97.3037,Hard_palate
OTU_97.3037,Saliva_1
OTU_97.30370,Supragingival_plaque_1
OTU_97.30370,Supragingival_plaque
OTU_97.30370,Left_Antecubital_fossa
OTU_97.30380,Attached_Keratinized_gingiva
OTU_97.30380,Left_Antecubital_fossa
OTU_97.30381,Tongue_dorsum_1
OTU_97.30382,Tongue_dorsum
OTU_97.30382,Tongue_dorsum_1
OTU_97.30382,Throat_1
OTU_97.30388,Right_Antecubital_fossa
OTU_97.30388,Left_Retroauricular_crease
OTU_97.30390,Supragingival_plaque_1
OTU_97.30390,Palatine_Tonsils
OTU_97.30399,Supragingival_plaque
OTU_97.30399,Buccal_mucosa_1
OTU_97.30404,Stool
OTU_97.30404,Subgingival_plaque_1
OTU_97.30404,Palatine_Tonsils_1
OTU_97.30404,Left_Antecubital_fossa
OTU_97.30404,Throat_1
OTU_97.30408,Left_Antecubital_fossa_1
OTU_97.30409,Left_Antecubital_fossa_1
OTU_97.30409,Right_Retroauricular_crease
OTU_97.30409,Anterior_nares_1
OTU_97.3041,Hard_palate
OTU_97.3041,Hard_palate_1
OTU_97.3041,Attached_Keratinized_gingiva
OTU_97.3041,Anterior_nares
OTU_97.3041,Anterior_nares_1
OTU_97.30410,Hard_palate
OTU_97.30419,Tongue_dorsum
OTU_97.30419,Buccal_mucosa
OTU_97.30419,Tongue_dorsum_1
OTU_97.30426,Saliva
OTU_97.30426,Subgingival_plaque_1
OTU_97.30426,Palatine_Tonsils_1
OTU_97.30428,Attached_Keratinized_gingiva
OTU_97.30431,Right_Retroauricular_crease_1
OTU_97.30431,Stool
OTU_97.30431,Right_Antecubital_fossa_1
OTU_97.30434,Attached_Keratinized_gingiva
OTU_97.30434,Palatine_Tonsils_1
OTU_97.30434,Throat_1
OTU_97.30442,Tongue_dorsum
OTU_97.30442,Hard_palate_1
OTU_97.30442,Attached_Keratinized_gingiva
OTU_97.30442,Palatine_Tonsils_1
OTU_97.30447,Right_Retroauricular_crease_1
OTU_97.30447,Buccal_mucosa
OTU_97.30447,Attached_Keratinized_gingiva
OTU_97.30448,Hard_palate_1
OTU_97.30448,Subgingival_plaque_1
OTU_97.30449,Supragingival_plaque
OTU_97.30449,Left_Antecubital_fossa_1
OTU_97.30449,Right_Antecubital_fossa
OTU_97.30449,Attached_Keratinized_gingiva_1
OTU_97.30451,Left_Antecubital_fossa_1
OTU_97.30451,Buccal_mucosa_1
OTU_97.30453,Right_Antecubital_fossa
OTU_97.30455,Supragingival_plaque
OTU_97.30455,Left_Retroauricular_crease
OTU_97.30455,Hard_palate
OTU_97.30455,Buccal_mucosa_1
OTU_97.30455,Palatine_Tonsils_1
OTU_97.30456,Subgingival_plaque
OTU_97.30456,Buccal_mucosa_1
OTU_97.30456,Left_Antecubital_fossa
OTU_97.30457,Buccal_mucosa
OTU_97.30457,Hard_palate
OTU_97.30457,Left_Retroauricular_crease_1
OTU_97.30457,Right_Antecubital_fossa_1
OTU_97.30458,Right_Retroauricular_crease
OTU_97.30458,Stool
OTU_97.30458,Tongue_dorsum_1
OTU_97.3046,Throat_1
OTU_97.30467,Right_Retroauricular_crease
OTU_97.30467,Throat
OTU_97.3047,Buccal_mucosa_1
OTU_97.3047,Attached_Keratinized_gingiva
OTU_97.30475,Stool
OTU_97.30479,Saliva
OTU_97.30479,Stool_1
OTU_97.30481,Supragingival_plaque
OTU_97.30485,Attached_Keratinized_gingiva_1
OTU_97.30485,Palatine_Tonsils_1
OTU_97.30485,Anterior_nares
OTU_97.30485,Anterior_nares_1
OTU_97.30488,Throat
OTU_97.30488,Anterior_nares
OTU_97.305,Supragingival_plaque
OTU_97.30510,Subgingival_plaque
OTU_97.30510,Supragingival_plaque_1
OTU_97.30510,Attached_Keratinized_gingiva
OTU_97.30510,Throat_1
OTU_97.30512,Buccal_mucosa
OTU_97.30516,Palatine_Tonsils
OTU_97.30516,Attached_Keratinized_gingiva
OTU_97.30516,Anterior_nares_1
OTU_97.30521,Anterior_nares
OTU_97.30521,Tongue_dorsum_1
OTU_97.30521,Anterior_nares_1
OTU_97.30525,Right_Retroauricular_crease_1
OTU_97.30525,Buccal_mucosa_1
OTU_97.30528,Right_Antecubital_fossa
OTU_97.30528,Left_Retroauricular_crease
OTU_97.30528,Left_Retroauricular_crease_1
OTU_97.30529,Right_Antecubital_fossa
OTU_97.30529,Tongue_dorsum_1
OTU_97.30529,Right_Antecubital_fossa_1
OTU_97.30531,Left_Antecubital_fossa_1
OTU_97.30531,Hard_palate_1
OTU_97.30534,Hard_palate_1
OTU_97.30534,Palatine_Tonsils
OTU_97.30534,Left_Antecubital_fossa
OTU_97.30536,Supragingival_plaque
OTU_97.30536,Attached_Keratinized_gingiva_1
OTU_97.30536,Tongue_dorsum_1
OTU_97.3054,Saliva_1
OTU_97.3054,Throat
OTU_97.30551,Right_Antecubital_fossa_1
OTU_97.3056,Subgingival_plaque
OTU_97.3056,Saliva
OTU_97.30561,Tongue_dorsum
OTU_97.30561,Attached_Keratinized_gingiva
OTU_97.30561,Left_Antecubital_fossa
OTU_97.30561,Tongue_dorsum_1
OTU_97.30568,Left_Antecubital_fossa_1
OTU_97.30568,Attached_Keratinized_gingiva_1
OTU_97.30568,Stool_1
OTU_97.3057,Buccal_mucosa_1
OTU_97.3057,Stool
OTU_97.3057,Attached_Keratinized_gingiva
OTU_97.3057,Palatine_Tonsils_1
OTU_97.3057,Left_Retroauricular_crease_1
OTU_97.30570,Buccal_mucosa_1
OTU_97.30572,Right_Antecubital_fossa
OTU_97.30572,Subgingival_plaque_1
OTU_97.30572,Throat_1
OTU_97.30577,Supragingival_plaque_1
OTU_97.30577,Left_Antecubital_fossa_1
OTU_97.30577,Stool_1
OTU_97.30579,Supragingival_plaque
OTU_97.30579,Right_Retroauricular_crease
OTU_97.3058,Subgingival_plaque
OTU_97.3058,Saliva
OTU_97.3058,Left_Retroauricular_crease_1
OTU_97.30580,Tongue_dorsum
OTU_97.30580,Right_Retroauricular_crease_1
OTU_97.30580,Left_Antecubital_fossa_1
OTU_97.30580,Saliva_1
OTU_97.30582,Tongue_dorsum
OTU_97.30582,Right_Retroauricular_crease_1
OTU_97.30582,Attached_Keratinized_gingiva
OTU_97.30584,Right_Retroauricular_crease_1
OTU_97.30584,Throat_1
OTU_97.30585,Supragingival_plaque_1
OTU_97.30593,Right_Retroauricular_crease
OTU_97.30593,Subgingival_plaque_1
OTU_97.30593,Right_Antecubital_fossa_1
OTU_97.30593,Throat_1
OTU_97.30594,Right_Retroauricular_crease_1
OTU_97.30594,Palatine_Tonsils
OTU_97.306,Buccal_mucosa
OTU_97.306,Left_Retroauricular_crease
OTU_97.306,Throat_1
OTU_97.3060,Subgingival_plaque
OTU_97.3060,Right_Retroauricular_crease
OTU_97.3060,Palatine_Tonsils
OTU_97.30611,Palatine_Tonsils
OTU_97.30611,Left_Retroauricular_crease_1
OTU_97.30611,Anterior_nares_1
OTU_97.30612,Supragingival_plaque
OTU_97.30612,Left_Antecubital_fossa_1
OTU_97.30612,Right_Antecubital_fossa
OTU_97.30612,Hard_palate
OTU_97.30612,Stool
OTU_97.30612,Left_Retroauricular_crease_1
OTU_97.30614,Saliva
OTU_97.30614,Anterior_nares_1
OTU_97.30622,Palatine_Tonsils_1
OTU_97.30622,Anterior_nares_1
OTU_97.30623,Left_Antecubital_fossa_1
OTU_97.30623,Hard_palate_1
OTU_97.30623,Throat_1
OTU_97.30623,Anterior_nares_1
OTU_97.30627,Buccal_mucosa_1
OTU_97.30632,Tongue_dorsum
OTU_97.30638,Buccal_mucosa
OTU_97.30638,Left_Retroauricular_crease
OTU_97.30639,Right_Retroauricular_crease
OTU_97.30639,Stool
OTU_97.30640,Supragingival_plaque_1
OTU_97.30640,Throat
OTU_97.30640,Right_Antecubital_fossa_1
OTU_97.30642,Buccal_mucosa
OTU_97.30645,Supragingival_plaque
OTU_97.30645,Saliva
OTU_97.30653,Tongue_dorsum
OTU_97.30653,Attached_Keratinized_gingiva_1
OTU_97.30654,Subgingival_plaque
OTU_97.30654,Saliva_1
OTU_97.30654,Anterior_nares
OTU_97.30654,Throat_1
OTU_97.30656,Subgingival_plaque_1
OTU_97.30656,Attached_Keratinized_gingiva
OTU_97.30656,Left_Retroauricular_crease_1
OTU_97.30656,Throat_1
OTU_97.30661,Buccal_mucosa_1
OTU_97.30665,Tongue_dorsum
OTU_97.30676,Left_Antecubital_fossa_1
OTU_97.30680,Supragingival_plaque_1
OTU_97.30680,Attached_Keratinized_gingiva_1
OTU_97.30680,Saliva_1
OTU_97.30680,Left_Retroauricular_crease_1
OTU_97.30681,Right_Retroauricular_crease_1
OTU_97.30681,Subgingival_plaque
OTU_97.30681,Stool_1
OTU_97.30684,Subgingival_plaque
OTU_97.30684,Supragingival_plaque_1
OTU_97.30684,Palatine_Tonsils_1
OTU_97.30686,Subgingival_plaque
OTU_97.30686,Left_Antecubital_fossa
OTU_97.30686,Tongue_dorsum_1
OTU_97.30690,Palatine_Tonsils
OTU_97.30693,Buccal_mucosa_1
OTU_97.30693,Anterior_nares
OTU_97.30695,Subgingival_plaque
OTU_97.30695,Throat_1
OTU_97.30699,Buccal_mucosa
OTU_97.307,Tongue_dorsum
OTU_97.307,Right_Retroauricular_crease_1
OTU_97.307,Buccal_mucosa_1
OTU_97.3070,Right_Retroauricular_crease_1
OTU_97.3070,Hard_palate
OTU_97.30700,Saliva
OTU_97.30700,Left_Antecubital_fossa_1
OTU_97.30700,Palatine_Tonsils
OTU_97.30703,Supragingival_plaque
OTU_97.30703,Left_Retroauricular_crease
OTU_97.30703,Buccal_mucosa_1
OTU_97.30706,Right_Retroauricular_crease
OTU_97.30706,Tongue_dorsum_1
OTU_97.30708,Supragingival_plaque
OTU_97.30708,Stool
OTU_97.30708,Tongue_dorsum_1
OTU_97.30709,Saliva_1
OTU_97.30709,Left_Retroauricular_crease_1
OTU_97.3071,Right_Antecubital_fossa
OTU_97.3071,Stool
OTU_97.3071,Anterior_nares
OTU_97.30716,Supragingival_plaque
OTU_97.30716,Right_Antecubital_fossa
OTU_97.30716,Buccal_mucosa_1
OTU_97.30716,Left_Antecubital_fossa
OTU_97.30719,Saliva_1
OTU_97.30719,Throat_1
OTU_97.30726,Subgingival_plaque
OTU_97.30729,Left_Antecubital_fossa_1
OTU_97.3073,Throat
OTU_97.3073,Palatine_Tonsils_1
OTU_97.3073,Anterior_nares_1
OTU_97.30730,Hard_palate
OTU_97.30730,Subgingival_plaque_1
OTU_97.30735,Stool
OTU_97.30737,Subgingival_plaque
OTU_97.30737,Buccal_mucosa
OTU_97.30737,Left_Retroauricular_crease
OTU_97.30737,Saliva_1
OTU_97.30737,Throat_1
OTU_97.30739,Tongue_dorsum
OTU_97.30739,Hard_palate_1
OTU_97.30739,Throat
OTU_97.30748,Throat_1
OTU_97.30750,Buccal_mucosa_1
OTU_97.30750,Stool_1
OTU_97.30750,Attached_Keratinized_gingiva
OTU_97.30750,Left_Retroauricular_crease_1
OTU_97.30750,Left_Antecubital_fossa
OTU_97.30760,Right_Retroauricular_crease
OTU_97.30760,Saliva_1
OTU_97.30766,Right_Retroauricular_crease_1
OTU_97.30766,Buccal_mucosa
OTU_97.30766,Hard_palate_1
OTU_97.30766,Buccal_mucosa_1
OTU_97.30766,Subgingival_plaque_1
OTU_97.30766,Attached_Keratinized_gingiva
OTU_97.30773,Left_Antecubital_fossa_1
OTU_97.30773,Hard_palate
OTU_97.30774,Right_Antecubital_fossa_1
OTU_97.30777,Supragingival_plaque
OTU_97.30777,Left_Retroauricular_crease
OTU_97.30777,Buccal_mucosa_1
OTU_97.30777,Anterior_nares
OTU_97.30781,Left_Retroauricular_crease_1
OTU_97.30793,Tongue_dorsum
OTU_97.30793,Left_Antecubital_fossa
OTU_97.30795,Supragingival_plaque_1
OTU_97.30795,Palatine_Tonsils
OTU_97.30795,Right_Antecubital_fossa_1
OTU_97.30798,Saliva_1
OTU_97.30798,Left_Antecubital_fossa
OTU_97.30811,Subgingival_plaque
OTU_97.30811,Palatine_Tonsils_1
OTU_97.30811,Anterior_nares
OTU_97.30815,Buccal_mucosa
OTU_97.30815,Supragingival_plaque
OTU_97.30815,Right_Antecubital_fossa
OTU_97.30815,Left_Retroauricular_crease_1
OTU_97.30815,Tongue_dorsum_1
OTU_97.30835,Right_Antecubital_fossa
OTU_97.30835,Hard_palate
OTU_97.30859,Hard_palate_1
OTU_97.30859,Buccal_mucosa_1
OTU_97.30859,Tongue_dorsum_1
OTU_97.30863,Saliva_1
OTU_97.30863,Attached_Keratinized_gingiva
OTU_97.30867,Tongue_dorsum_1
OTU_97.30867,Throat_1
OTU_97.30871,Buccal_mucosa
OTU_97.30871,Attached_Keratinized_gingiva
OTU_97.30871,Anterior_nares_1
OTU_97.30872,Right_Antecubital_fossa_1
OTU_97.30875,Hard_palate
OTU_97.30875,Throat
OTU_97.3088,Left_Antecubital_fossa_1
OTU_97.30881,Supragingival_plaque_1
OTU_97.30881,Buccal_mucosa
OTU_97.30881,Right_Antecubital_fossa
OTU_97.30881,Buccal_mucosa_1
OTU_97.30881,Throat_1
OTU_97.30881,Anterior_nares_1
OTU_97.30887,Left_Retroauricular_crease
OTU_97.30887,Throat_1
OTU_97.3089,Saliva
OTU_97.3089,Right_Antecubital_fossa_1
OTU_97.30901,Hard_palate_1
OTU_97.30904,Subgingival_plaque_1
OTU_97.30904,Palatine_Tonsils
OTU_97.30906,Subgingival_plaque
OTU_97.30906,Right_Retroauricular_crease
OTU_97.30906,Palatine_Tonsils_1
OTU_97.30908,Right_Retroauricular_crease
OTU_97.30908,Right_Antecubital_fossa
OTU_97.30908,Throat_1
OTU_97.30909,Tongue_dorsum
OTU_97.30909,Hard_palate_1
OTU_97.30909,Buccal_mucosa_1
OTU_97.30909,Subgingival_plaque_1
OTU_97.30910,Supragingival_plaque_1
OTU_97.30910,Supragingival_plaque
OTU_97.30910,Tongue_dorsum_1
OTU_97.30914,Buccal_mucosa
OTU_97.30914,Left_Retroauricular_crease_1
OTU_97.30914,Anterior_nares
OTU_97.30914,Anterior_nares_1
OTU_97.30921,Subgingival_plaque
OTU_97.30921,Left_Antecubital_fossa
OTU_97.30923,Subgingival_plaque_1
OTU_97.30923,Right_Antecubital_fossa_1
OTU_97.3093,Left_Antecubital_fossa_1
OTU_97.3093,Buccal_mucosa_1
OTU_97.30931,Subgingival_plaque
OTU_97.30931,Buccal_mucosa_1
OTU_97.30931,Anterior_nares
OTU_97.30933,Supragingival_plaque
OTU_97.30933,Left_Antecubital_fossa_1
OTU_97.30936,Subgingival_plaque
OTU_97.30936,Attached_Keratinized_gingiva_1
OTU_97.30936,Stool
OTU_97.30936,Throat_1
OTU_97.30937,Left_Antecubital_fossa_1
OTU_97.30937,Buccal_mucosa_1
OTU_97.30939,Attached_Keratinized_gingiva_1
OTU_97.30939,Throat
OTU_97.3094,Tongue_dorsum
OTU_97.3094,Left_Retroauricular_crease
OTU_97.3094,Hard_palate_1
OTU_97.30941,Supragingival_plaque
OTU_97.30947,Stool
OTU_97.3095,Hard_palate_1
OTU_97.3095,Subgingival_plaque_1
OTU_97.30950,Supragingival_plaque
OTU_97.30950,Saliva
OTU_97.30950,Attached_Keratinized_gingiva_1
OTU_97.30955,Right_Retroauricular_crease
OTU_97.30955,Right_Antecubital_fossa
OTU_97.30956,Right_Retroauricular_crease
OTU_97.30956,Anterior_nares
OTU_97.30962,Saliva
OTU_97.30962,Hard_palate_1
OTU_97.30962,Anterior_nares
OTU_97.30967,Right_Retroauricular_crease_1
OTU_97.30967,Buccal_mucosa
OTU_97.30967,Palatine_Tonsils_1
OTU_97.30969,Hard_palate_1
OTU_97.30973,Subgingival_plaque_1
OTU_97.30973,Anterior_nares
OTU_97.30973,Tongue_dorsum_1
OTU_97.30974,Attached_Keratinized_gingiva
OTU_97.30974,Left_Antecubital_fossa
OTU_97.30976,Supragingival_plaque_1
OTU_97.30976,Left_Retroauricular_crease_1
OTU_97.30976,Throat_1
OTU_97.30978,Attached_Keratinized_gingiva
OTU_97.30978,Anterior_nares
OTU_97.30978,Throat_1
OTU_97.30979,Supragingival_plaque
OTU_97.30979,Attached_Keratinized_gingiva
OTU_97.30979,Palatine_Tonsils_1
OTU_97.30979,Left_Retroauricular_crease_1
OTU_97.30981,Saliva
OTU_97.30981,Left_Retroauricular_crease
OTU_97.30981,Tongue_dorsum_1
OTU_97.30981,Throat_1
OTU_97.30982,Stool
OTU_97.30982,Throat
OTU_97.30983,Supragingival_plaque
OTU_97.30983,Saliva_1
OTU_97.30983,Palatine_Tonsils_1
OTU_97.30987,Right_Retroauricular_crease
OTU_97.30987,Right_Antecubital_fossa
OTU_97.30991,Tongue_dorsum
OTU_97.30992,Saliva_1
OTU_97.30992,Throat
OTU_97.30995,Saliva
OTU_97.30995,Right_Antecubital_fossa_1
OTU_97.30998,Buccal_mucosa_1
OTU_97.30998,Stool
OTU_97.31,Right_Retroauricular_crease_1
OTU_97.310,Anterior_nares
OTU_97.3100,Tongue_dorsum
OTU_97.3100,Right_Antecubital_fossa
OTU_97.3100,Anterior_nares_1
OTU_97.31000,Buccal_mucosa
OTU_97.31000,Supragingival_plaque
OTU_97.31000,Right_Retroauricular_crease
OTU_97.31003,Tongue_dorsum
OTU_97.31005,Left_Retroauricular_crease
OTU_97.31005,Hard_palate_1
OTU_97.31005,Stool
OTU_97.31005,Palatine_Tonsils
OTU_97.31005,Palatine_Tonsils_1
OTU_97.31010,Buccal_mucosa
OTU_97.31010,Right_Antecubital_fossa
OTU_97.31010,Attached_Keratinized_gingiva_1
OTU_97.31010,Throat
OTU_97.31010,Throat_1
OTU_97.31012,Tongue_dorsum
OTU_97.31012,Left_Antecubital_fossa_1
OTU_97.31012,Anterior_nares
OTU_97.31012,Tongue_dorsum_1
OTU_97.31013,Left_Retroauricular_crease
OTU_97.31013,Hard_palate
OTU_97.31018,Right_Retroauricular_crease_1
OTU_97.31018,Right_Retroauricular_crease
OTU_97.31018,Hard_palate
OTU_97.31023,Stool
OTU_97.31023,Anterior_nares
OTU_97.31023,Tongue_dorsum_1
OTU_97.31023,Throat_1
OTU_97.31024,Saliva
OTU_97.31024,Stool_1
OTU_97.31029,Supragingival_plaque_1
OTU_97.31029,Right_Antecubital_fossa
OTU_97.31029,Left_Retroauricular_crease
OTU_97.31031,Hard_palate
OTU_97.31042,Palatine_Tonsils
OTU_97.31044,Left_Antecubital_fossa_1
OTU_97.31044,Left_Retroauricular_crease_1
OTU_97.31044,Left_Antecubital_fossa
OTU_97.31045,Supragingival_plaque
OTU_97.31045,Attached_Keratinized_gingiva_1
OTU_97.31045,Subgingival_plaque_1
OTU_97.31045,Saliva_1
OTU_97.31045,Throat
OTU_97.31045,Left_Antecubital_fossa
OTU_97.31045,Tongue_dorsum_1
OTU_97.31045,Throat_1
OTU_97.31046,Tongue_dorsum
OTU_97.31050,Left_Retroauricular_crease
OTU_97.31050,Subgingival_plaque_1
OTU_97.31061,Buccal_mucosa
OTU_97.31061,Right_Antecubital_fossa
OTU_97.31061,Right_Antecubital_fossa_1
OTU_97.31069,Supragingival_plaque_1
OTU_97.31069,Buccal_mucosa
OTU_97.31069,Anterior_nares_1
OTU_97.31074,Saliva
OTU_97.31074,Left_Antecubital_fossa_1
OTU_97.31074,Left_Retroauricular_crease
OTU_97.31074,Tongue_dorsum_1
OTU_97.31077,Right_Retroauricular_crease_1
OTU_97.31077,Supragingival_plaque_1
OTU_97.31077,Hard_palate
OTU_97.31079,Saliva_1
OTU_97.31080,Supragingival_plaque_1
OTU_97.31080,Left_Antecubital_fossa_1
OTU_97.31080,Attached_Keratinized_gingiva_1
OTU_97.31080,Palatine_Tonsils
OTU_97.31086,Tongue_dorsum
OTU_97.31086,Subgingival_plaque
OTU_97.31086,Anterior_nares_1
OTU_97.31092,Attached_Keratinized_gingiva
OTU_97.31093,Supragingival_plaque
OTU_97.31093,Left_Retroauricular_crease
OTU_97.31093,Stool
OTU_97.31093,Stool_1
OTU_97.31093,Left_Retroauricular_crease_1
OTU_97.31094,Saliva
OTU_97.31094,Subgingival_plaque_1
OTU_97.311,Stool_1
OTU_97.311,Subgingival_plaque_1
OTU_97.3110,Buccal_mucosa_1
OTU_97.3110,Palatine_Tonsils
OTU_97.31105,Stool
OTU_97.31105,Subgingival_plaque_1
OTU_97.31105,Throat
OTU_97.31105,Attached_Keratinized_gingiva
OTU_97.31107,Supragingival_plaque
OTU_97.31108,Saliva
OTU_97.31108,Stool_1
OTU_97.31111,Supragingival_plaque
OTU_97.31116,Buccal_mucosa
OTU_97.31116,Right_Antecubital_fossa
OTU_97.31116,Hard_palate
OTU_97.31116,Right_Antecubital_fossa_1
OTU_97.31119,Right_Retroauricular_crease_1
OTU_97.31119,Left_Antecubital_fossa_1
OTU_97.31119,Right_Antecubital_fossa
OTU_97.31119,Left_Retroauricular_crease_1
OTU_97.31119,Anterior_nares_1
OTU_97.3112,Subgingival_plaque
OTU_97.3112,Saliva
OTU_97.3112,Anterior_nares_1
OTU_97.31121,Buccal_mucosa
OTU_97.31121,Left_Antecubital_fossa
OTU_97.31125,Subgingival_plaque
OTU_97.31125,Supragingival_plaque
OTU_97.31125,Anterior_nares
OTU_97.31126,Right_Retroauricular_crease_1
OTU_97.31126,Supragingival_plaque_1
OTU_97.31127,Subgingival_plaque
OTU_97.31127,Supragingival_plaque_1
OTU_97.31127,Throat_1
OTU_97.31128,Supragingival_plaque_1
OTU_97.31128,Left_Antecubital_fossa_1
OTU_97.31128,Tongue_dorsum_1
OTU_97.3113,Right_Retroauricular_crease_1
OTU_97.3113,Subgingival_plaque
OTU_97.3113,Anterior_nares
OTU_97.31134,Saliva
OTU_97.31134,Right_Retroauricular_crease
OTU_97.31134,Saliva_1
OTU_97.31134,Anterior_nares_1
OTU_97.31136,Left_Retroauricular_crease_1
OTU_97.3114,Buccal_mucosa
OTU_97.3114,Saliva
OTU_97.31142,Stool_1
OTU_97.31142,Tongue_dorsum_1
OTU_97.31144,Supragingival_plaque
OTU_97.31144,Left_Retroauricular_crease
OTU_97.31144,Stool_1
OTU_97.31144,Palatine_Tonsils_1
OTU_97.31144,Throat_1
OTU_97.31146,Left_Retroauricular_crease
OTU_97.31146,Stool
OTU_97.31146,Right_Antecubital_fossa_1
OTU_97.31150,Right_Antecubital_fossa
OTU_97.31150,Stool
OTU_97.31150,Subgingival_plaque_1
OTU_97.31152,Stool
OTU_97.31152,Tongue_dorsum_1
OTU_97.31156,Right_Retroauricular_crease_1
OTU_97.31156,Subgingival_plaque_1
OTU_97.31156,Palatine_Tonsils
OTU_97.3116,Right_Antecubital_fossa
OTU_97.3116,Attached_Keratinized_gingiva_1
OTU_97.3116,Hard_palate
OTU_97.3116,Buccal_mucosa_1
OTU_97.3116,Attached_Keratinized_gingiva
OTU_97.31162,Tongue_dorsum
OTU_97.31162,Left_Antecubital_fossa_1
OTU_97.31162,Right_Retroauricular_crease
OTU_97.31162,Tongue_dorsum_1
OTU_97.31167,Subgingival_plaque
OTU_97.31167,Supragingival_plaque_1
OTU_97.31167,Saliva
OTU_97.31167,Saliva_1
OTU_97.31167,Attached_Keratinized_gingiva
OTU_97.3117,Right_Retroauricular_crease_1
OTU_97.3117,Tongue_dorsum_1
OTU_97.3117,Anterior_nares_1
OTU_97.31170,Buccal_mucosa
OTU_97.31170,Attached_Keratinized_gingiva_1
OTU_97.31170,Stool_1
OTU_97.31170,Palatine_Tonsils
OTU_97.31175,Right_Antecubital_fossa
OTU_97.31175,Stool_1
OTU_97.31176,Subgingival_plaque
OTU_97.31176,Buccal_mucosa
OTU_97.31179,Supragingival_plaque
OTU_97.31179,Right_Retroauricular_crease
OTU_97.31179,Left_Retroauricular_crease_1
OTU_97.31181,Right_Retroauricular_crease_1
OTU_97.31181,Buccal_mucosa
OTU_97.31181,Throat
OTU_97.31181,Left_Retroauricular_crease_1
OTU_97.31181,Anterior_nares
OTU_97.31181,Anterior_nares_1
OTU_97.3119,Stool
OTU_97.3119,Anterior_nares
OTU_97.31190,Right_Retroauricular_crease
OTU_97.31190,Attached_Keratinized_gingiva_1
OTU_97.31190,Buccal_mucosa_1
OTU_97.31194,Left_Antecubital_fossa
OTU_97.31194,Anterior_nares_1
OTU_97.31199,Tongue_dorsum_1
OTU_97.31199,Right_Antecubital_fossa_1
OTU_97.312,Throat
OTU_97.3120,Buccal_mucosa_1
OTU_97.31200,Subgingival_plaque_1
OTU_97.31205,Right_Retroauricular_crease_1
OTU_97.31205,Buccal_mucosa_1
OTU_97.31205,Left_Retroauricular_crease_1
OTU_97.31207,Attached_Keratinized_gingiva_1
OTU_97.31209,Hard_palate
OTU_97.31209,Palatine_Tonsils
OTU_97.31210,Supragingival_plaque_1
OTU_97.31210,Left_Retroauricular_crease
OTU_97.31210,Buccal_mucosa_1
OTU_97.31210,Palatine_Tonsils
OTU_97.31213,Palatine_Tonsils
OTU_97.31213,Throat
OTU_97.31213,Tongue_dorsum_1
OTU_97.31214,Left_Antecubital_fossa_1
OTU_97.31214,Buccal_mucosa_1
OTU_97.31214,Attached_Keratinized_gingiva
OTU_97.31217,Tongue_dorsum
OTU_97.31217,Supragingival_plaque_1
OTU_97.31217,Throat
OTU_97.31217,Attached_Keratinized_gingiva
OTU_97.31217,Tongue_dorsum_1
OTU_97.31218,Subgingival_plaque_1
OTU_97.31222,Supragingival_plaque_1
OTU_97.31222,Buccal_mucosa
OTU_97.31222,Throat
OTU_97.31222,Throat_1
OTU_97.31229,Hard_palate
OTU_97.31229,Attached_Keratinized_gingiva
OTU_97.31229,Left_Antecubital_fossa
OTU_97.31229,Throat_1
OTU_97.31235,Left_Antecubital_fossa_1
OTU_97.31240,Left_Retroauricular_crease
OTU_97.31240,Attached_Keratinized_gingiva
OTU_97.31246,Buccal_mucosa
OTU_97.31246,Saliva_1
OTU_97.31246,Attached_Keratinized_gingiva
OTU_97.31247,Attached_Keratinized_gingiva_1
OTU_97.31247,Anterior_nares
OTU_97.3125,Stool_1
OTU_97.31252,Right_Retroauricular_crease
OTU_97.31256,Attached_Keratinized_gingiva_1
OTU_97.31256,Hard_palate_1
OTU_97.31257,Subgingival_plaque
OTU_97.31257,Buccal_mucosa
OTU_97.31259,Left_Antecubital_fossa
OTU_97.31260,Right_Retroauricular_crease_1
OTU_97.31260,Stool_1
OTU_97.31260,Palatine_Tonsils
OTU_97.31260,Throat
OTU_97.31263,Subgingival_plaque
OTU_97.31263,Throat_1
OTU_97.31264,Palatine_Tonsils
OTU_97.31264,Palatine_Tonsils_1
OTU_97.31264,Anterior_nares_1
OTU_97.31265,Subgingival_plaque
OTU_97.31265,Saliva_1
OTU_97.31265,Palatine_Tonsils
OTU_97.31265,Attached_Keratinized_gingiva
OTU_97.31271,Buccal_mucosa
OTU_97.31271,Attached_Keratinized_gingiva_1
OTU_97.31271,Throat_1
OTU_97.31271,Anterior_nares_1
OTU_97.31273,Right_Retroauricular_crease_1
OTU_97.31273,Buccal_mucosa_1
OTU_97.31273,Left_Retroauricular_crease_1
OTU_97.31278,Saliva_1
OTU_97.31278,Tongue_dorsum_1
OTU_97.31278,Throat_1
OTU_97.31281,Supragingival_plaque
OTU_97.31281,Hard_palate
OTU_97.31281,Buccal_mucosa_1
OTU_97.31281,Palatine_Tonsils_1
OTU_97.31281,Right_Antecubital_fossa_1
OTU_97.31287,Throat
OTU_97.31287,Attached_Keratinized_gingiva
OTU_97.31287,Tongue_dorsum_1
OTU_97.31288,Right_Antecubital_fossa
OTU_97.31288,Stool
OTU_97.31288,Left_Retroauricular_crease_1
OTU_97.31289,Attached_Keratinized_gingiva_1
OTU_97.31296,Right_Retroauricular_crease_1
OTU_97.31296,Subgingival_plaque
OTU_97.3130,Supragingival_plaque_1
OTU_97.3130,Buccal_mucosa
OTU_97.3130,Saliva_1
OTU_97.3130,Left_Retroauricular_crease_1
OTU_97.3130,Tongue_dorsum_1
OTU_97.31301,Tongue_dorsum
OTU_97.31301,Supragingival_plaque
OTU_97.31301,Left_Antecubital_fossa
OTU_97.31301,Anterior_nares_1
OTU_97.31302,Subgingival_plaque
OTU_97.31302,Supragingival_plaque
OTU_97.31302,Hard_palate
OTU_97.31302,Throat
OTU_97.31314,Right_Antecubital_fossa
OTU_97.31314,Left_Retroauricular_crease_1
OTU_97.31317,Buccal_mucosa
OTU_97.31317,Supragingival_plaque
OTU_97.31321,Right_Retroauricular_crease
OTU_97.31321,Attached_Keratinized_gingiva_1
OTU_97.31321,Hard_palate_1
OTU_97.31323,Saliva_1
OTU_97.31323,Attached_Keratinized_gingiva
OTU_97.31323,Tongue_dorsum_1
OTU_97.31323,Throat_1
OTU_97.31323,Anterior_nares_1
OTU_97.3133,Tongue_dorsum
OTU_97.31330,Hard_palate
OTU_97.31330,Right_Antecubital_fossa_1
OTU_97.31335,Saliva_1
OTU_97.31335,Left_Retroauricular_crease_1
OTU_97.31337,Throat
OTU_97.31337,Anterior_nares_1
OTU_97.31338,Palatine_Tonsils_1
OTU_97.31344,Tongue_dorsum
OTU_97.31344,Supragingival_plaque_1
OTU_97.31344,Supragingival_plaque
OTU_97.31344,Right_Retroauricular_crease
OTU_97.31344,Left_Retroauricular_crease
OTU_97.31344,Stool
OTU_97.31345,Left_Antecubital_fossa_1
OTU_97.31345,Palatine_Tonsils
OTU_97.31345,Anterior_nares
OTU_97.31345,Throat_1
OTU_97.31346,Stool_1
OTU_97.31346,Right_Antecubital_fossa_1
OTU_97.31347,Subgingival_plaque
OTU_97.31347,Hard_palate
OTU_97.31348,Left_Retroauricular_crease
OTU_97.31348,Throat_1
OTU_97.31349,Supragingival_plaque_1
OTU_97.31349,Throat
OTU_97.31351,Subgingival_plaque
OTU_97.31351,Buccal_mucosa_1
OTU_97.31351,Palatine_Tonsils_1
OTU_97.31355,Attached_Keratinized_gingiva_1
OTU_97.31355,Tongue_dorsum_1
OTU_97.31361,Anterior_nares_1
OTU_97.31363,Left_Retroauricular_crease
OTU_97.31363,Stool_1
OTU_97.31363,Saliva_1
OTU_97.31364,Left_Retroauricular_crease
OTU_97.31364,Hard_palate
OTU_97.31364,Attached_Keratinized_gingiva
OTU_97.31364,Throat_1
OTU_97.31366,Subgingival_plaque
OTU_97.31366,Left_Antecubital_fossa_1
OTU_97.31366,Right_Retroauricular_crease
OTU_97.31366,Buccal_mucosa_1
OTU_97.31366,Throat
OTU_97.31367,Right_Retroauricular_crease_1
OTU_97.31368,Subgingival_plaque_1
OTU_97.31368,Anterior_nares_1
OTU_97.31370,Anterior_nares
OTU_97.31374,Right_Retroauricular_crease_1
OTU_97.31374,Right_Antecubital_fossa
OTU_97.31374,Left_Retroauricular_crease_1
OTU_97.31377,Supragingival_plaque
OTU_97.31377,Right_Antecubital_fossa
OTU_97.31377,Buccal_mucosa_1
OTU_97.31377,Subgingival_plaque_1
OTU_97.31377,Palatine_Tonsils
OTU_97.31377,Left_Antecubital_fossa
OTU_97.31382,Tongue_dorsum
OTU_97.31382,Left_Antecubital_fossa_1
OTU_97.31383,Hard_palate
OTU_97.31383,Subgingival_plaque_1
OTU_97.31383,Saliva_1
OTU_97.31383,Palatine_Tonsils_1
OTU_97.31387,Attached_Keratinized_gingiva_1
OTU_97.31387,Attached_Keratinized_gingiva
OTU_97.31387,Throat_1
OTU_97.3139,Anterior_nares
OTU_97.31397,Buccal_mucosa
OTU_97.31397,Palatine_Tonsils
OTU_97.3140,Tongue_dorsum
OTU_97.3140,Palatine_Tonsils
OTU_97.31400,Hard_palate
OTU_97.31400,Anterior_nares
OTU_97.31405,Subgingival_plaque
OTU_97.31405,Attached_Keratinized_gingiva_1
OTU_97.31405,Right_Antecubital_fossa_1
OTU_97.31406,Stool
OTU_97.31406,Saliva_1
OTU_97.31406,Palatine_Tonsils
OTU_97.31406,Anterior_nares
OTU_97.31406,Tongue_dorsum_1
OTU_97.31407,Right_Retroauricular_crease_1
OTU_97.31407,Subgingival_plaque
OTU_97.31407,Supragingival_plaque_1
OTU_97.31407,Right_Antecubital_fossa
OTU_97.31407,Attached_Keratinized_gingiva
OTU_97.31408,Supragingival_plaque
OTU_97.31408,Attached_Keratinized_gingiva_1
OTU_97.31408,Anterior_nares_1
OTU_97.31411,Stool
OTU_97.31411,Anterior_nares_1
OTU_97.31418,Throat
OTU_97.3142,Buccal_mucosa
OTU_97.3142,Attached_Keratinized_gingiva_1
OTU_97.31422,Right_Antecubital_fossa
OTU_97.31422,Left_Retroauricular_crease
OTU_97.31429,Right_Retroauricular_crease_1
OTU_97.31429,Subgingival_plaque_1
OTU_97.31433,Tongue_dorsum
OTU_97.31433,Left_Retroauricular_crease
OTU_97.31433,Palatine_Tonsils
OTU_97.31434,Supragingival_plaque_1
OTU_97.31434,Left_Antecubital_fossa_1
OTU_97.31434,Palatine_Tonsils
OTU_97.31443,Buccal_mucosa
OTU_97.31443,Saliva
OTU_97.31443,Left_Antecubital_fossa_1
OTU_97.31443,Throat_1
OTU_97.31445,Palatine_Tonsils_1
OTU_97.31445,Throat_1
OTU_97.31446,Supragingival_plaque_1
OTU_97.31446,Anterior_nares
OTU_97.31450,Left_Antecubital_fossa_1
OTU_97.31450,Buccal_mucosa_1
OTU_97.31450,Saliva_1
OTU_97.31450,Left_Retroauricular_crease_1
OTU_97.31452,Saliva
OTU_97.31452,Left_Retroauricular_crease
OTU_97.31452,Stool
OTU_97.31452,Left_Antecubital_fossa
OTU_97.31456,Anterior_nares
OTU_97.31456,Tongue_dorsum_1
OTU_97.31458,Subgingival_plaque
OTU_97.31466,Right_Retroauricular_crease
OTU_97.31466,Saliva_1
OTU_97.31466,Left_Antecubital_fossa
OTU_97.31471,Stool
OTU_97.31471,Stool_1
OTU_97.31471,Throat
OTU_97.31471,Anterior_nares_1
OTU_97.31473,Subgingival_plaque
OTU_97.31473,Right_Antecubital_fossa_1
OTU_97.3148,Supragingival_plaque_1
OTU_97.3148,Buccal_mucosa
OTU_97.3148,Supragingival_plaque
OTU_97.31482,Stool
OTU_97.31482,Left_Retroauricular_crease_1
OTU_97.31482,Right_Antecubital_fossa_1
OTU_97.31484,Stool
OTU_97.31484,Left_Retroauricular_crease_1
OTU_97.31484,Right_Antecubital_fossa_1
OTU_97.31488,Subgingival_plaque
OTU_97.31488,Right_Antecubital_fossa
OTU_97.31488,Stool
OTU_97.31488,Tongue_dorsum_1
OTU_97.31489,Left_Retroauricular_crease
OTU_97.31489,Hard_palate_1
OTU_97.31489,Palatine_Tonsils
OTU_97.31490,Right_Retroauricular_crease
OTU_97.31490,Left_Retroauricular_crease
OTU_97.31490,Attached_Keratinized_gingiva
OTU_97.31496,Buccal_mucosa
OTU_97.31496,Right_Retroauricular_crease
OTU_97.31497,Hard_palate_1
OTU_97.31497,Right_Antecubital_fossa_1
OTU_97.31503,Buccal_mucosa
OTU_97.3151,Left_Retroauricular_crease
OTU_97.3151,Tongue_dorsum_1
OTU_97.31516,Buccal_mucosa_1
OTU_97.31516,Saliva_1
OTU_97.31516,Attached_Keratinized_gingiva
OTU_97.31516,Left_Antecubital_fossa
OTU_97.31518,Right_Retroauricular_crease
OTU_97.31518,Stool_1
OTU_97.31518,Attached_Keratinized_gingiva
OTU_97.31518,Palatine_Tonsils_1
OTU_97.31519,Right_Retroauricular_crease
OTU_97.31519,Stool
OTU_97.31519,Anterior_nares
OTU_97.3152,Supragingival_plaque_1
OTU_97.3152,Right_Antecubital_fossa
OTU_97.3152,Buccal_mucosa_1
OTU_97.31520,Right_Antecubital_fossa
OTU_97.31520,Subgingival_plaque_1
OTU_97.31527,Supragingival_plaque_1
OTU_97.31527,Saliva
OTU_97.31527,Throat
OTU_97.31532,Right_Antecubital_fossa
OTU_97.31532,Anterior_nares_1
OTU_97.31534,Tongue_dorsum
OTU_97.31535,Saliva
OTU_97.31535,Attached_Keratinized_gingiva_1
OTU_97.31535,Anterior_nares_1
OTU_97.31536,Supragingival_plaque
OTU_97.31536,Right_Retroauricular_crease
OTU_97.31536,Palatine_Tonsils
OTU_97.31536,Left_Antecubital_fossa
OTU_97.31546,Hard_palate_1
OTU_97.31546,Throat
OTU_97.31554,Right_Retroauricular_crease_1
OTU_97.31554,Subgingival_plaque_1
OTU_97.31559,Buccal_mucosa
OTU_97.31559,Right_Retroauricular_crease
OTU_97.31559,Anterior_nares_1
OTU_97.3156,Saliva_1
OTU_97.3156,Left_Antecubital_fossa
OTU_97.31560,Right_Antecubital_fossa
OTU_97.31577,Right_Antecubital_fossa
OTU_97.31577,Attached_Keratinized_gingiva_1
OTU_97.31577,Hard_palate
OTU_97.31577,Stool_1
OTU_97.31581,Saliva_1
OTU_97.31581,Tongue_dorsum_1
OTU_97.31583,Supragingival_plaque
OTU_97.31583,Hard_palate
OTU_97.31585,Subgingival_plaque_1
OTU_97.31585,Throat_1
OTU_97.31586,Buccal_mucosa
OTU_97.31586,Stool_1
OTU_97.31586,Saliva_1
OTU_97.31586,Palatine_Tonsils_1
OTU_97.31586,Right_Antecubital_fossa_1
OTU_97.3159,Stool_1
OTU_97.3159,Left_Retroauricular_crease_1
OTU_97.31590,Left_Retroauricular_crease
OTU_97.31590,Stool
OTU_97.316,Saliva
OTU_97.316,Throat
OTU_97.3160,Right_Retroauricular_crease_1
OTU_97.3160,Subgingival_plaque
OTU_97.3160,Left_Antecubital_fossa_1
OTU_97.31602,Buccal_mucosa
OTU_97.31602,Supragingival_plaque
OTU_97.31602,Palatine_Tonsils_1
OTU_97.31608,Supragingival_plaque
OTU_97.31608,Throat
OTU_97.31609,Hard_palate_1
OTU_97.31609,Stool_1
OTU_97.31609,Subgingival_plaque_1
OTU_97.31612,Tongue_dorsum
OTU_97.31612,Buccal_mucosa
OTU_97.31612,Stool_1
OTU_97.31613,Anterior_nares
OTU_97.31617,Right_Antecubital_fossa
OTU_97.31618,Subgingival_plaque_1
OTU_97.31618,Attached_Keratinized_gingiva
OTU_97.3162,Left_Retroauricular_crease_1
OTU_97.3162,Throat_1
OTU_97.31622,Supragingival_plaque
OTU_97.31624,Supragingival_plaque
OTU_97.31624,Left_Antecubital_fossa_1
OTU_97.31624,Left_Retroauricular_crease
OTU_97.31627,Tongue_dorsum
OTU_97.31627,Subgingival_plaque_1
OTU_97.31627,Palatine_Tonsils
OTU_97.31634,Saliva
OTU_97.31634,Hard_palate_1
OTU_97.31634,Subgingival_plaque_1
OTU_97.31634,Attached_Keratinized_gingiva
OTU_97.31637,Buccal_mucosa
OTU_97.31637,Left_Antecubital_fossa
OTU_97.31638,Stool
OTU_97.31638,Left_Retroauricular_crease_1
OTU_97.31641,Hard_palate_1
OTU_97.31641,Buccal_mucosa_1
OTU_97.31649,Right_Antecubital_fossa_1
OTU_97.3165,Saliva_1
OTU_97.3165,Left_Antecubital_fossa
OTU_97.31657,Attached_Keratinized_gingiva_1
OTU_97.31657,Palatine_Tonsils
OTU_97.31657,Throat
OTU_97.31657,Anterior_nares_1
OTU_97.31658,Supragingival_plaque_1
OTU_97.31658,Left_Antecubital_fossa
OTU_97.31661,Saliva_1
OTU_97.31661,Palatine_Tonsils
OTU_97.31661,Anterior_nares_1
OTU_97.31664,Tongue_dorsum
OTU_97.31664,Subgingival_plaque_1
OTU_97.31664,Left_Retroauricular_crease_1
OTU_97.31673,Subgingival_plaque
OTU_97.31673,Subgingival_plaque_1
OTU_97.31673,Anterior_nares
OTU_97.3168,Tongue_dorsum
OTU_97.3168,Stool_1
OTU_97.3168,Anterior_nares
OTU_97.3168,Left_Antecubital_fossa
OTU_97.31681,Attached_Keratinized_gingiva_1
OTU_97.31681,Right_Antecubital_fossa_1
OTU_97.31684,Buccal_mucosa_1
OTU_97.31684,Palatine_Tonsils_1
OTU_97.31685,Supragingival_plaque
OTU_97.31685,Attached_Keratinized_gingiva
OTU_97.31685,Anterior_nares
OTU_97.31688,Throat
OTU_97.31688,Attached_Keratinized_gingiva
OTU_97.31688,Anterior_nares
OTU_97.31688,Left_Antecubital_fossa
OTU_97.31689,Right_Retroauricular_crease_1
OTU_97.31689,Hard_palate_1
OTU_97.31694,Tongue_dorsum
OTU_97.31694,Stool
OTU_97.31694,Subgingival_plaque_1
OTU_97.31694,Attached_Keratinized_gingiva
OTU_97.31697,Anterior_nares
OTU_97.317,Right_Retroauricular_crease_1
OTU_97.317,Right_Retroauricular_crease
OTU_97.317,Left_Retroauricular_crease
OTU_97.317,Stool
OTU_97.31700,Supragingival_plaque
OTU_97.31700,Throat
OTU_97.31704,Left_Antecubital_fossa_1
OTU_97.31704,Right_Retroauricular_crease
OTU_97.31704,Buccal_mucosa_1
OTU_97.31704,Left_Antecubital_fossa
OTU_97.31704,Anterior_nares_1
OTU_97.31706,Anterior_nares
OTU_97.31709,Anterior_nares
OTU_97.3171,Right_Retroauricular_crease_1
OTU_97.3171,Hard_palate
OTU_97.3171,Palatine_Tonsils
OTU_97.3171,Right_Antecubital_fossa_1
OTU_97.31710,Right_Retroauricular_crease_1
OTU_97.31710,Buccal_mucosa
OTU_97.31710,Anterior_nares_1
OTU_97.31712,Right_Retroauricular_crease_1
OTU_97.31712,Supragingival_plaque_1
OTU_97.31716,Buccal_mucosa_1
OTU_97.31718,Right_Antecubital_fossa
OTU_97.31718,Tongue_dorsum_1
OTU_97.3172,Right_Retroauricular_crease_1
OTU_97.3172,Tongue_dorsum_1
OTU_97.31725,Buccal_mucosa
OTU_97.31725,Anterior_nares
OTU_97.31726,Supragingival_plaque_1
OTU_97.31729,Left_Retroauricular_crease
OTU_97.31731,Hard_palate_1
OTU_97.31731,Left_Antecubital_fossa
OTU_97.31737,Right_Retroauricular_crease_1
OTU_97.31737,Anterior_nares
OTU_97.31737,Tongue_dorsum_1
OTU_97.31737,Anterior_nares_1
OTU_97.31739,Stool
OTU_97.31742,Subgingival_plaque
OTU_97.31742,Saliva_1
OTU_97.31742,Palatine_Tonsils
OTU_97.31746,Stool_1
OTU_97.31748,Throat_1
OTU_97.31753,Left_Antecubital_fossa_1
OTU_97.31753,Subgingival_plaque_1
OTU_97.31753,Palatine_Tonsils
OTU_97.31753,Throat
OTU_97.31753,Anterior_nares
OTU_97.31756,Attached_Keratinized_gingiva_1
OTU_97.31757,Subgingival_plaque_1
OTU_97.31757,Left_Retroauricular_crease_1
OTU_97.3176,Tongue_dorsum
OTU_97.3176,Stool_1
OTU_97.3176,Saliva_1
OTU_97.3176,Anterior_nares_1
OTU_97.31760,Attached_Keratinized_gingiva_1
OTU_97.31763,Saliva_1
OTU_97.31763,Attached_Keratinized_gingiva
OTU_97.31767,Right_Retroauricular_crease_1
OTU_97.31767,Right_Antecubital_fossa
OTU_97.31767,Subgingival_plaque_1
OTU_97.31768,Throat_1
OTU_97.3177,Saliva
OTU_97.3177,Right_Retroauricular_crease
OTU_97.3177,Tongue_dorsum_1
OTU_97.31773,Tongue_dorsum
OTU_97.31773,Left_Retroauricular_crease
OTU_97.31773,Buccal_mucosa_1
OTU_97.31785,Left_Antecubital_fossa_1
OTU_97.31797,Stool
OTU_97.31797,Palatine_Tonsils
OTU_97.31797,Palatine_Tonsils_1
OTU_97.31797,Left_Antecubital_fossa
OTU_97.318,Hard_palate
OTU_97.318,Anterior_nares
OTU_97.318,Tongue_dorsum_1
OTU_97.3180,Supragingival_plaque_1
OTU_97.3180,Saliva_1
OTU_97.3180,Attached_Keratinized_gingiva
OTU_97.3180,Right_Antecubital_fossa_1
OTU_97.3180,Throat_1
OTU_97.31802,Attached_Keratinized_gingiva_1
OTU_97.31802,Palatine_Tonsils
OTU_97.31802,Left_Retroauricular_crease_1
OTU_97.31807,Anterior_nares
OTU_97.31814,Right_Retroauricular_crease_1
OTU_97.31814,Hard_palate
OTU_97.31814,Buccal_mucosa_1
OTU_97.31815,Buccal_mucosa_1
OTU_97.31815,Throat
OTU_97.31815,Palatine_Tonsils_1
OTU_97.31817,Left_Retroauricular_crease
OTU_97.31817,Throat
OTU_97.31817,Anterior_nares_1
OTU_97.31818,Hard_palate
OTU_97.31818,Buccal_mucosa_1
OTU_97.31818,Stool
OTU_97.31818,Stool_1
OTU_97.31819,Supragingival_plaque
OTU_97.31819,Right_Retroauricular_crease
OTU_97.31819,Right_Antecubital_fossa
OTU_97.31821,Buccal_mucosa
OTU_97.31821,Tongue_dorsum_1
OTU_97.31821,Right_Antecubital_fossa_1
OTU_97.31824,Anterior_nares
OTU_97.31824,Anterior_nares_1
OTU_97.31827,Stool
OTU_97.3183,Subgingival_plaque_1
OTU_97.31837,Stool
OTU_97.31837,Palatine_Tonsils
OTU_97.31838,Supragingival_plaque_1
OTU_97.31838,Throat_1
OTU_97.31842,Right_Retroauricular_crease_1
OTU_97.31842,Hard_palate_1
OTU_97.31842,Stool_1
OTU_97.31842,Left_Retroauricular_crease_1
OTU_97.31847,Supragingival_plaque_1
OTU_97.3185,Left_Antecubital_fossa_1
OTU_97.31852,Supragingival_plaque_1
OTU_97.31852,Attached_Keratinized_gingiva
OTU_97.31867,Right_Antecubital_fossa
OTU_97.31867,Hard_palate_1
OTU_97.31867,Palatine_Tonsils_1
OTU_97.31867,Throat_1
OTU_97.31870,Subgingival_plaque
OTU_97.31870,Left_Antecubital_fossa_1
OTU_97.31870,Hard_palate_1
OTU_97.31870,Stool_1
OTU_97.31871,Tongue_dorsum
OTU_97.31871,Right_Retroauricular_crease_1
OTU_97.31871,Subgingival_plaque
OTU_97.31871,Stool_1
OTU_97.31871,Anterior_nares_1
OTU_97.31872,Left_Antecubital_fossa_1
OTU_97.31872,Attached_Keratinized_gingiva
OTU_97.31873,Right_Retroauricular_crease_1
OTU_97.31873,Stool
OTU_97.31873,Attached_Keratinized_gingiva
OTU_97.31875,Buccal_mucosa_1
OTU_97.31875,Stool_1
OTU_97.31888,Buccal_mucosa_1
OTU_97.31888,Right_Antecubital_fossa_1
OTU_97.31889,Palatine_Tonsils
OTU_97.31890,Buccal_mucosa
OTU_97.31890,Palatine_Tonsils_1
OTU_97.31892,Right_Retroauricular_crease_1
OTU_97.31892,Left_Retroauricular_crease
OTU_97.31895,Supragingival_plaque_1
OTU_97.31895,Supragingival_plaque
OTU_97.31897,Right_Retroauricular_crease_1
OTU_97.31897,Buccal_mucosa
OTU_97.31897,Hard_palate
OTU_97.31897,Tongue_dorsum_1
OTU_97.31905,Saliva
OTU_97.31905,Buccal_mucosa_1
OTU_97.31905,Stool_1
OTU_97.31905,Left_Retroauricular_crease_1
OTU_97.31905,Throat_1
OTU_97.3191,Saliva
OTU_97.31911,Buccal_mucosa
OTU_97.31911,Right_Antecubital_fossa
OTU_97.31911,Stool_1
OTU_97.31911,Tongue_dorsum_1
OTU_97.3192,Supragingival_plaque
OTU_97.3192,Saliva
OTU_97.3192,Stool
OTU_97.31926,Supragingival_plaque
OTU_97.31926,Stool
OTU_97.3193,Supragingival_plaque
OTU_97.3193,Left_Antecubital_fossa_1
OTU_97.3193,Subgingival_plaque_1
OTU_97.31930,Tongue_dorsum
OTU_97.31938,Right_Retroauricular_crease
OTU_97.31938,Left_Retroauricular_crease
OTU_97.31938,Throat_1
OTU_97.31939,Right_Retroauricular_crease_1
OTU_97.31939,Buccal_mucosa
OTU_97.31939,Right_Antecubital_fossa
OTU_97.31940,Supragingival_plaque_1
OTU_97.31940,Saliva_1
OTU_97.31942,Buccal_mucosa
OTU_97.31942,Saliva_1
OTU_97.31946,Tongue_dorsum
OTU_97.31946,Throat_1
OTU_97.3196,Tongue_dorsum
OTU_97.3196,Stool
OTU_97.31964,Right_Retroauricular_crease_1
OTU_97.31964,Buccal_mucosa
OTU_97.31964,Saliva_1
OTU_97.31964,Anterior_nares_1
OTU_97.31971,Supragingival_plaque_1
OTU_97.31971,Supragingival_plaque
OTU_97.31971,Left_Antecubital_fossa_1
OTU_97.31971,Throat_1
OTU_97.31973,Left_Antecubital_fossa_1
OTU_97.31973,Attached_Keratinized_gingiva_1
OTU_97.31973,Throat
OTU_97.31973,Palatine_Tonsils_1
OTU_97.31975,Subgingival_plaque
OTU_97.31975,Subgingival_plaque_1
OTU_97.31975,Palatine_Tonsils_1
OTU_97.31975,Left_Antecubital_fossa
OTU_97.31989,Right_Retroauricular_crease_1
OTU_97.31989,Right_Antecubital_fossa
OTU_97.31989,Buccal_mucosa_1
OTU_97.31989,Right_Antecubital_fossa_1
OTU_97.31990,Right_Antecubital_fossa
OTU_97.31990,Attached_Keratinized_gingiva_1
OTU_97.31990,Stool
OTU_97.31990,Left_Antecubital_fossa
OTU_97.31992,Attached_Keratinized_gingiva_1
OTU_97.31992,Buccal_mucosa_1
OTU_97.31993,Attached_Keratinized_gingiva_1
OTU_97.31993,Palatine_Tonsils_1
OTU_97.31993,Anterior_nares
OTU_97.32,Stool
OTU_97.32,Saliva_1
OTU_97.32,Left_Antecubital_fossa
OTU_97.320,Buccal_mucosa
OTU_97.320,Hard_palate
OTU_97.320,Hard_palate_1
OTU_97.320,Throat
OTU_97.320,Right_Antecubital_fossa_1
OTU_97.32002,Buccal_mucosa
OTU_97.32002,Right_Retroauricular_crease
OTU_97.32002,Throat
OTU_97.32004,Right_Retroauricular_crease
OTU_97.32004,Buccal_mucosa_1
OTU_97.32004,Anterior_nares
OTU_97.32007,Right_Retroauricular_crease
OTU_97.32007,Left_Retroauricular_crease
OTU_97.3201,Attached_Keratinized_gingiva_1
OTU_97.3201,Tongue_dorsum_1
OTU_97.32011,Subgingival_plaque
OTU_97.32011,Stool
OTU_97.32011,Tongue_dorsum_1
OTU_97.32014,Supragingival_plaque_1
OTU_97.32014,Supragingival_plaque
OTU_97.32014,Left_Antecubital_fossa_1
OTU_97.32014,Right_Retroauricular_crease
OTU_97.32016,Attached_Keratinized_gingiva_1
OTU_97.32016,Hard_palate
OTU_97.32016,Anterior_nares
OTU_97.32016,Tongue_dorsum_1
OTU_97.32017,Saliva_1
OTU_97.32017,Anterior_nares_1
OTU_97.32020,Tongue_dorsum
OTU_97.32020,Right_Retroauricular_crease
OTU_97.32020,Left_Retroauricular_crease
OTU_97.32025,Supragingival_plaque_1
OTU_97.32025,Buccal_mucosa
OTU_97.32025,Right_Antecubital_fossa
OTU_97.32025,Subgingival_plaque_1
OTU_97.32025,Anterior_nares_1
OTU_97.32026,Palatine_Tonsils
OTU_97.32026,Anterior_nares
OTU_97.32027,Subgingival_plaque
OTU_97.32032,Right_Retroauricular_crease_1
OTU_97.32032,Supragingival_plaque_1
OTU_97.32032,Hard_palate
OTU_97.32032,Right_Antecubital_fossa_1
OTU_97.32032,Throat_1
OTU_97.32033,Left_Retroauricular_crease
OTU_97.32033,Hard_palate
OTU_97.32033,Subgingival_plaque_1
OTU_97.32033,Tongue_dorsum_1
OTU_97.32040,Attached_Keratinized_gingiva_1
OTU_97.32040,Attached_Keratinized_gingiva
OTU_97.32043,Tongue_dorsum
OTU_97.32043,Left_Retroauricular_crease_1
OTU_97.32047,Supragingival_plaque
OTU_97.32047,Saliva
OTU_97.32047,Left_Retroauricular_crease
OTU_97.32048,Tongue_dorsum
OTU_97.32048,Right_Retroauricular_crease
OTU_97.32048,Right_Antecubital_fossa
OTU_97.32048,Buccal_mucosa_1
OTU_97.32050,Saliva
OTU_97.32050,Left_Antecubital_fossa_1
OTU_97.32050,Subgingival_plaque_1
OTU_97.32052,Throat
OTU_97.32052,Left_Retroauricular_crease_1
OTU_97.32055,Buccal_mucosa
OTU_97.32055,Hard_palate
OTU_97.32059,Buccal_mucosa
OTU_97.32059,Throat_1
OTU_97.32062,Throat
OTU_97.32067,Subgingival_plaque
OTU_97.32067,Buccal_mucosa_1
OTU_97.32067,Saliva_1
OTU_97.32069,Supragingival_plaque_1
OTU_97.32069,Throat
OTU_97.32072,Left_Retroauricular_crease
OTU_97.32072,Anterior_nares
OTU_97.32075,Right_Antecubital_fossa_1
OTU_97.32077,Supragingival_plaque
OTU_97.32077,Left_Retroauricular_crease
OTU_97.32077,Hard_palate
OTU_97.32077,Left_Retroauricular_crease_1
OTU_97.32078,Supragingival_plaque_1
OTU_97.32078,Buccal_mucosa_1
OTU_97.32078,Subgingival_plaque_1
OTU_97.3208,Supragingival_plaque
OTU_97.3208,Hard_palate
OTU_97.32080,Tongue_dorsum
OTU_97.32080,Right_Retroauricular_crease_1
OTU_97.32080,Anterior_nares_1
OTU_97.32082,Hard_palate_1
OTU_97.32082,Attached_Keratinized_gingiva
OTU_97.32082,Left_Retroauricular_crease_1
OTU_97.32083,Saliva
OTU_97.32083,Left_Retroauricular_crease_1
OTU_97.32083,Left_Antecubital_fossa
OTU_97.32088,Subgingival_plaque
OTU_97.32088,Buccal_mucosa_1
OTU_97.32088,Left_Antecubital_fossa
OTU_97.32088,Right_Antecubital_fossa_1
OTU_97.32092,Subgingival_plaque
OTU_97.32092,Right_Retroauricular_crease
OTU_97.32092,Hard_palate
OTU_97.32092,Saliva_1
OTU_97.32094,Left_Antecubital_fossa_1
OTU_97.32094,Hard_palate_1
OTU_97.32095,Tongue_dorsum
OTU_97.32095,Buccal_mucosa
OTU_97.32095,Tongue_dorsum_1
OTU_97.32095,Throat_1
OTU_97.32101,Supragingival_plaque
OTU_97.32101,Attached_Keratinized_gingiva
OTU_97.32106,Subgingival_plaque
OTU_97.32106,Saliva
OTU_97.32106,Attached_Keratinized_gingiva
OTU_97.32108,Subgingival_plaque
OTU_97.32108,Hard_palate
OTU_97.32110,Saliva
OTU_97.32110,Left_Antecubital_fossa_1
OTU_97.32117,Attached_Keratinized_gingiva_1
OTU_97.32117,Attached_Keratinized_gingiva
OTU_97.32117,Anterior_nares_1
OTU_97.32118,Right_Antecubital_fossa
OTU_97.32118,Stool_1
OTU_97.32118,Subgingival_plaque_1
OTU_97.32118,Attached_Keratinized_gingiva
OTU_97.32118,Right_Antecubital_fossa_1
OTU_97.32125,Palatine_Tonsils
OTU_97.32127,Stool
OTU_97.32128,Buccal_mucosa
OTU_97.32128,Stool_1
OTU_97.32128,Throat_1
OTU_97.32128,Anterior_nares_1
OTU_97.32132,Supragingival_plaque
OTU_97.32132,Hard_palate
OTU_97.32132,Attached_Keratinized_gingiva
OTU_97.32132,Right_Antecubital_fossa_1
OTU_97.32138,Buccal_mucosa
OTU_97.32138,Right_Antecubital_fossa
OTU_97.32138,Subgingival_plaque_1
OTU_97.32139,Tongue_dorsum
OTU_97.32139,Hard_palate
OTU_97.32139,Right_Antecubital_fossa_1
OTU_97.32140,Supragingival_plaque_1
OTU_97.32140,Buccal_mucosa
OTU_97.32140,Attached_Keratinized_gingiva
OTU_97.32147,Subgingival_plaque_1
OTU_97.32147,Right_Antecubital_fossa_1
OTU_97.32147,Throat_1
OTU_97.32152,Supragingival_plaque_1
OTU_97.32152,Hard_palate_1
OTU_97.32152,Saliva_1
OTU_97.32155,Supragingival_plaque
OTU_97.32155,Subgingival_plaque_1
OTU_97.32155,Tongue_dorsum_1
OTU_97.32156,Subgingival_plaque
OTU_97.32156,Supragingival_plaque
OTU_97.32157,Tongue_dorsum
OTU_97.32157,Supragingival_plaque_1
OTU_97.32157,Buccal_mucosa_1
OTU_97.32168,Right_Antecubital_fossa
OTU_97.32168,Stool
OTU_97.32173,Left_Retroauricular_crease
OTU_97.32173,Hard_palate
OTU_97.32173,Palatine_Tonsils
OTU_97.32173,Throat
OTU_97.32186,Left_Retroauricular_crease
OTU_97.3219,Right_Retroauricular_crease
OTU_97.3219,Tongue_dorsum_1
OTU_97.32190,Right_Retroauricular_crease
OTU_97.32190,Throat_1
OTU_97.32190,Anterior_nares_1
OTU_97.322,Supragingival_plaque_1
OTU_97.322,Hard_palate
OTU_97.322,Stool
OTU_97.322,Saliva_1
OTU_97.322,Palatine_Tonsils
OTU_97.32200,Right_Retroauricular_crease_1
OTU_97.32200,Saliva
OTU_97.32200,Saliva_1
OTU_97.32200,Palatine_Tonsils_1
OTU_97.32201,Hard_palate_1
OTU_97.32202,Stool_1
OTU_97.3221,Right_Retroauricular_crease_1
OTU_97.3221,Left_Antecubital_fossa_1
OTU_97.3221,Left_Retroauricular_crease_1
OTU_97.32211,Buccal_mucosa
OTU_97.32211,Tongue_dorsum_1
OTU_97.32213,Buccal_mucosa
OTU_97.32213,Stool_1
OTU_97.32213,Palatine_Tonsils
OTU_97.32214,Anterior_nares
OTU_97.32215,Tongue_dorsum
OTU_97.32215,Subgingival_plaque
OTU_97.32215,Right_Antecubital_fossa
OTU_97.32215,Left_Retroauricular_crease
OTU_97.32215,Attached_Keratinized_gingiva
OTU_97.32215,Palatine_Tonsils_1
OTU_97.32218,Supragingival_plaque
OTU_97.32218,Left_Retroauricular_crease
OTU_97.32218,Subgingival_plaque_1
OTU_97.32218,Attached_Keratinized_gingiva
OTU_97.3222,Left_Retroauricular_crease
OTU_97.3222,Buccal_mucosa_1
OTU_97.3222,Anterior_nares
OTU_97.3222,Left_Antecubital_fossa
OTU_97.3222,Right_Antecubital_fossa_1
OTU_97.32220,Supragingival_plaque_1
OTU_97.32220,Left_Antecubital_fossa_1
OTU_97.32220,Stool
OTU_97.32220,Throat_1
OTU_97.32226,Supragingival_plaque_1
OTU_97.32226,Right_Retroauricular_crease
OTU_97.32226,Stool_1
OTU_97.32226,Palatine_Tonsils
OTU_97.32235,Hard_palate
OTU_97.32235,Stool_1
OTU_97.32235,Palatine_Tonsils_1
OTU_97.32235,Left_Retroauricular_crease_1
OTU_97.32238,Supragingival_plaque_1
OTU_97.32238,Left_Antecubital_fossa_1
OTU_97.32238,Left_Antecubital_fossa
OTU_97.3224,Supragingival_plaque_1
OTU_97.3224,Buccal_mucosa
OTU_97.3224,Saliva_1
OTU_97.32240,Saliva_1
OTU_97.32247,Tongue_dorsum
OTU_97.32247,Right_Retroauricular_crease_1
OTU_97.32247,Attached_Keratinized_gingiva
OTU_97.32250,Supragingival_plaque
OTU_97.32250,Left_Antecubital_fossa
OTU_97.32250,Anterior_nares_1
OTU_97.32255,Attached_Keratinized_gingiva_1
OTU_97.32255,Hard_palate
OTU_97.32255,Tongue_dorsum_1
OTU_97.32259,Stool
OTU_97.32259,Anterior_nares
OTU_97.32259,Left_Antecubital_fossa
OTU_97.3226,Right_Antecubital_fossa
OTU_97.32262,Stool_1
OTU_97.32262,Subgingival_plaque_1
OTU_97.32277,Left_Retroauricular_crease
OTU_97.32277,Attached_Keratinized_gingiva_1
OTU_97.32277,Throat
OTU_97.32280,Buccal_mucosa
OTU_97.32280,Subgingival_plaque_1
OTU_97.32280,Saliva_1
OTU_97.32280,Anterior_nares
OTU_97.32285,Left_Retroauricular_crease
OTU_97.32285,Stool
OTU_97.32285,Throat_1
OTU_97.32295,Saliva
OTU_97.32295,Left_Retroauricular_crease_1
OTU_97.32295,Anterior_nares_1
OTU_97.32296,Right_Antecubital_fossa
OTU_97.32298,Saliva
OTU_97.32298,Hard_palate
OTU_97.32298,Throat
OTU_97.32298,Tongue_dorsum_1
OTU_97.32299,Saliva
OTU_97.32299,Right_Antecubital_fossa
OTU_97.32299,Subgingival_plaque_1
OTU_97.32299,Left_Retroauricular_crease_1
OTU_97.32299,Left_Antecubital_fossa
OTU_97.323,Subgingival_plaque
OTU_97.323,Palatine_Tonsils_1
OTU_97.32303,Left_Antecubital_fossa_1
OTU_97.32303,Left_Retroauricular_crease
OTU_97.32305,Supragingival_plaque
OTU_97.32305,Tongue_dorsum_1
OTU_97.32305,Throat_1
OTU_97.32307,Buccal_mucosa_1
OTU_97.32307,Anterior_nares
OTU_97.32308,Supragingival_plaque_1
OTU_97.32308,Throat
OTU_97.32308,Throat_1
OTU_97.32312,Tongue_dorsum_1
OTU_97.32314,Supragingival_plaque_1
OTU_97.32314,Supragingival_plaque
OTU_97.32317,Buccal_mucosa
OTU_97.32317,Attached_Keratinized_gingiva
OTU_97.32318,Left_Antecubital_fossa_1
OTU_97.32318,Palatine_Tonsils_1
OTU_97.32318,Anterior_nares_1
OTU_97.32321,Subgingival_plaque
OTU_97.32321,Supragingival_plaque
OTU_97.32321,Anterior_nares
OTU_97.32324,Supragingival_plaque
OTU_97.32324,Hard_palate
OTU_97.32324,Anterior_nares_1
OTU_97.3233,Stool
OTU_97.3233,Subgingival_plaque_1
OTU_97.32338,Subgingival_plaque_1
OTU_97.32338,Right_Antecubital_fossa_1
OTU_97.32339,Saliva_1
OTU_97.32339,Tongue_dorsum_1
OTU_97.32342,Supragingival_plaque_1
OTU_97.32342,Stool_1
OTU_97.32342,Subgingival_plaque_1
OTU_97.32342,Attached_Keratinized_gingiva
OTU_97.32348,Saliva_1
OTU_97.32348,Attached_Keratinized_gingiva
OTU_97.32349,Right_Antecubital_fossa
OTU_97.32353,Hard_palate
OTU_97.32353,Stool_1
OTU_97.32353,Palatine_Tonsils
OTU_97.32356,Tongue_dorsum
OTU_97.32357,Subgingival_plaque
OTU_97.32357,Supragingival_plaque_1
OTU_97.32357,Saliva_1
OTU_97.32357,Anterior_nares_1
OTU_97.3236,Throat_1
OTU_97.32369,Buccal_mucosa
OTU_97.32369,Supragingival_plaque
OTU_97.32369,Right_Retroauricular_crease
OTU_97.32369,Palatine_Tonsils_1
OTU_97.32370,Tongue_dorsum
OTU_97.32370,Stool_1
OTU_97.32371,Right_Retroauricular_crease_1
OTU_97.32371,Left_Retroauricular_crease
OTU_97.32371,Throat
OTU_97.32380,Supragingival_plaque_1
OTU_97.32383,Right_Retroauricular_crease_1
OTU_97.32383,Left_Antecubital_fossa_1
OTU_97.32383,Stool
OTU_97.32383,Palatine_Tonsils
OTU_97.32383,Right_Antecubital_fossa_1
OTU_97.32385,Tongue_dorsum
OTU_97.32385,Attached_Keratinized_gingiva_1
OTU_97.32385,Stool_1
OTU_97.3240,Stool_1
OTU_97.3240,Subgingival_plaque_1
OTU_97.3240,Tongue_dorsum_1
OTU_97.32403,Supragingival_plaque_1
OTU_97.32403,Left_Antecubital_fossa_1
OTU_97.32405,Attached_Keratinized_gingiva_1
OTU_97.32405,Attached_Keratinized_gingiva
OTU_97.32407,Stool
OTU_97.32407,Throat_1
OTU_97.32410,Saliva_1
OTU_97.32410,Tongue_dorsum_1
OTU_97.32410,Anterior_nares_1
OTU_97.32412,Saliva
OTU_97.32412,Left_Antecubital_fossa_1
OTU_97.32412,Left_Retroauricular_crease
OTU_97.32412,Buccal_mucosa_1
OTU_97.32413,Hard_palate_1
OTU_97.32413,Buccal_mucosa_1
OTU_97.32413,Subgingival_plaque_1
OTU_97.32413,Saliva_1
OTU_97.32416,Throat
OTU_97.32416,Right_Antecubital_fossa_1
OTU_97.32419,Stool
OTU_97.32420,Left_Retroauricular_crease
OTU_97.32420,Subgingival_plaque_1
OTU_97.32420,Palatine_Tonsils
OTU_97.32422,Subgingival_plaque
OTU_97.32422,Right_Antecubital_fossa
OTU_97.32422,Attached_Keratinized_gingiva_1
OTU_97.32422,Attached_Keratinized_gingiva
OTU_97.32423,Stool_1
OTU_97.32423,Palatine_Tonsils
OTU_97.32430,Supragingival_plaque_1
OTU_97.32430,Saliva
OTU_97.32430,Left_Retroauricular_crease_1
OTU_97.32434,Tongue_dorsum_1
OTU_97.32435,Left_Antecubital_fossa_1
OTU_97.32435,Stool_1
OTU_97.32435,Left_Retroauricular_crease_1
OTU_97.32438,Buccal_mucosa_1
OTU_97.32438,Attached_Keratinized_gingiva
OTU_97.32441,Right_Antecubital_fossa_1
OTU_97.32455,Tongue_dorsum
OTU_97.32455,Tongue_dorsum_1
OTU_97.32457,Buccal_mucosa
OTU_97.32457,Palatine_Tonsils_1
OTU_97.3246,Supragingival_plaque_1
OTU_97.3246,Stool
OTU_97.3246,Throat
OTU_97.32461,Right_Antecubital_fossa_1
OTU_97.32462,Supragingival_plaque_1
OTU_97.32462,Throat_1
OTU_97.32470,Supragingival_plaque_1
OTU_97.32470,Left_Retroauricular_crease
OTU_97.32470,Left_Retroauricular_crease_1
OTU_97.32472,Subgingival_plaque
OTU_97.32472,Saliva
OTU_97.32472,Stool_1
OTU_97.32472,Saliva_1
OTU_97.32476,Right_Retroauricular_crease_1
OTU_97.32476,Right_Antecubital_fossa_1
OTU_97.32478,Left_Retroauricular_crease_1
OTU_97.32478,Anterior_nares_1
OTU_97.32484,Hard_palate
OTU_97.32484,Buccal_mucosa_1
OTU_97.32484,Anterior_nares_1
OTU_97.32489,Tongue_dorsum_1
OTU_97.32491,Saliva
OTU_97.32491,Stool
OTU_97.32491,Saliva_1
OTU_97.32492,Hard_palate
OTU_97.32492,Hard_palate_1
OTU_97.32492,Stool_1
OTU_97.32493,Buccal_mucosa_1
OTU_97.3250,Subgingival_plaque
OTU_97.3250,Buccal_mucosa
OTU_97.3250,Palatine_Tonsils
OTU_97.32500,Palatine_Tonsils_1
OTU_97.32500,Left_Antecubital_fossa
OTU_97.32504,Tongue_dorsum
OTU_97.32504,Supragingival_plaque
OTU_97.32504,Palatine_Tonsils
OTU_97.32505,Supragingival_plaque
OTU_97.32505,Attached_Keratinized_gingiva
OTU_97.32505,Anterior_nares
OTU_97.32506,Buccal_mucosa
OTU_97.32506,Left_Retroauricular_crease
OTU_97.32506,Attached_Keratinized_gingiva_1
OTU_97.32506,Palatine_Tonsils
OTU_97.32508,Attached_Keratinized_gingiva
OTU_97.32508,Palatine_Tonsils_1
OTU_97.32511,Subgingival_plaque
OTU_97.32511,Subgingival_plaque_1
OTU_97.32513,Right_Retroauricular_crease_1
OTU_97.32513,Subgingival_plaque
OTU_97.32513,Left_Retroauricular_crease_1
OTU_97.32517,Stool_1
OTU_97.32517,Subgingival_plaque_1
OTU_97.32517,Throat_1
OTU_97.3252,Tongue_dorsum
OTU_97.3252,Supragingival_plaque
OTU_97.32521,Tongue_dorsum
OTU_97.32521,Saliva
OTU_97.32525,Tongue_dorsum
OTU_97.32525,Right_Antecubital_fossa
OTU_97.3253,Right_Retroauricular_crease
OTU_97.3253,Left_Retroauricular_crease_1
OTU_97.32535,Right_Retroauricular_crease_1
OTU_97.32535,Left_Antecubital_fossa_1
OTU_97.32536,Tongue_dorsum
OTU_97.32536,Supragingival_plaque_1
OTU_97.32536,Buccal_mucosa
OTU_97.32538,Tongue_dorsum
OTU_97.32538,Subgingival_plaque
OTU_97.32541,Buccal_mucosa_1
OTU_97.32541,Anterior_nares_1
OTU_97.32542,Left_Retroauricular_crease_1
OTU_97.32542,Anterior_nares
OTU_97.32542,Anterior_nares_1
OTU_97.32544,Subgingival_plaque_1
OTU_97.32544,Left_Retroauricular_crease_1
OTU_97.32550,Right_Retroauricular_crease
OTU_97.32550,Right_Antecubital_fossa
OTU_97.32550,Stool_1
OTU_97.32552,Right_Antecubital_fossa
OTU_97.32552,Throat
OTU_97.32552,Attached_Keratinized_gingiva
OTU_97.32552,Left_Antecubital_fossa
OTU_97.32552,Right_Antecubital_fossa_1
OTU_97.32563,Supragingival_plaque_1
OTU_97.32563,Subgingival_plaque_1
OTU_97.32563,Tongue_dorsum_1
OTU_97.32563,Throat_1
OTU_97.32565,Hard_palate_1
OTU_97.32567,Buccal_mucosa
OTU_97.32567,Right_Antecubital_fossa
OTU_97.32570,Supragingival_plaque_1
OTU_97.32570,Stool_1
OTU_97.32570,Subgingival_plaque_1
OTU_97.32570,Throat
OTU_97.32570,Anterior_nares_1
OTU_97.32571,Left_Retroauricular_crease
OTU_97.32573,Tongue_dorsum
OTU_97.32573,Throat
OTU_97.32583,Right_Retroauricular_crease
OTU_97.32587,Supragingival_plaque_1
OTU_97.32587,Supragingival_plaque
OTU_97.32594,Attached_Keratinized_gingiva_1
OTU_97.32594,Hard_palate
OTU_97.32594,Stool_1
OTU_97.32594,Palatine_Tonsils_1
OTU_97.32600,Hard_palate
OTU_97.32600,Stool_1
OTU_97.32602,Subgingival_plaque
OTU_97.32602,Supragingival_plaque
OTU_97.32602,Stool
OTU_97.32602,Subgingival_plaque_1
OTU_97.32602,Anterior_nares
OTU_97.32602,Throat_1
OTU_97.32603,Right_Antecubital_fossa
OTU_97.32603,Left_Retroauricular_crease_1
OTU_97.32603,Throat_1
OTU_97.32609,Left_Antecubital_fossa_1
OTU_97.32609,Right_Retroauricular_crease
OTU_97.32609,Left_Retroauricular_crease_1
OTU_97.32609,Right_Antecubital_fossa_1
OTU_97.32615,Attached_Keratinized_gingiva_1
OTU_97.32615,Hard_palate_1
OTU_97.32615,Anterior_nares
OTU_97.32615,Throat_1
OTU_97.32619,Left_Retroauricular_crease
OTU_97.32619,Left_Retroauricular_crease_1
OTU_97.32620,Right_Retroauricular_crease_1
OTU_97.32620,Saliva
OTU_97.32620,Stool_1
OTU_97.32620,Attached_Keratinized_gingiva
OTU_97.32620,Left_Antecubital_fossa
OTU_97.32621,Hard_palate_1
OTU_97.32621,Subgingival_plaque_1
OTU_97.32624,Tongue_dorsum
OTU_97.32624,Right_Retroauricular_crease_1
OTU_97.32626,Left_Retroauricular_crease
OTU_97.3263,Right_Retroauricular_crease_1
OTU_97.3263,Subgingival_plaque
OTU_97.3263,Left_Retroauricular_crease
OTU_97.3263,Stool_1
OTU_97.32630,Tongue_dorsum_1
OTU_97.32630,Throat_1
OTU_97.32631,Saliva
OTU_97.32631,Left_Antecubital_fossa_1
OTU_97.32631,Throat_1
OTU_97.32634,Subgingival_plaque_1
OTU_97.32634,Anterior_nares
OTU_97.32635,Tongue_dorsum
OTU_97.32635,Supragingival_plaque
OTU_97.32635,Buccal_mucosa_1
OTU_97.32647,Tongue_dorsum
OTU_97.32647,Hard_palate_1
OTU_97.3265,Right_Antecubital_fossa
OTU_97.3265,Buccal_mucosa_1
OTU_97.3265,Palatine_Tonsils
OTU_97.3265,Attached_Keratinized_gingiva
OTU_97.32650,Saliva_1
OTU_97.32651,Throat_1
OTU_97.32651,Anterior_nares_1
OTU_97.32654,Tongue_dorsum
OTU_97.32654,Buccal_mucosa
OTU_97.32654,Supragingival_plaque
OTU_97.32654,Palatine_Tonsils
OTU_97.32654,Right_Antecubital_fossa_1
OTU_97.32658,Throat_1
OTU_97.32659,Anterior_nares_1
OTU_97.3266,Right_Retroauricular_crease_1
OTU_97.3266,Stool_1
OTU_97.3266,Throat_1
OTU_97.32661,Left_Retroauricular_crease
OTU_97.32661,Buccal_mucosa_1
OTU_97.32661,Palatine_Tonsils
OTU_97.32665,Stool_1
OTU_97.32665,Saliva_1
OTU_97.32665,Throat
OTU_97.32665,Tongue_dorsum_1
OTU_97.3267,Supragingival_plaque
OTU_97.32671,Left_Retroauricular_crease
OTU_97.32674,Hard_palate
OTU_97.32678,Supragingival_plaque_1
OTU_97.32678,Buccal_mucosa
OTU_97.32685,Right_Retroauricular_crease
OTU_97.32685,Buccal_mucosa_1
OTU_97.32693,Subgingival_plaque
OTU_97.32693,Supragingival_plaque_1
OTU_97.32693,Attached_Keratinized_gingiva_1
OTU_97.32693,Buccal_mucosa_1
OTU_97.32693,Anterior_nares
OTU_97.32697,Tongue_dorsum
OTU_97.32697,Left_Retroauricular_crease
OTU_97.32697,Buccal_mucosa_1
OTU_97.32697,Left_Retroauricular_crease_1
OTU_97.32697,Tongue_dorsum_1
OTU_97.32701,Anterior_nares
OTU_97.32705,Right_Antecubital_fossa
OTU_97.32705,Left_Retroauricular_crease
OTU_97.32706,Supragingival_plaque_1
OTU_97.32706,Supragingival_plaque
OTU_97.32709,Supragingival_plaque_1
OTU_97.32709,Palatine_Tonsils
OTU_97.32709,Tongue_dorsum_1
OTU_97.32710,Subgingival_plaque_1
OTU_97.32710,Left_Retroauricular_crease_1
OTU_97.32713,Supragingival_plaque_1
OTU_97.32713,Left_Antecubital_fossa
OTU_97.32719,Buccal_mucosa_1
OTU_97.32719,Attached_Keratinized_gingiva
OTU_97.32721,Supragingival_plaque_1
OTU_97.32721,Supragingival_plaque
OTU_97.32721,Right_Antecubital_fossa
OTU_97.32721,Attached_Keratinized_gingiva_1
OTU_97.32721,Hard_palate_1
OTU_97.32721,Buccal_mucosa_1
OTU_97.32721,Palatine_Tonsils
OTU_97.32721,Anterior_nares_1
OTU_97.32724,Stool_1
OTU_97.32724,Saliva_1
OTU_97.32724,Palatine_Tonsils
OTU_97.32726,Attached_Keratinized_gingiva
OTU_97.32727,Right_Antecubital_fossa
OTU_97.32727,Left_Retroauricular_crease_1
OTU_97.3273,Supragingival_plaque_1
OTU_97.3273,Palatine_Tonsils
OTU_97.3273,Anterior_nares
OTU_97.32733,Left_Retroauricular_crease
OTU_97.32733,Hard_palate_1
OTU_97.32733,Palatine_Tonsils
OTU_97.32734,Tongue_dorsum_1
OTU_97.32734,Anterior_nares_1
OTU_97.32740,Hard_palate_1
OTU_97.3275,Tongue_dorsum
OTU_97.32750,Right_Retroauricular_crease_1
OTU_97.32750,Tongue_dorsum_1
OTU_97.32755,Left_Antecubital_fossa_1
OTU_97.32755,Anterior_nares
OTU_97.32755,Left_Antecubital_fossa
OTU_97.32755,Tongue_dorsum_1
OTU_97.32755,Anterior_nares_1
OTU_97.32763,Subgingival_plaque
OTU_97.32763,Right_Antecubital_fossa
OTU_97.32763,Left_Retroauricular_crease
OTU_97.32763,Hard_palate_1
OTU_97.32763,Stool_1
OTU_97.32764,Stool_1
OTU_97.32764,Left_Retroauricular_crease_1
OTU_97.32766,Saliva
OTU_97.32766,Anterior_nares_1
OTU_97.32767,Buccal_mucosa
OTU_97.32767,Saliva
OTU_97.32767,Hard_palate_1
OTU_97.32767,Throat
OTU_97.32767,Left_Antecubital_fossa
OTU_97.32768,Supragingival_plaque_1
OTU_97.32768,Anterior_nares
OTU_97.32769,Buccal_mucosa
OTU_97.3277,Saliva_1
OTU_97.32771,Left_Retroauricular_crease
OTU_97.32771,Buccal_mucosa_1
OTU_97.32771,Palatine_Tonsils_1
OTU_97.32784,Subgingival_plaque
OTU_97.32787,Tongue_dorsum
OTU_97.32787,Saliva
OTU_97.32788,Left_Retroauricular_crease
OTU_97.32788,Attached_Keratinized_gingiva_1
OTU_97.32790,Left_Antecubital_fossa_1
OTU_97.32790,Left_Retroauricular_crease
OTU_97.32790,Throat_1
OTU_97.32792,Tongue_dorsum
OTU_97.32792,Right_Antecubital_fossa
OTU_97.32792,Hard_palate
OTU_97.32793,Tongue_dorsum
OTU_97.32793,Tongue_dorsum_1
OTU_97.32795,Anterior_nares
OTU_97.328,Tongue_dorsum
OTU_97.328,Subgingival_plaque
OTU_97.328,Saliva_1
OTU_97.32801,Right_Antecubital_fossa
OTU_97.32802,Saliva
OTU_97.32802,Attached_Keratinized_gingiva_1
OTU_97.32803,Left_Antecubital_fossa_1
OTU_97.32808,Tongue_dorsum
OTU_97.32808,Right_Retroauricular_crease
OTU_97.32808,Throat
OTU_97.32808,Attached_Keratinized_gingiva
OTU_97.3281,Subgingival_plaque
OTU_97.3281,Right_Antecubital_fossa
OTU_97.32813,Hard_palate_1
OTU_97.32818,Stool
OTU_97.32818,Subgingival_plaque_1
OTU_97.32818,Palatine_Tonsils_1
OTU_97.32818,Right_Antecubital_fossa_1
OTU_97.32821,Hard_palate_1
OTU_97.32821,Left_Antecubital_fossa
OTU_97.32830,Buccal_mucosa_1
OTU_97.32830,Right_Antecubital_fossa_1
OTU_97.32831,Left_Retroauricular_crease
OTU_97.32831,Hard_palate
OTU_97.32831,Saliva_1
OTU_97.32838,Right_Retroauricular_crease_1
OTU_97.32838,Supragingival_plaque
OTU_97.32838,Hard_palate
OTU_97.32841,Supragingival_plaque_1
OTU_97.32841,Attached_Keratinized_gingiva
OTU_97.32849,Saliva_1
OTU_97.32849,Palatine_Tonsils
OTU_97.32849,Anterior_nares_1
OTU_97.32854,Buccal_mucosa
OTU_97.32854,Hard_palate_1
OTU_97.32854,Attached_Keratinized_gingiva
OTU_97.32857,Right_Retroauricular_crease_1
OTU_97.32857,Attached_Keratinized_gingiva
OTU_97.32857,Left_Retroauricular_crease_1
OTU_97.32857,Anterior_nares
OTU_97.32857,Anterior_nares_1
OTU_97.32858,Saliva
OTU_97.32858,Left_Antecubital_fossa_1
OTU_97.32861,Tongue_dorsum
OTU_97.32861,Left_Antecubital_fossa_1
OTU_97.32861,Left_Retroauricular_crease
OTU_97.3287,Stool
OTU_97.3287,Attached_Keratinized_gingiva
OTU_97.3287,Throat_1
OTU_97.32873,Supragingival_plaque_1
OTU_97.32873,Buccal_mucosa
OTU_97.32879,Tongue_dorsum
OTU_97.32879,Left_Antecubital_fossa_1
OTU_97.32880,Buccal_mucosa
OTU_97.32880,Hard_palate
OTU_97.32886,Attached_Keratinized_gingiva
OTU_97.32891,Supragingival_plaque_1
OTU_97.32891,Buccal_mucosa
OTU_97.32891,Hard_palate
OTU_97.32891,Buccal_mucosa_1
OTU_97.32891,Left_Antecubital_fossa
OTU_97.32899,Supragingival_plaque
OTU_97.32899,Attached_Keratinized_gingiva_1
OTU_97.32899,Tongue_dorsum_1
OTU_97.32899,Anterior_nares_1
OTU_97.329,Right_Antecubital_fossa
OTU_97.329,Left_Retroauricular_crease
OTU_97.329,Anterior_nares
OTU_97.32905,Right_Antecubital_fossa
OTU_97.32905,Subgingival_plaque_1
OTU_97.32905,Attached_Keratinized_gingiva
OTU_97.32912,Buccal_mucosa
OTU_97.32912,Supragingival_plaque
OTU_97.32914,Buccal_mucosa
OTU_97.32914,Anterior_nares
OTU_97.32921,Stool_1
OTU_97.32921,Anterior_nares_1
OTU_97.32925,Right_Retroauricular_crease_1
OTU_97.32925,Subgingival_plaque
OTU_97.32929,Tongue_dorsum
OTU_97.32929,Supragingival_plaque_1
OTU_97.32933,Left_Antecubital_fossa_1
OTU_97.32933,Tongue_dorsum_1
OTU_97.32937,Right_Retroauricular_crease_1
OTU_97.32937,Subgingival_plaque
OTU_97.32937,Left_Retroauricular_crease_1
OTU_97.3294,Saliva
OTU_97.3294,Hard_palate
OTU_97.3294,Tongue_dorsum_1
OTU_97.32945,Left_Retroauricular_crease
OTU_97.32945,Anterior_nares_1
OTU_97.32946,Right_Antecubital_fossa
OTU_97.32946,Hard_palate_1
OTU_97.32947,Tongue_dorsum
OTU_97.32947,Buccal_mucosa
OTU_97.32947,Supragingival_plaque
OTU_97.32947,Stool_1
OTU_97.32947,Throat
OTU_97.32947,Right_Antecubital_fossa_1
OTU_97.32947,Anterior_nares_1
OTU_97.32949,Saliva
OTU_97.3295,Attached_Keratinized_gingiva_1
OTU_97.3295,Hard_palate
OTU_97.3295,Stool
OTU_97.32952,Subgingival_plaque
OTU_97.32952,Palatine_Tonsils_1
OTU_97.32952,Left_Antecubital_fossa
OTU_97.32955,Anterior_nares
OTU_97.32955,Right_Antecubital_fossa_1
OTU_97.32956,Supragingival_plaque_1
OTU_97.32956,Supragingival_plaque
OTU_97.32956,Hard_palate_1
OTU_97.32956,Stool
OTU_97.32956,Subgingival_plaque_1
OTU_97.32956,Palatine_Tonsils_1
OTU_97.32956,Anterior_nares_1
OTU_97.32957,Right_Antecubital_fossa
OTU_97.32957,Saliva_1
OTU_97.32957,Palatine_Tonsils_1
OTU_97.3296,Subgingival_plaque_1
OTU_97.3296,Palatine_Tonsils
OTU_97.3296,Attached_Keratinized_gingiva
OTU_97.3296,Anterior_nares
OTU_97.3296,Right_Antecubital_fossa_1
OTU_97.32974,Throat
OTU_97.32976,Right_Retroauricular_crease
OTU_97.32976,Buccal_mucosa_1
OTU_97.32976,Throat
OTU_97.32976,Left_Antecubital_fossa
OTU_97.32976,Right_Antecubital_fossa_1
OTU_97.32977,Buccal_mucosa_1
OTU_97.32977,Tongue_dorsum_1
OTU_97.32980,Subgingival_plaque
OTU_97.32980,Subgingival_plaque_1
OTU_97.32985,Tongue_dorsum
OTU_97.32985,Right_Antecubital_fossa
OTU_97.32985,Left_Retroauricular_crease
OTU_97.32985,Stool
OTU_97.32985,Anterior_nares
OTU_97.32990,Saliva_1
OTU_97.32990,Left_Antecubital_fossa
OTU_97.32995,Supragingival_plaque
OTU_97.32995,Right_Antecubital_fossa_1
OTU_97.32997,Left_Antecubital_fossa
OTU_97.32997,Right_Antecubital_fossa_1
OTU_97.32998,Buccal_mucosa
OTU_97.32998,Right_Retroauricular_crease
OTU_97.32998,Right_Antecubital_fossa
OTU_97.32998,Tongue_dorsum_1
OTU_97.32998,Anterior_nares_1
OTU_97.33,Buccal_mucosa
OTU_97.33,Hard_palate_1
OTU_97.3300,Right_Retroauricular_crease
OTU_97.3300,Left_Retroauricular_crease_1
OTU_97.33001,Hard_palate
OTU_97.33010,Right_Retroauricular_crease_1
OTU_97.33010,Anterior_nares
OTU_97.33013,Subgingival_plaque
OTU_97.33013,Right_Retroauricular_crease
OTU_97.33013,Palatine_Tonsils
OTU_97.33013,Palatine_Tonsils_1
OTU_97.33013,Anterior_nares_1
OTU_97.33016,Supragingival_plaque_1
OTU_97.33016,Stool
OTU_97.33017,Right_Antecubital_fossa
OTU_97.33017,Anterior_nares
OTU_97.3302,Right_Retroauricular_crease
OTU_97.3302,Throat
OTU_97.33021,Right_Retroauricular_crease_1
OTU_97.33021,Supragingival_plaque_1
OTU_97.33021,Throat
OTU_97.33021,Anterior_nares
OTU_97.33023,Subgingival_plaque
OTU_97.33023,Supragingival_plaque_1
OTU_97.33025,Buccal_mucosa
OTU_97.33025,Saliva
OTU_97.33025,Attached_Keratinized_gingiva_1
OTU_97.33025,Anterior_nares
OTU_97.33025,Right_Antecubital_fossa_1
OTU_97.33029,Right_Retroauricular_crease
OTU_97.33029,Hard_palate_1
OTU_97.3303,Tongue_dorsum
OTU_97.3303,Hard_palate
OTU_97.3303,Saliva_1
OTU_97.3303,Throat
OTU_97.3303,Left_Retroauricular_crease_1
OTU_97.33030,Subgingival_plaque
OTU_97.33030,Supragingival_plaque_1
OTU_97.33030,Stool
OTU_97.33030,Left_Retroauricular_crease_1
OTU_97.33033,Buccal_mucosa_1
OTU_97.33033,Left_Antecubital_fossa
OTU_97.33036,Throat
OTU_97.33037,Tongue_dorsum
OTU_97.33037,Supragingival_plaque
OTU_97.33037,Left_Retroauricular_crease
OTU_97.33037,Hard_palate_1
OTU_97.33037,Anterior_nares_1
OTU_97.3304,Subgingival_plaque
OTU_97.3304,Hard_palate_1
OTU_97.3304,Palatine_Tonsils_1
OTU_97.3304,Throat_1
OTU_97.33040,Right_Retroauricular_crease_1
OTU_97.33040,Saliva
OTU_97.33040,Buccal_mucosa_1
OTU_97.33048,Right_Antecubital_fossa
OTU_97.33048,Throat
OTU_97.33048,Anterior_nares
OTU_97.3305,Hard_palate
OTU_97.3305,Buccal_mucosa_1
OTU_97.3305,Throat_1
OTU_97.33050,Stool
OTU_97.33053,Supragingival_plaque
OTU_97.33053,Hard_palate_1
OTU_97.33053,Tongue_dorsum_1
OTU_97.33058,Right_Retroauricular_crease
OTU_97.33058,Left_Retroauricular_crease
OTU_97.33059,Attached_Keratinized_gingiva_1
OTU_97.33059,Tongue_dorsum_1
OTU_97.33062,Left_Antecubital_fossa_1
OTU_97.33062,Subgingival_plaque_1
OTU_97.33062,Palatine_Tonsils_1
OTU_97.33062,Throat_1
OTU_97.33062,Anterior_nares_1
OTU_97.33065,Subgingival_plaque
OTU_97.33065,Supragingival_plaque_1
OTU_97.33068,Subgingival_plaque
OTU_97.33068,Right_Retroauricular_crease
OTU_97.33068,Left_Retroauricular_crease_1
OTU_97.33070,Left_Retroauricular_crease_1
OTU_97.33076,Right_Retroauricular_crease_1
OTU_97.33076,Anterior_nares_1
OTU_97.33078,Attached_Keratinized_gingiva_1
OTU_97.33078,Buccal_mucosa_1
OTU_97.33078,Anterior_nares
OTU_97.33078,Anterior_nares_1
OTU_97.3308,Left_Antecubital_fossa_1
OTU_97.3308,Right_Retroauricular_crease
OTU_97.3308,Hard_palate_1
OTU_97.3308,Stool
OTU_97.33083,Left_Antecubital_fossa_1
OTU_97.33083,Throat
OTU_97.33083,Tongue_dorsum_1
OTU_97.33091,Stool
OTU_97.33099,Subgingival_plaque
OTU_97.33099,Right_Retroauricular_crease
OTU_97.33099,Left_Retroauricular_crease
OTU_97.33099,Left_Retroauricular_crease_1
OTU_97.331,Right_Antecubital_fossa
OTU_97.331,Left_Retroauricular_crease
OTU_97.331,Throat_1
OTU_97.33110,Subgingival_plaque
OTU_97.33110,Saliva
OTU_97.33110,Hard_palate_1
OTU_97.33110,Attached_Keratinized_gingiva
OTU_97.33110,Palatine_Tonsils_1
OTU_97.33112,Saliva_1
OTU_97.33116,Subgingival_plaque
OTU_97.33116,Attached_Keratinized_gingiva_1
OTU_97.33116,Subgingival_plaque_1
OTU_97.33123,Supragingival_plaque_1
OTU_97.33127,Left_Antecubital_fossa_1
OTU_97.33127,Throat_1
OTU_97.33128,Right_Antecubital_fossa
OTU_97.33128,Tongue_dorsum_1
OTU_97.33130,Attached_Keratinized_gingiva
OTU_97.33132,Tongue_dorsum
OTU_97.33132,Right_Retroauricular_crease_1
OTU_97.33132,Throat_1
OTU_97.33133,Buccal_mucosa
OTU_97.33133,Right_Antecubital_fossa
OTU_97.33133,Right_Antecubital_fossa_1
OTU_97.33134,Subgingival_plaque
OTU_97.33134,Anterior_nares_1
OTU_97.3314,Left_Retroauricular_crease_1
OTU_97.3314,Anterior_nares
OTU_97.33140,Saliva
OTU_97.33140,Left_Antecubital_fossa_1
OTU_97.33140,Left_Retroauricular_crease_1
OTU_97.33141,Stool_1
OTU_97.33141,Saliva_1
OTU_97.33141,Throat_1
OTU_97.33143,Saliva
OTU_97.33143,Throat
OTU_97.33143,Left_Retroauricular_crease_1
OTU_97.33143,Tongue_dorsum_1
OTU_97.33145,Supragingival_plaque_1
OTU_97.33145,Stool_1
OTU_97.33145,Palatine_Tonsils
OTU_97.33145,Attached_Keratinized_gingiva
OTU_97.33146,Left_Antecubital_fossa_1
OTU_97.33146,Attached_Keratinized_gingiva_1
OTU_97.33147,Right_Retroauricular_crease_1
OTU_97.33149,Throat
OTU_97.33149,Palatine_Tonsils_1
OTU_97.33150,Right_Antecubital_fossa
OTU_97.33150,Left_Retroauricular_crease
OTU_97.33150,Buccal_mucosa_1
OTU_97.33150,Stool_1
OTU_97.33150,Throat_1
OTU_97.33151,Supragingival_plaque
OTU_97.33151,Attached_Keratinized_gingiva_1
OTU_97.33151,Attached_Keratinized_gingiva
OTU_97.33154,Buccal_mucosa_1
OTU_97.33154,Stool
OTU_97.33154,Stool_1
OTU_97.33154,Throat
OTU_97.33157,Supragingival_plaque
OTU_97.33157,Attached_Keratinized_gingiva
OTU_97.33157,Palatine_Tonsils_1
OTU_97.33157,Tongue_dorsum_1
OTU_97.33158,Hard_palate_1
OTU_97.33158,Buccal_mucosa_1
OTU_97.33158,Subgingival_plaque_1
OTU_97.33158,Anterior_nares
OTU_97.33162,Tongue_dorsum
OTU_97.33162,Subgingival_plaque
OTU_97.33162,Right_Antecubital_fossa
OTU_97.33162,Attached_Keratinized_gingiva_1
OTU_97.33175,Saliva_1
OTU_97.33177,Right_Retroauricular_crease_1
OTU_97.33177,Attached_Keratinized_gingiva_1
OTU_97.33177,Throat_1
OTU_97.3318,Buccal_mucosa
OTU_97.3318,Hard_palate
OTU_97.3318,Left_Retroauricular_crease_1
OTU_97.33184,Buccal_mucosa
OTU_97.33184,Right_Retroauricular_crease
OTU_97.33184,Buccal_mucosa_1
OTU_97.33184,Throat_1
OTU_97.33187,Hard_palate
OTU_97.33187,Subgingival_plaque_1
OTU_97.33187,Palatine_Tonsils_1
OTU_97.33194,Subgingival_plaque
OTU_97.33194,Hard_palate
OTU_97.33194,Anterior_nares
OTU_97.33195,Palatine_Tonsils_1
OTU_97.33195,Anterior_nares
OTU_97.33197,Left_Antecubital_fossa_1
OTU_97.33197,Hard_palate_1
OTU_97.33197,Anterior_nares_1
OTU_97.33200,Right_Retroauricular_crease_1
OTU_97.33200,Throat
OTU_97.33200,Left_Retroauricular_crease_1
OTU_97.33201,Tongue_dorsum
OTU_97.33201,Tongue_dorsum_1
OTU_97.33208,Supragingival_plaque_1
OTU_97.33208,Left_Antecubital_fossa_1
OTU_97.33208,Left_Retroauricular_crease_1
OTU_97.33209,Supragingival_plaque
OTU_97.33209,Saliva
OTU_97.33209,Throat
OTU_97.33210,Hard_palate_1
OTU_97.33210,Saliva_1
OTU_97.33210,Throat_1
OTU_97.33212,Tongue_dorsum
OTU_97.33213,Supragingival_plaque
OTU_97.33213,Left_Antecubital_fossa
OTU_97.33213,Anterior_nares_1
OTU_97.33214,Supragingival_plaque_1
OTU_97.33214,Palatine_Tonsils_1
OTU_97.3322,Right_Retroauricular_crease_1
OTU_97.3322,Anterior_nares
OTU_97.33221,Subgingival_plaque
OTU_97.33221,Stool
OTU_97.33221,Attached_Keratinized_gingiva
OTU_97.33222,Buccal_mucosa_1
OTU_97.33222,Subgingival_plaque_1
OTU_97.33222,Throat_1
OTU_97.33224,Buccal_mucosa_1
OTU_97.33224,Stool_1
OTU_97.33224,Attached_Keratinized_gingiva
OTU_97.33225,Saliva
OTU_97.33225,Right_Antecubital_fossa
OTU_97.33225,Throat
OTU_97.33225,Anterior_nares
OTU_97.33225,Left_Antecubital_fossa
OTU_97.33227,Right_Retroauricular_crease
OTU_97.33227,Right_Antecubital_fossa_1
OTU_97.33227,Anterior_nares_1
OTU_97.33235,Left_Retroauricular_crease
OTU_97.33237,Buccal_mucosa_1
OTU_97.33237,Tongue_dorsum_1
OTU_97.33238,Tongue_dorsum_1
OTU_97.33239,Buccal_mucosa
OTU_97.33239,Throat
OTU_97.33239,Palatine_Tonsils_1
OTU_97.33239,Left_Antecubital_fossa
OTU_97.33240,Left_Antecubital_fossa
OTU_97.33241,Tongue_dorsum
OTU_97.33241,Palatine_Tonsils
OTU_97.33241,Anterior_nares_1
OTU_97.33244,Saliva
OTU_97.33244,Hard_palate
OTU_97.33245,Attached_Keratinized_gingiva_1
OTU_97.33245,Stool_1
OTU_97.33248,Left_Antecubital_fossa_1
OTU_97.33248,Right_Antecubital_fossa
OTU_97.33258,Left_Antecubital_fossa_1
OTU_97.33258,Right_Antecubital_fossa
OTU_97.33258,Anterior_nares
OTU_97.33258,Right_Antecubital_fossa_1
OTU_97.3326,Subgingival_plaque_1
OTU_97.3326,Throat
OTU_97.33263,Supragingival_plaque
OTU_97.33263,Right_Retroauricular_crease
OTU_97.33263,Left_Retroauricular_crease
OTU_97.33263,Hard_palate
OTU_97.33264,Hard_palate
OTU_97.33264,Hard_palate_1
OTU_97.33264,Palatine_Tonsils_1
OTU_97.33268,Left_Antecubital_fossa_1
OTU_97.33268,Attached_Keratinized_gingiva_1
OTU_97.33268,Hard_palate
OTU_97.33268,Palatine_Tonsils
OTU_97.33268,Attached_Keratinized_gingiva
OTU_97.33268,Palatine_Tonsils_1
OTU_97.33268,Anterior_nares
OTU_97.33280,Buccal_mucosa_1
OTU_97.33280,Palatine_Tonsils
OTU_97.33284,Right_Antecubital_fossa
OTU_97.33286,Tongue_dorsum
OTU_97.33286,Right_Retroauricular_crease_1
OTU_97.33286,Supragingival_plaque_1
OTU_97.33286,Saliva
OTU_97.33286,Left_Retroauricular_crease
OTU_97.33287,Saliva
OTU_97.33287,Attached_Keratinized_gingiva
OTU_97.33288,Attached_Keratinized_gingiva_1
OTU_97.33288,Palatine_Tonsils_1
OTU_97.33288,Right_Antecubital_fossa_1
OTU_97.3329,Palatine_Tonsils
OTU_97.33291,Attached_Keratinized_gingiva_1
OTU_97.33291,Saliva_1
OTU_97.33291,Palatine_Tonsils
OTU_97.33292,Stool
OTU_97.33292,Palatine_Tonsils
OTU_97.33292,Left_Antecubital_fossa
OTU_97.33292,Right_Antecubital_fossa_1
OTU_97.33292,Throat_1
OTU_97.33294,Right_Retroauricular_crease_1
OTU_97.33294,Attached_Keratinized_gingiva
OTU_97.33295,Buccal_mucosa
OTU_97.33295,Supragingival_plaque
OTU_97.33295,Left_Retroauricular_crease
OTU_97.33295,Saliva_1
OTU_97.33295,Right_Antecubital_fossa_1
OTU_97.33297,Supragingival_plaque_1
OTU_97.33297,Hard_palate_1
OTU_97.33297,Stool
OTU_97.33297,Palatine_Tonsils_1
OTU_97.33297,Tongue_dorsum_1
OTU_97.333,Subgingival_plaque_1
OTU_97.33303,Throat
OTU_97.33303,Anterior_nares
OTU_97.33305,Supragingival_plaque
OTU_97.33305,Hard_palate
OTU_97.33307,Right_Retroauricular_crease_1
OTU_97.33307,Left_Retroauricular_crease
OTU_97.33307,Palatine_Tonsils
OTU_97.33309,Attached_Keratinized_gingiva_1
OTU_97.33309,Palatine_Tonsils
OTU_97.33310,Buccal_mucosa_1
OTU_97.33314,Right_Retroauricular_crease
OTU_97.33314,Right_Antecubital_fossa
OTU_97.33314,Buccal_mucosa_1
OTU_97.33314,Right_Antecubital_fossa_1
OTU_97.33320,Buccal_mucosa
OTU_97.33320,Saliva
OTU_97.33320,Left_Retroauricular_crease
OTU_97.33322,Subgingival_plaque
OTU_97.33322,Supragingival_plaque
OTU_97.33322,Attached_Keratinized_gingiva_1
OTU_97.33326,Left_Antecubital_fossa_1
OTU_97.33326,Attached_Keratinized_gingiva_1
OTU_97.33328,Tongue_dorsum
OTU_97.33328,Buccal_mucosa
OTU_97.33328,Buccal_mucosa_1
OTU_97.33329,Hard_palate_1
OTU_97.33329,Stool
OTU_97.33329,Throat
OTU_97.33335,Supragingival_plaque
OTU_97.33335,Right_Antecubital_fossa
OTU_97.33335,Buccal_mucosa_1
OTU_97.33335,Palatine_Tonsils
OTU_97.33337,Left_Antecubital_fossa_1
OTU_97.33337,Throat
OTU_97.33337,Palatine_Tonsils_1
OTU_97.33337,Left_Retroauricular_crease_1
OTU_97.33340,Right_Antecubital_fossa
OTU_97.33340,Hard_palate
OTU_97.33346,Subgingival_plaque
OTU_97.33346,Supragingival_plaque
OTU_97.33346,Saliva_1
OTU_97.33348,Hard_palate_1
OTU_97.33348,Right_Antecubital_fossa_1
OTU_97.33350,Subgingival_plaque
OTU_97.33350,Hard_palate
OTU_97.33350,Tongue_dorsum_1
OTU_97.33350,Anterior_nares_1
OTU_97.33354,Right_Retroauricular_crease
OTU_97.33354,Attached_Keratinized_gingiva_1
OTU_97.33354,Left_Antecubital_fossa
OTU_97.33358,Buccal_mucosa
OTU_97.33358,Supragingival_plaque
OTU_97.33358,Left_Antecubital_fossa
OTU_97.33360,Right_Retroauricular_crease
OTU_97.33360,Anterior_nares
OTU_97.33369,Tongue_dorsum
OTU_97.33369,Right_Antecubital_fossa
OTU_97.33378,Left_Antecubital_fossa_1
OTU_97.33378,Palatine_Tonsils_1
OTU_97.33381,Supragingival_plaque_1
OTU_97.33381,Buccal_mucosa
OTU_97.33381,Right_Antecubital_fossa
OTU_97.33381,Saliva_1
OTU_97.33385,Supragingival_plaque_1
OTU_97.33385,Palatine_Tonsils
OTU_97.33385,Throat_1
OTU_97.33386,Buccal_mucosa
OTU_97.33386,Left_Antecubital_fossa
OTU_97.33388,Hard_palate
OTU_97.33388,Hard_palate_1
OTU_97.33388,Anterior_nares_1
OTU_97.33390,Supragingival_plaque_1
OTU_97.33390,Hard_palate
OTU_97.33390,Attached_Keratinized_gingiva
OTU_97.33390,Left_Antecubital_fossa
OTU_97.33394,Right_Antecubital_fossa
OTU_97.33394,Tongue_dorsum_1
OTU_97.33396,Attached_Keratinized_gingiva_1
OTU_97.33396,Buccal_mucosa_1
OTU_97.33396,Palatine_Tonsils
OTU_97.33396,Right_Antecubital_fossa_1
OTU_97.33399,Right_Retroauricular_crease
OTU_97.334,Supragingival_plaque
OTU_97.334,Left_Antecubital_fossa_1
OTU_97.334,Left_Retroauricular_crease
OTU_97.334,Anterior_nares
OTU_97.334,Anterior_nares_1
OTU_97.33401,Saliva
OTU_97.33401,Attached_Keratinized_gingiva_1
OTU_97.33401,Anterior_nares_1
OTU_97.33406,Subgingival_plaque
OTU_97.33406,Subgingival_plaque_1
OTU_97.33406,Palatine_Tonsils_1
OTU_97.33406,Anterior_nares
OTU_97.33407,Right_Retroauricular_crease_1
OTU_97.33409,Right_Retroauricular_crease
OTU_97.33409,Right_Antecubital_fossa_1
OTU_97.33410,Saliva_1
OTU_97.33410,Throat_1
OTU_97.33415,Saliva
OTU_97.33415,Right_Retroauricular_crease
OTU_97.33415,Hard_palate_1
OTU_97.33415,Saliva_1
OTU_97.33415,Throat
OTU_97.33423,Left_Retroauricular_crease
OTU_97.33426,Attached_Keratinized_gingiva
OTU_97.33426,Anterior_nares_1
OTU_97.3343,Attached_Keratinized_gingiva_1
OTU_97.3343,Stool_1
OTU_97.33431,Subgingival_plaque
OTU_97.33431,Palatine_Tonsils
OTU_97.33431,Attached_Keratinized_gingiva
OTU_97.33436,Supragingival_plaque_1
OTU_97.33436,Supragingival_plaque
OTU_97.33436,Right_Antecubital_fossa
OTU_97.33436,Left_Antecubital_fossa
OTU_97.33439,Saliva_1
OTU_97.33439,Palatine_Tonsils
OTU_97.3344,Supragingival_plaque
OTU_97.3344,Buccal_mucosa_1
OTU_97.3344,Subgingival_plaque_1
OTU_97.33444,Attached_Keratinized_gingiva_1
OTU_97.33444,Right_Antecubital_fossa_1
OTU_97.33444,Throat_1
OTU_97.33448,Throat
OTU_97.33449,Right_Retroauricular_crease_1
OTU_97.33449,Supragingival_plaque
OTU_97.33449,Hard_palate
OTU_97.33449,Right_Antecubital_fossa_1
OTU_97.33457,Stool_1
OTU_97.33457,Throat
OTU_97.33461,Supragingival_plaque_1
OTU_97.33461,Right_Antecubital_fossa
OTU_97.33461,Subgingival_plaque_1
OTU_97.33461,Throat
OTU_97.33461,Attached_Keratinized_gingiva
OTU_97.33461,Anterior_nares
OTU_97.33462,Right_Antecubital_fossa
OTU_97.33462,Hard_palate
OTU_97.33462,Right_Antecubital_fossa_1
OTU_97.33467,Supragingival_plaque_1
OTU_97.33467,Supragingival_plaque
OTU_97.33467,Attached_Keratinized_gingiva
OTU_97.33469,Supragingival_plaque
OTU_97.33469,Stool_1
OTU_97.33469,Subgingival_plaque_1
OTU_97.33470,Right_Antecubital_fossa
OTU_97.33470,Attached_Keratinized_gingiva
OTU_97.33477,Attached_Keratinized_gingiva_1
OTU_97.33477,Stool_1
OTU_97.33483,Attached_Keratinized_gingiva_1
OTU_97.33483,Palatine_Tonsils
OTU_97.33483,Right_Antecubital_fossa_1
OTU_97.335,Palatine_Tonsils_1
OTU_97.3350,Right_Retroauricular_crease_1
OTU_97.3350,Stool_1
OTU_97.33500,Left_Antecubital_fossa_1
OTU_97.33500,Left_Retroauricular_crease
OTU_97.33500,Throat_1
OTU_97.33509,Hard_palate
OTU_97.33509,Stool_1
OTU_97.33509,Right_Antecubital_fossa_1
OTU_97.3351,Left_Antecubital_fossa
OTU_97.33511,Right_Retroauricular_crease_1
OTU_97.33511,Hard_palate_1
OTU_97.33511,Anterior_nares_1
OTU_97.33514,Left_Antecubital_fossa_1
OTU_97.33514,Attached_Keratinized_gingiva_1
OTU_97.33514,Saliva_1
OTU_97.33514,Left_Retroauricular_crease_1
OTU_97.33514,Tongue_dorsum_1
OTU_97.33515,Attached_Keratinized_gingiva
OTU_97.33515,Tongue_dorsum_1
OTU_97.33515,Right_Antecubital_fossa_1
OTU_97.33518,Subgingival_plaque
OTU_97.33518,Saliva
OTU_97.33518,Stool
OTU_97.33518,Tongue_dorsum_1
OTU_97.33520,Subgingival_plaque
OTU_97.33520,Anterior_nares
OTU_97.33528,Buccal_mucosa
OTU_97.33530,Right_Retroauricular_crease_1
OTU_97.33530,Throat
OTU_97.33530,Left_Retroauricular_crease_1
OTU_97.33531,Right_Retroauricular_crease
OTU_97.33531,Palatine_Tonsils
OTU_97.33532,Supragingival_plaque
OTU_97.33532,Palatine_Tonsils_1
OTU_97.33532,Left_Antecubital_fossa
OTU_97.33538,Subgingival_plaque
OTU_97.33538,Right_Retroauricular_crease
OTU_97.33538,Right_Antecubital_fossa_1
OTU_97.33539,Tongue_dorsum
OTU_97.33539,Stool
OTU_97.33539,Saliva_1
OTU_97.33547,Saliva
OTU_97.33547,Right_Antecubital_fossa
OTU_97.33550,Throat_1
OTU_97.33551,Right_Retroauricular_crease_1
OTU_97.33551,Buccal_mucosa
OTU_97.33555,Supragingival_plaque
OTU_97.33555,Right_Antecubital_fossa_1
OTU_97.33556,Left_Antecubital_fossa
OTU_97.33556,Throat_1
OTU_97.33560,Supragingival_plaque_1
OTU_97.33560,Attached_Keratinized_gingiva_1
OTU_97.33560,Subgingival_plaque_1
OTU_97.33560,Left_Antecubital_fossa
OTU_97.33562,Tongue_dorsum
OTU_97.33562,Subgingival_plaque_1
OTU_97.33562,Left_Antecubital_fossa
OTU_97.33563,Hard_palate
OTU_97.33563,Palatine_Tonsils
OTU_97.33564,Stool
OTU_97.33567,Attached_Keratinized_gingiva_1
OTU_97.33567,Buccal_mucosa_1
OTU_97.33570,Tongue_dorsum
OTU_97.33570,Buccal_mucosa_1
OTU_97.33574,Stool_1
OTU_97.33574,Subgingival_plaque_1
OTU_97.33579,Throat
OTU_97.33583,Supragingival_plaque_1
OTU_97.33589,Right_Retroauricular_crease_1
OTU_97.33589,Right_Retroauricular_crease
OTU_97.336,Hard_palate_1
OTU_97.336,Saliva_1
OTU_97.33601,Supragingival_plaque_1
OTU_97.33601,Hard_palate
OTU_97.33601,Palatine_Tonsils
OTU_97.33601,Anterior_nares_1
OTU_97.33603,Supragingival_plaque
OTU_97.33603,Right_Antecubital_fossa
OTU_97.33603,Throat_1
OTU_97.33603,Anterior_nares_1
OTU_97.33608,Supragingival_plaque
OTU_97.33608,Saliva_1
OTU_97.33608,Left_Antecubital_fossa
OTU_97.33610,Tongue_dorsum
OTU_97.33610,Throat
OTU_97.33610,Palatine_Tonsils_1
OTU_97.33611,Attached_Keratinized_gingiva_1
OTU_97.33611,Stool
OTU_97.33614,Attached_Keratinized_gingiva
OTU_97.33619,Stool_1
OTU_97.3362,Throat_1
OTU_97.33622,Hard_palate_1
OTU_97.33622,Stool
OTU_97.33622,Saliva_1
OTU_97.33624,Right_Retroauricular_crease
OTU_97.33624,Right_Antecubital_fossa_1
OTU_97.33628,Subgingival_plaque
OTU_97.33628,Supragingival_plaque_1
OTU_97.33628,Buccal_mucosa_1
OTU_97.33628,Left_Antecubital_fossa
OTU_97.33630,Buccal_mucosa
OTU_97.33630,Buccal_mucosa_1
OTU_97.33630,Right_Antecubital_fossa_1
OTU_97.33631,Supragingival_plaque_1
OTU_97.33632,Tongue_dorsum
OTU_97.33632,Left_Antecubital_fossa_1
OTU_97.33632,Buccal_mucosa_1
OTU_97.33632,Palatine_Tonsils_1
OTU_97.33637,Tongue_dorsum
OTU_97.33637,Attached_Keratinized_gingiva_1
OTU_97.33637,Right_Antecubital_fossa_1
OTU_97.3365,Anterior_nares_1
OTU_97.33650,Hard_palate
OTU_97.33650,Buccal_mucosa_1
OTU_97.33650,Palatine_Tonsils
OTU_97.33652,Supragingival_plaque_1
OTU_97.33652,Supragingival_plaque
OTU_97.33652,Anterior_nares
OTU_97.33655,Right_Retroauricular_crease_1
OTU_97.33655,Right_Antecubital_fossa
OTU_97.33657,Stool
OTU_97.33658,Palatine_Tonsils_1
OTU_97.33664,Tongue_dorsum
OTU_97.33664,Supragingival_plaque_1
OTU_97.33664,Buccal_mucosa
OTU_97.33664,Left_Antecubital_fossa_1
OTU_97.33664,Left_Retroauricular_crease_1
OTU_97.33665,Buccal_mucosa
OTU_97.33666,Buccal_mucosa
OTU_97.33666,Palatine_Tonsils
OTU_97.33666,Palatine_Tonsils_1
OTU_97.33666,Left_Antecubital_fossa
OTU_97.33669,Hard_palate
OTU_97.33669,Attached_Keratinized_gingiva
OTU_97.33669,Anterior_nares
OTU_97.33669,Tongue_dorsum_1
OTU_97.33675,Tongue_dorsum
OTU_97.33675,Throat_1
OTU_97.33679,Palatine_Tonsils_1
OTU_97.33679,Anterior_nares
OTU_97.33680,Right_Retroauricular_crease
OTU_97.33680,Stool_1
OTU_97.33683,Right_Retroauricular_crease_1
OTU_97.33683,Supragingival_plaque_1
OTU_97.33683,Right_Retroauricular_crease
OTU_97.33683,Subgingival_plaque_1
OTU_97.33683,Anterior_nares
OTU_97.33688,Attached_Keratinized_gingiva_1
OTU_97.33688,Left_Antecubital_fossa
OTU_97.33689,Right_Retroauricular_crease_1
OTU_97.33689,Left_Retroauricular_crease
OTU_97.33689,Hard_palate_1
OTU_97.33689,Saliva_1
OTU_97.33692,Left_Retroauricular_crease
OTU_97.33692,Throat
OTU_97.33692,Palatine_Tonsils_1
OTU_97.33692,Anterior_nares_1
OTU_97.3370,Saliva
OTU_97.33702,Left_Antecubital_fossa_1
OTU_97.33707,Subgingival_plaque
OTU_97.33707,Supragingival_plaque
OTU_97.33707,Stool_1
OTU_97.33707,Palatine_Tonsils_1
OTU_97.33716,Anterior_nares_1
OTU_97.33718,Tongue_dorsum_1
OTU_97.33718,Right_Antecubital_fossa_1
OTU_97.3372,Palatine_Tonsils
OTU_97.3372,Left_Retroauricular_crease_1
OTU_97.33720,Left_Retroauricular_crease_1
OTU_97.33723,Supragingival_plaque_1
OTU_97.33723,Buccal_mucosa
OTU_97.33723,Buccal_mucosa_1
OTU_97.33725,Saliva
OTU_97.33725,Palatine_Tonsils
OTU_97.33725,Throat_1
OTU_97.33727,Left_Retroauricular_crease
OTU_97.33727,Anterior_nares
OTU_97.33729,Anterior_nares
OTU_97.33732,Attached_Keratinized_gingiva_1
OTU_97.33732,Stool
OTU_97.33732,Attached_Keratinized_gingiva
OTU_97.33732,Left_Retroauricular_crease_1
OTU_97.33733,Saliva
OTU_97.33733,Left_Retroauricular_crease
OTU_97.33733,Throat
OTU_97.33733,Tongue_dorsum_1
OTU_97.33749,Right_Antecubital_fossa
OTU_97.33750,Hard_palate_1
OTU_97.33750,Left_Retroauricular_crease_1
OTU_97.3376,Supragingival_plaque_1
OTU_97.3376,Saliva
OTU_97.3376,Right_Antecubital_fossa
OTU_97.33760,Supragingival_plaque
OTU_97.33760,Attached_Keratinized_gingiva
OTU_97.33770,Saliva
OTU_97.33770,Right_Retroauricular_crease
OTU_97.33770,Right_Antecubital_fossa
OTU_97.33770,Stool_1
OTU_97.33770,Attached_Keratinized_gingiva
OTU_97.33770,Tongue_dorsum_1
OTU_97.33780,Left_Retroauricular_crease_1
OTU_97.33781,Tongue_dorsum
OTU_97.33781,Right_Retroauricular_crease
OTU_97.33781,Left_Retroauricular_crease
OTU_97.33781,Hard_palate_1
OTU_97.33785,Right_Antecubital_fossa
OTU_97.33787,Subgingival_plaque_1
OTU_97.33787,Attached_Keratinized_gingiva
OTU_97.33787,Left_Retroauricular_crease_1
OTU_97.33789,Tongue_dorsum
OTU_97.33789,Left_Retroauricular_crease
OTU_97.33789,Left_Antecubital_fossa
OTU_97.33789,Anterior_nares_1
OTU_97.3379,Supragingival_plaque
OTU_97.3379,Attached_Keratinized_gingiva_1
OTU_97.3379,Stool
OTU_97.3379,Attached_Keratinized_gingiva
OTU_97.33792,Left_Retroauricular_crease_1
OTU_97.33795,Buccal_mucosa
OTU_97.33795,Right_Retroauricular_crease
OTU_97.33795,Subgingival_plaque_1
OTU_97.33795,Saliva_1
OTU_97.338,Right_Antecubital_fossa
OTU_97.338,Buccal_mucosa_1
OTU_97.338,Saliva_1
OTU_97.338,Palatine_Tonsils
OTU_97.33803,Subgingival_plaque_1
OTU_97.33803,Saliva_1
OTU_97.33803,Left_Retroauricular_crease_1
OTU_97.3381,Tongue_dorsum_1
OTU_97.3381,Anterior_nares_1
OTU_97.33810,Tongue_dorsum
OTU_97.33810,Attached_Keratinized_gingiva_1
OTU_97.33810,Buccal_mucosa_1
OTU_97.33810,Palatine_Tonsils
OTU_97.33814,Supragingival_plaque
OTU_97.33814,Attached_Keratinized_gingiva
OTU_97.33815,Right_Retroauricular_crease_1
OTU_97.33815,Left_Retroauricular_crease
OTU_97.33815,Hard_palate
OTU_97.33815,Hard_palate_1
OTU_97.33815,Tongue_dorsum_1
OTU_97.3382,Buccal_mucosa
OTU_97.3382,Stool
OTU_97.33822,Right_Retroauricular_crease
OTU_97.33822,Attached_Keratinized_gingiva
OTU_97.33827,Supragingival_plaque_1
OTU_97.33828,Right_Retroauricular_crease_1
OTU_97.33828,Left_Retroauricular_crease
OTU_97.33835,Tongue_dorsum
OTU_97.33835,Right_Retroauricular_crease
OTU_97.33835,Anterior_nares
OTU_97.33837,Supragingival_plaque
OTU_97.33837,Saliva_1
OTU_97.33840,Saliva_1
OTU_97.33840,Left_Retroauricular_crease_1
OTU_97.33841,Palatine_Tonsils_1
OTU_97.33845,Throat_1
OTU_97.33847,Right_Antecubital_fossa
OTU_97.33847,Attached_Keratinized_gingiva_1
OTU_97.33847,Throat_1
OTU_97.33851,Left_Antecubital_fossa
OTU_97.33855,Saliva
OTU_97.33855,Throat
OTU_97.33856,Left_Retroauricular_crease
OTU_97.33856,Buccal_mucosa_1
OTU_97.33856,Anterior_nares
OTU_97.33856,Anterior_nares_1
OTU_97.33857,Right_Retroauricular_crease_1
OTU_97.33857,Supragingival_plaque_1
OTU_97.33857,Left_Retroauricular_crease
OTU_97.33857,Attached_Keratinized_gingiva_1
OTU_97.33857,Throat
OTU_97.33859,Left_Antecubital_fossa_1
OTU_97.33859,Palatine_Tonsils_1
OTU_97.33861,Supragingival_plaque
OTU_97.33861,Palatine_Tonsils
OTU_97.33864,Subgingival_plaque
OTU_97.33864,Hard_palate
OTU_97.33864,Subgingival_plaque_1
OTU_97.33865,Buccal_mucosa
OTU_97.33865,Right_Retroauricular_crease
OTU_97.33865,Left_Antecubital_fossa
OTU_97.33868,Buccal_mucosa
OTU_97.33868,Right_Antecubital_fossa
OTU_97.33868,Subgingival_plaque_1
OTU_97.3387,Saliva
OTU_97.3387,Attached_Keratinized_gingiva
OTU_97.33870,Left_Retroauricular_crease_1
OTU_97.33872,Supragingival_plaque
OTU_97.33872,Palatine_Tonsils
OTU_97.33872,Throat
OTU_97.33876,Supragingival_plaque_1
OTU_97.33877,Supragingival_plaque
OTU_97.33877,Throat
OTU_97.3388,Hard_palate
OTU_97.3388,Left_Retroauricular_crease_1
OTU_97.33882,Attached_Keratinized_gingiva_1
OTU_97.33882,Hard_palate_1
OTU_97.33882,Palatine_Tonsils_1
OTU_97.33882,Right_Antecubital_fossa_1
OTU_97.33891,Right_Retroauricular_crease_1
OTU_97.33891,Buccal_mucosa
OTU_97.33891,Left_Retroauricular_crease
OTU_97.33891,Hard_palate_1
OTU_97.33891,Left_Antecubital_fossa
OTU_97.339,Buccal_mucosa_1
OTU_97.339,Palatine_Tonsils
OTU_97.33904,Right_Retroauricular_crease_1
OTU_97.33904,Saliva
OTU_97.33904,Right_Antecubital_fossa
OTU_97.33904,Left_Retroauricular_crease
OTU_97.33907,Tongue_dorsum
OTU_97.33907,Right_Antecubital_fossa
OTU_97.33907,Stool
OTU_97.33908,Buccal_mucosa
OTU_97.33908,Left_Retroauricular_crease
OTU_97.33908,Hard_palate
OTU_97.33908,Anterior_nares
OTU_97.33923,Buccal_mucosa
OTU_97.33923,Left_Retroauricular_crease
OTU_97.33925,Left_Antecubital_fossa_1
OTU_97.33925,Attached_Keratinized_gingiva_1
OTU_97.33926,Tongue_dorsum
OTU_97.33926,Left_Retroauricular_crease
OTU_97.33926,Attached_Keratinized_gingiva
OTU_97.33926,Throat_1
OTU_97.33927,Buccal_mucosa
OTU_97.33927,Left_Antecubital_fossa_1
OTU_97.33927,Hard_palate
OTU_97.33927,Palatine_Tonsils
OTU_97.33927,Anterior_nares_1
OTU_97.33928,Right_Retroauricular_crease
OTU_97.33928,Throat_1
OTU_97.33929,Saliva
OTU_97.33929,Subgingival_plaque_1
OTU_97.33929,Throat
OTU_97.33930,Buccal_mucosa
OTU_97.33930,Anterior_nares_1
OTU_97.33931,Tongue_dorsum
OTU_97.33931,Right_Antecubital_fossa
OTU_97.33934,Left_Antecubital_fossa_1
OTU_97.33934,Anterior_nares
OTU_97.33934,Anterior_nares_1
OTU_97.33936,Subgingival_plaque_1
OTU_97.33936,Throat_1
OTU_97.33937,Buccal_mucosa
OTU_97.33939,Supragingival_plaque
OTU_97.33939,Left_Retroauricular_crease
OTU_97.3394,Tongue_dorsum
OTU_97.3394,Tongue_dorsum_1
OTU_97.33940,Right_Retroauricular_crease_1
OTU_97.33940,Right_Antecubital_fossa_1
OTU_97.33940,Anterior_nares_1
OTU_97.33942,Right_Retroauricular_crease
OTU_97.33942,Buccal_mucosa_1
OTU_97.33942,Saliva_1
OTU_97.33942,Anterior_nares_1
OTU_97.33944,Supragingival_plaque
OTU_97.33944,Left_Retroauricular_crease
OTU_97.33944,Hard_palate_1
OTU_97.33944,Attached_Keratinized_gingiva
OTU_97.33946,Buccal_mucosa
OTU_97.33946,Supragingival_plaque
OTU_97.33946,Palatine_Tonsils
OTU_97.33946,Tongue_dorsum_1
OTU_97.33948,Attached_Keratinized_gingiva_1
OTU_97.33948,Subgingival_plaque_1
OTU_97.33948,Throat_1
OTU_97.33956,Supragingival_plaque_1
OTU_97.33956,Palatine_Tonsils_1
OTU_97.33958,Hard_palate
OTU_97.33958,Anterior_nares
OTU_97.33958,Left_Antecubital_fossa
OTU_97.33966,Hard_palate_1
OTU_97.33966,Tongue_dorsum_1
OTU_97.33966,Right_Antecubital_fossa_1
OTU_97.3397,Right_Antecubital_fossa
OTU_97.3397,Left_Retroauricular_crease
OTU_97.3397,Throat
OTU_97.3397,Throat_1
OTU_97.33971,Tongue_dorsum
OTU_97.33971,Hard_palate
OTU_97.33972,Buccal_mucosa
OTU_97.33975,Left_Antecubital_fossa
OTU_97.33977,Subgingival_plaque
OTU_97.33977,Supragingival_plaque_1
OTU_97.33977,Left_Retroauricular_crease
OTU_97.33980,Attached_Keratinized_gingiva_1
OTU_97.33980,Stool
OTU_97.33980,Saliva_1
OTU_97.33982,Supragingival_plaque_1
OTU_97.33983,Stool_1
OTU_97.33983,Left_Retroauricular_crease_1
OTU_97.33985,Tongue_dorsum
OTU_97.33985,Subgingival_plaque
OTU_97.33985,Hard_palate_1
OTU_97.33988,Supragingival_plaque_1
OTU_97.33988,Throat
OTU_97.3399,Tongue_dorsum
OTU_97.3399,Buccal_mucosa_1
OTU_97.3399,Right_Antecubital_fossa_1
OTU_97.3399,Throat_1
OTU_97.33992,Stool
OTU_97.33992,Attached_Keratinized_gingiva
OTU_97.33992,Throat_1
OTU_97.33998,Tongue_dorsum
OTU_97.33998,Buccal_mucosa
OTU_97.33998,Throat
OTU_97.34,Tongue_dorsum
OTU_97.34,Left_Antecubital_fossa_1
OTU_97.34,Palatine_Tonsils_1
OTU_97.34,Right_Antecubital_fossa_1
OTU_97.34,Throat_1
OTU_97.340,Saliva
OTU_97.340,Right_Antecubital_fossa
OTU_97.340,Left_Retroauricular_crease
OTU_97.340,Hard_palate_1
OTU_97.34000,Left_Retroauricular_crease
OTU_97.34011,Throat
OTU_97.34013,Supragingival_plaque
OTU_97.34013,Stool
OTU_97.34013,Stool_1
OTU_97.34013,Subgingival_plaque_1
OTU_97.34013,Left_Retroauricular_crease_1
OTU_97.34014,Hard_palate_1
OTU_97.34018,Tongue_dorsum
OTU_97.34018,Stool
OTU_97.34019,Left_Antecubital_fossa
OTU_97.34023,Supragingival_plaque_1
OTU_97.34023,Attached_Keratinized_gingiva
OTU_97.34023,Left_Retroauricular_crease_1
OTU_97.34023,Right_Antecubital_fossa_1
OTU_97.34027,Left_Retroauricular_crease
OTU_97.34027,Left_Retroauricular_crease_1
OTU_97.34027,Tongue_dorsum_1
OTU_97.34028,Left_Retroauricular_crease
OTU_97.34028,Buccal_mucosa_1
OTU_97.34028,Left_Retroauricular_crease_1
OTU_97.34028,Anterior_nares
OTU_97.3403,Tongue_dorsum
OTU_97.3403,Attached_Keratinized_gingiva_1
OTU_97.3403,Anterior_nares_1
OTU_97.34032,Left_Antecubital_fossa_1
OTU_97.34032,Throat_1
OTU_97.34034,Subgingival_plaque
OTU_97.34034,Attached_Keratinized_gingiva_1
OTU_97.34034,Left_Antecubital_fossa
OTU_97.34034,Tongue_dorsum_1
OTU_97.34034,Right_Antecubital_fossa_1
OTU_97.34038,Right_Retroauricular_crease_1
OTU_97.34038,Stool_1
OTU_97.34038,Right_Antecubital_fossa_1
OTU_97.34040,Right_Retroauricular_crease_1
OTU_97.34040,Right_Antecubital_fossa
OTU_97.34040,Stool_1
OTU_97.34040,Anterior_nares_1
OTU_97.34042,Tongue_dorsum
OTU_97.34042,Buccal_mucosa
OTU_97.34043,Stool
OTU_97.34043,Stool_1
OTU_97.34044,Throat
OTU_97.34044,Anterior_nares
OTU_97.34046,Attached_Keratinized_gingiva_1
OTU_97.34046,Hard_palate
OTU_97.34046,Hard_palate_1
OTU_97.34046,Attached_Keratinized_gingiva
OTU_97.34047,Buccal_mucosa_1
OTU_97.34047,Attached_Keratinized_gingiva
OTU_97.34048,Buccal_mucosa
OTU_97.34048,Attached_Keratinized_gingiva_1
OTU_97.34048,Buccal_mucosa_1
OTU_97.34048,Saliva_1
OTU_97.34052,Hard_palate_1
OTU_97.34053,Palatine_Tonsils_1
OTU_97.34056,Tongue_dorsum
OTU_97.34056,Stool
OTU_97.3406,Buccal_mucosa
OTU_97.3406,Hard_palate
OTU_97.3406,Saliva_1
OTU_97.3406,Throat
OTU_97.3406,Palatine_Tonsils_1
OTU_97.34060,Hard_palate
OTU_97.34060,Subgingival_plaque_1
OTU_97.34060,Tongue_dorsum_1
OTU_97.34060,Throat_1
OTU_97.34063,Hard_palate_1
OTU_97.34066,Stool_1
OTU_97.34071,Tongue_dorsum
OTU_97.34071,Stool_1
OTU_97.34073,Stool
OTU_97.34073,Tongue_dorsum_1
OTU_97.34073,Anterior_nares_1
OTU_97.34076,Buccal_mucosa
OTU_97.34076,Palatine_Tonsils
OTU_97.34077,Tongue_dorsum_1
OTU_97.34078,Supragingival_plaque_1
OTU_97.34078,Right_Antecubital_fossa_1
OTU_97.34079,Subgingival_plaque
OTU_97.34079,Hard_palate_1
OTU_97.34079,Buccal_mucosa_1
OTU_97.34079,Tongue_dorsum_1
OTU_97.3408,Attached_Keratinized_gingiva
OTU_97.34084,Stool
OTU_97.34084,Left_Retroauricular_crease_1
OTU_97.34087,Hard_palate_1
OTU_97.34090,Saliva
OTU_97.34090,Hard_palate_1
OTU_97.34090,Tongue_dorsum_1
OTU_97.34093,Right_Retroauricular_crease_1
OTU_97.34093,Palatine_Tonsils_1
OTU_97.34094,Anterior_nares
OTU_97.34094,Tongue_dorsum_1
OTU_97.34095,Hard_palate_1
OTU_97.34095,Attached_Keratinized_gingiva
OTU_97.34098,Buccal_mucosa
OTU_97.34098,Right_Antecubital_fossa
OTU_97.34098,Hard_palate_1
OTU_97.34098,Subgingival_plaque_1
OTU_97.34098,Left_Antecubital_fossa
OTU_97.3410,Buccal_mucosa
OTU_97.3410,Saliva
OTU_97.3410,Subgingival_plaque_1
OTU_97.3410,Palatine_Tonsils_1
OTU_97.34102,Subgingival_plaque
OTU_97.34102,Buccal_mucosa_1
OTU_97.34102,Stool
OTU_97.34102,Attached_Keratinized_gingiva
OTU_97.34102,Palatine_Tonsils_1
OTU_97.34105,Left_Antecubital_fossa_1
OTU_97.34105,Attached_Keratinized_gingiva_1
OTU_97.34105,Right_Antecubital_fossa_1
OTU_97.34106,Saliva
OTU_97.34106,Throat
OTU_97.34107,Palatine_Tonsils
OTU_97.34108,Tongue_dorsum_1
OTU_97.34114,Palatine_Tonsils_1
OTU_97.34114,Right_Antecubital_fossa_1
OTU_97.34115,Right_Retroauricular_crease
OTU_97.34115,Left_Retroauricular_crease
OTU_97.34115,Tongue_dorsum_1
OTU_97.34117,Right_Retroauricular_crease_1
OTU_97.34117,Tongue_dorsum_1
OTU_97.34120,Right_Antecubital_fossa
OTU_97.34120,Attached_Keratinized_gingiva_1
OTU_97.34120,Palatine_Tonsils
OTU_97.34122,Supragingival_plaque_1
OTU_97.34122,Saliva
OTU_97.34123,Right_Antecubital_fossa
OTU_97.34123,Throat
OTU_97.34123,Palatine_Tonsils_1
OTU_97.34130,Left_Antecubital_fossa_1
OTU_97.34130,Buccal_mucosa_1
OTU_97.34130,Left_Retroauricular_crease_1
OTU_97.34130,Anterior_nares
OTU_97.34130,Anterior_nares_1
OTU_97.34134,Subgingival_plaque
OTU_97.34134,Tongue_dorsum_1
OTU_97.34135,Left_Retroauricular_crease
OTU_97.34135,Throat
OTU_97.34135,Anterior_nares_1
OTU_97.34139,Stool_1
OTU_97.34139,Palatine_Tonsils_1
OTU_97.34142,Throat
OTU_97.34142,Right_Antecubital_fossa_1
OTU_97.34143,Right_Retroauricular_crease
OTU_97.34143,Stool
OTU_97.34143,Throat
OTU_97.34144,Buccal_mucosa_1
OTU_97.34144,Anterior_nares
OTU_97.34146,Supragingival_plaque_1
OTU_97.34148,Subgingival_plaque
OTU_97.34148,Attached_Keratinized_gingiva_1
OTU_97.34148,Palatine_Tonsils_1
OTU_97.34148,Left_Antecubital_fossa
OTU_97.34149,Attached_Keratinized_gingiva_1
OTU_97.34149,Stool_1
OTU_97.34149,Saliva_1
OTU_97.34150,Buccal_mucosa
OTU_97.34150,Supragingival_plaque
OTU_97.34150,Attached_Keratinized_gingiva_1
OTU_97.34150,Hard_palate
OTU_97.34150,Stool
OTU_97.34150,Subgingival_plaque_1
OTU_97.34150,Palatine_Tonsils_1
OTU_97.34157,Supragingival_plaque_1
OTU_97.34157,Buccal_mucosa_1
OTU_97.34157,Left_Retroauricular_crease_1
OTU_97.34157,Anterior_nares_1
OTU_97.34161,Supragingival_plaque_1
OTU_97.34161,Buccal_mucosa
OTU_97.34161,Buccal_mucosa_1
OTU_97.34161,Palatine_Tonsils_1
OTU_97.34162,Right_Retroauricular_crease
OTU_97.34162,Right_Antecubital_fossa
OTU_97.34162,Buccal_mucosa_1
OTU_97.34162,Saliva_1
OTU_97.34164,Left_Antecubital_fossa_1
OTU_97.34164,Right_Retroauricular_crease
OTU_97.34164,Hard_palate_1
OTU_97.34164,Saliva_1
OTU_97.34169,Right_Retroauricular_crease_1
OTU_97.34169,Left_Antecubital_fossa_1
OTU_97.34169,Hard_palate_1
OTU_97.34169,Throat
OTU_97.34169,Tongue_dorsum_1
OTU_97.34173,Buccal_mucosa
OTU_97.34173,Palatine_Tonsils_1
OTU_97.34173,Tongue_dorsum_1
OTU_97.34174,Hard_palate_1
OTU_97.34174,Buccal_mucosa_1
OTU_97.34177,Supragingival_plaque_1
OTU_97.34177,Tongue_dorsum_1
OTU_97.34178,Stool_1
OTU_97.34178,Left_Antecubital_fossa
OTU_97.3418,Hard_palate_1
OTU_97.3418,Buccal_mucosa_1
OTU_97.34185,Subgingival_plaque_1
OTU_97.34185,Tongue_dorsum_1
OTU_97.34186,Left_Retroauricular_crease_1
OTU_97.34189,Hard_palate
OTU_97.3419,Right_Antecubital_fossa
OTU_97.3419,Left_Antecubital_fossa
OTU_97.3419,Right_Antecubital_fossa_1
OTU_97.34194,Attached_Keratinized_gingiva_1
OTU_97.34194,Anterior_nares
OTU_97.34194,Left_Antecubital_fossa
OTU_97.34194,Throat_1
OTU_97.342,Tongue_dorsum
OTU_97.342,Supragingival_plaque_1
OTU_97.342,Throat
OTU_97.342,Anterior_nares
OTU_97.34200,Right_Retroauricular_crease_1
OTU_97.34200,Attached_Keratinized_gingiva_1
OTU_97.34200,Saliva_1
OTU_97.34200,Right_Antecubital_fossa_1
OTU_97.34204,Subgingival_plaque_1
OTU_97.34204,Left_Antecubital_fossa
OTU_97.34208,Buccal_mucosa
OTU_97.34208,Right_Retroauricular_crease
OTU_97.34208,Left_Antecubital_fossa
OTU_97.34208,Anterior_nares_1
OTU_97.34212,Buccal_mucosa_1
OTU_97.34213,Tongue_dorsum
OTU_97.34213,Subgingival_plaque
OTU_97.34213,Supragingival_plaque_1
OTU_97.34213,Saliva_1
OTU_97.34213,Palatine_Tonsils_1
OTU_97.34224,Right_Retroauricular_crease_1
OTU_97.34224,Left_Antecubital_fossa_1
OTU_97.34224,Left_Retroauricular_crease
OTU_97.34224,Stool
OTU_97.34227,Subgingival_plaque
OTU_97.34227,Saliva
OTU_97.34227,Left_Antecubital_fossa_1
OTU_97.34227,Right_Retroauricular_crease
OTU_97.34227,Attached_Keratinized_gingiva
OTU_97.34227,Anterior_nares
OTU_97.34231,Anterior_nares
OTU_97.34233,Supragingival_plaque_1
OTU_97.34235,Subgingival_plaque
OTU_97.34235,Right_Antecubital_fossa_1
OTU_97.34236,Left_Retroauricular_crease
OTU_97.34236,Left_Retroauricular_crease_1
OTU_97.34236,Left_Antecubital_fossa
OTU_97.34236,Tongue_dorsum_1
OTU_97.34237,Tongue_dorsum_1
OTU_97.34239,Left_Retroauricular_crease
OTU_97.34239,Throat_1
OTU_97.34242,Buccal_mucosa_1
OTU_97.34242,Stool
OTU_97.34242,Left_Retroauricular_crease_1
OTU_97.34249,Attached_Keratinized_gingiva_1
OTU_97.34249,Hard_palate
OTU_97.34250,Buccal_mucosa
OTU_97.34250,Left_Retroauricular_crease_1
OTU_97.34250,Left_Antecubital_fossa
OTU_97.34250,Tongue_dorsum_1
OTU_97.34258,Palatine_Tonsils_1
OTU_97.34258,Throat_1
OTU_97.34259,Supragingival_plaque_1
OTU_97.34259,Right_Retroauricular_crease
OTU_97.34259,Buccal_mucosa_1
OTU_97.34263,Saliva
OTU_97.34263,Left_Antecubital_fossa_1
OTU_97.34263,Buccal_mucosa_1
OTU_97.34266,Right_Retroauricular_crease
OTU_97.34266,Saliva_1
OTU_97.34267,Stool
OTU_97.34267,Left_Retroauricular_crease_1
OTU_97.34267,Anterior_nares
OTU_97.34267,Throat_1
OTU_97.34274,Buccal_mucosa
OTU_97.34274,Supragingival_plaque
OTU_97.34274,Anterior_nares_1
OTU_97.34278,Supragingival_plaque
OTU_97.34278,Hard_palate_1
OTU_97.34278,Stool
OTU_97.34278,Anterior_nares
OTU_97.34279,Attached_Keratinized_gingiva_1
OTU_97.34279,Saliva_1
OTU_97.34286,Buccal_mucosa
OTU_97.34286,Palatine_Tonsils
OTU_97.34286,Throat_1
OTU_97.34289,Hard_palate
OTU_97.34295,Subgingival_plaque_1
OTU_97.34295,Attached_Keratinized_gingiva
OTU_97.34297,Attached_Keratinized_gingiva_1
OTU_97.34297,Hard_palate
OTU_97.34297,Hard_palate_1
OTU_97.34297,Throat_1
OTU_97.343,Subgingival_plaque
OTU_97.343,Right_Retroauricular_crease
OTU_97.34302,Left_Antecubital_fossa
OTU_97.34308,Right_Retroauricular_crease
OTU_97.34308,Hard_palate
OTU_97.34308,Throat
OTU_97.34308,Anterior_nares
OTU_97.34320,Subgingival_plaque
OTU_97.34320,Supragingival_plaque_1
OTU_97.34320,Throat_1
OTU_97.34324,Hard_palate_1
OTU_97.34324,Anterior_nares
OTU_97.34325,Supragingival_plaque
OTU_97.34325,Left_Antecubital_fossa_1
OTU_97.34326,Attached_Keratinized_gingiva
OTU_97.34327,Subgingival_plaque_1
OTU_97.34327,Attached_Keratinized_gingiva
OTU_97.34327,Left_Retroauricular_crease_1
OTU_97.34330,Supragingival_plaque
OTU_97.34330,Saliva
OTU_97.34330,Saliva_1
OTU_97.34330,Palatine_Tonsils
OTU_97.34334,Tongue_dorsum_1
OTU_97.34334,Throat_1
OTU_97.34344,Right_Retroauricular_crease
OTU_97.34344,Tongue_dorsum_1
OTU_97.34344,Anterior_nares_1
OTU_97.34345,Left_Retroauricular_crease
OTU_97.34345,Hard_palate_1
OTU_97.34345,Stool
OTU_97.34346,Buccal_mucosa_1
OTU_97.34348,Supragingival_plaque
OTU_97.34348,Left_Antecubital_fossa_1
OTU_97.34348,Hard_palate_1
OTU_97.34348,Throat
OTU_97.34348,Right_Antecubital_fossa_1
OTU_97.34349,Supragingival_plaque_1
OTU_97.34349,Buccal_mucosa
OTU_97.34349,Buccal_mucosa_1
OTU_97.34349,Anterior_nares
OTU_97.3435,Buccal_mucosa
OTU_97.3435,Supragingival_plaque
OTU_97.34353,Right_Retroauricular_crease_1
OTU_97.34353,Saliva
OTU_97.34353,Right_Retroauricular_crease
OTU_97.34353,Left_Retroauricular_crease_1
OTU_97.34356,Supragingival_plaque
OTU_97.34362,Left_Antecubital_fossa_1
OTU_97.34362,Saliva_1
OTU_97.34363,Saliva_1
OTU_97.34363,Anterior_nares_1
OTU_97.34376,Supragingival_plaque
OTU_97.34376,Saliva
OTU_97.34376,Left_Retroauricular_crease
OTU_97.34376,Stool_1
OTU_97.34377,Hard_palate
OTU_97.34377,Left_Antecubital_fossa
OTU_97.34377,Tongue_dorsum_1
OTU_97.34378,Subgingival_plaque
OTU_97.34378,Hard_palate_1
OTU_97.34378,Stool
OTU_97.34379,Palatine_Tonsils_1
OTU_97.34380,Subgingival_plaque
OTU_97.34380,Stool_1
OTU_97.34380,Throat_1
OTU_97.34382,Right_Retroauricular_crease
OTU_97.34382,Attached_Keratinized_gingiva
OTU_97.34383,Tongue_dorsum
OTU_97.34383,Buccal_mucosa_1
OTU_97.34383,Palatine_Tonsils
OTU_97.34383,Anterior_nares
OTU_97.34389,Right_Retroauricular_crease_1
OTU_97.34389,Supragingival_plaque
OTU_97.34389,Stool_1
OTU_97.3439,Saliva_1
OTU_97.34393,Buccal_mucosa
OTU_97.34393,Hard_palate_1
OTU_97.34393,Anterior_nares_1
OTU_97.34394,Subgingival_plaque
OTU_97.34394,Stool_1
OTU_97.34398,Left_Antecubital_fossa_1
OTU_97.34398,Hard_palate_1
OTU_97.34398,Tongue_dorsum_1
OTU_97.344,Supragingival_plaque_1
OTU_97.344,Buccal_mucosa
OTU_97.344,Stool_1
OTU_97.344,Palatine_Tonsils_1
OTU_97.34400,Stool
OTU_97.34400,Attached_Keratinized_gingiva
OTU_97.34404,Supragingival_plaque
OTU_97.34404,Attached_Keratinized_gingiva_1
OTU_97.34404,Anterior_nares_1
OTU_97.34413,Supragingival_plaque
OTU_97.34413,Right_Retroauricular_crease
OTU_97.34415,Left_Retroauricular_crease_1
OTU_97.34420,Attached_Keratinized_gingiva_1
OTU_97.34420,Palatine_Tonsils_1
OTU_97.34426,Right_Antecubital_fossa
OTU_97.34426,Subgingival_plaque_1
OTU_97.34426,Saliva_1
OTU_97.34426,Throat_1
OTU_97.34431,Left_Antecubital_fossa_1
OTU_97.34431,Stool
OTU_97.34431,Saliva_1
OTU_97.34431,Tongue_dorsum_1
OTU_97.34431,Throat_1
OTU_97.34432,Buccal_mucosa
OTU_97.34432,Palatine_Tonsils_1
OTU_97.34432,Tongue_dorsum_1
OTU_97.34435,Right_Retroauricular_crease_1
OTU_97.34438,Tongue_dorsum_1
OTU_97.34439,Stool
OTU_97.34439,Right_Antecubital_fossa_1
OTU_97.34439,Throat_1
OTU_97.34441,Buccal_mucosa
OTU_97.34441,Right_Antecubital_fossa_1
OTU_97.34444,Tongue_dorsum
OTU_97.34444,Buccal_mucosa
OTU_97.34444,Anterior_nares_1
OTU_97.34445,Left_Antecubital_fossa_1
OTU_97.34445,Throat
OTU_97.34447,Palatine_Tonsils
OTU_97.34450,Tongue_dorsum
OTU_97.34450,Supragingival_plaque_1
OTU_97.34450,Left_Retroauricular_crease
OTU_97.34456,Subgingival_plaque
OTU_97.34456,Attached_Keratinized_gingiva_1
OTU_97.34456,Palatine_Tonsils_1
OTU_97.34458,Supragingival_plaque_1
OTU_97.34458,Saliva
OTU_97.34458,Left_Antecubital_fossa_1
OTU_97.34458,Anterior_nares_1
OTU_97.34460,Supragingival_plaque_1
OTU_97.34460,Right_Retroauricular_crease
OTU_97.34460,Right_Antecubital_fossa_1
OTU_97.34465,Subgingival_plaque_1
OTU_97.34468,Hard_palate
OTU_97.34468,Attached_Keratinized_gingiva
OTU_97.34471,Stool_1
OTU_97.34474,Saliva
OTU_97.34474,Buccal_mucosa_1
OTU_97.34474,Throat
OTU_97.34475,Supragingival_plaque_1
OTU_97.34475,Left_Antecubital_fossa_1
OTU_97.34475,Hard_palate_1
OTU_97.34475,Left_Retroauricular_crease_1
OTU_97.34477,Subgingival_plaque
OTU_97.34477,Buccal_mucosa
OTU_97.34477,Stool_1
OTU_97.34480,Hard_palate
OTU_97.34480,Attached_Keratinized_gingiva
OTU_97.34480,Tongue_dorsum_1
OTU_97.34482,Right_Antecubital_fossa
OTU_97.34482,Attached_Keratinized_gingiva_1
OTU_97.34482,Throat
OTU_97.34482,Attached_Keratinized_gingiva
OTU_97.34484,Left_Retroauricular_crease
OTU_97.34486,Throat_1
OTU_97.34497,Right_Retroauricular_crease_1
OTU_97.34497,Right_Antecubital_fossa
OTU_97.34497,Left_Retroauricular_crease
OTU_97.34497,Attached_Keratinized_gingiva_1
OTU_97.34497,Throat_1
OTU_97.34498,Right_Retroauricular_crease
OTU_97.34498,Left_Retroauricular_crease_1
OTU_97.34501,Buccal_mucosa_1
OTU_97.34501,Stool
OTU_97.34501,Subgingival_plaque_1
OTU_97.34510,Tongue_dorsum_1
OTU_97.34517,Attached_Keratinized_gingiva_1
OTU_97.34517,Tongue_dorsum_1
OTU_97.34517,Anterior_nares_1
OTU_97.34520,Subgingival_plaque
OTU_97.34520,Right_Antecubital_fossa_1
OTU_97.34521,Right_Retroauricular_crease
OTU_97.34521,Buccal_mucosa_1
OTU_97.34522,Supragingival_plaque_1
OTU_97.34522,Left_Retroauricular_crease
OTU_97.34522,Hard_palate
OTU_97.34522,Subgingival_plaque_1
OTU_97.34527,Subgingival_plaque_1
OTU_97.34531,Right_Retroauricular_crease_1
OTU_97.34531,Throat
OTU_97.34531,Anterior_nares_1
OTU_97.34533,Subgingival_plaque
OTU_97.34533,Subgingival_plaque_1
OTU_97.34534,Palatine_Tonsils_1
OTU_97.34534,Throat_1
OTU_97.34536,Right_Retroauricular_crease
OTU_97.34536,Buccal_mucosa_1
OTU_97.34537,Buccal_mucosa
OTU_97.34537,Left_Antecubital_fossa_1
OTU_97.34537,Right_Antecubital_fossa
OTU_97.34537,Subgingival_plaque_1
OTU_97.34537,Throat_1
OTU_97.34538,Supragingival_plaque
OTU_97.34538,Subgingival_plaque_1
OTU_97.34538,Throat_1
OTU_97.34541,Tongue_dorsum
OTU_97.34541,Right_Retroauricular_crease_1
OTU_97.34541,Buccal_mucosa
OTU_97.34541,Saliva
OTU_97.34541,Attached_Keratinized_gingiva_1
OTU_97.34541,Saliva_1
OTU_97.34541,Left_Retroauricular_crease_1
OTU_97.34541,Throat_1
OTU_97.34542,Attached_Keratinized_gingiva_1
OTU_97.34542,Throat
OTU_97.34542,Tongue_dorsum_1
OTU_97.34546,Supragingival_plaque
OTU_97.34549,Buccal_mucosa
OTU_97.34549,Saliva
OTU_97.34549,Left_Retroauricular_crease
OTU_97.34549,Stool_1
OTU_97.34549,Tongue_dorsum_1
OTU_97.34552,Right_Antecubital_fossa
OTU_97.34552,Stool
OTU_97.34553,Hard_palate
OTU_97.34553,Palatine_Tonsils_1
OTU_97.34553,Tongue_dorsum_1
OTU_97.34554,Saliva
OTU_97.34554,Hard_palate
OTU_97.34554,Attached_Keratinized_gingiva
OTU_97.34557,Left_Retroauricular_crease
OTU_97.34557,Attached_Keratinized_gingiva
OTU_97.34559,Buccal_mucosa
OTU_97.34560,Supragingival_plaque_1
OTU_97.34560,Buccal_mucosa_1
OTU_97.34561,Right_Retroauricular_crease_1
OTU_97.34561,Left_Antecubital_fossa_1
OTU_97.34563,Tongue_dorsum
OTU_97.34563,Throat
OTU_97.34564,Hard_palate
OTU_97.34564,Buccal_mucosa_1
OTU_97.34564,Anterior_nares
OTU_97.34565,Subgingival_plaque
OTU_97.34565,Buccal_mucosa
OTU_97.34565,Left_Retroauricular_crease
OTU_97.34565,Hard_palate
OTU_97.34565,Stool
OTU_97.34565,Left_Antecubital_fossa
OTU_97.34566,Hard_palate_1
OTU_97.34566,Buccal_mucosa_1
OTU_97.34566,Tongue_dorsum_1
OTU_97.34568,Tongue_dorsum_1
OTU_97.34571,Saliva
OTU_97.34572,Attached_Keratinized_gingiva
OTU_97.34572,Throat_1
OTU_97.34577,Throat
OTU_97.34577,Left_Antecubital_fossa
OTU_97.34579,Tongue_dorsum
OTU_97.34579,Hard_palate_1
OTU_97.34579,Buccal_mucosa_1
OTU_97.34579,Throat
OTU_97.34580,Left_Retroauricular_crease
OTU_97.34580,Buccal_mucosa_1
OTU_97.34580,Attached_Keratinized_gingiva
OTU_97.34581,Buccal_mucosa
OTU_97.34584,Tongue_dorsum
OTU_97.34584,Subgingival_plaque
OTU_97.34584,Right_Retroauricular_crease
OTU_97.34584,Right_Antecubital_fossa
OTU_97.34584,Left_Retroauricular_crease
OTU_97.34585,Tongue_dorsum
OTU_97.34585,Stool_1
OTU_97.34586,Subgingival_plaque_1
OTU_97.34586,Palatine_Tonsils_1
OTU_97.34587,Right_Retroauricular_crease_1
OTU_97.34587,Throat
OTU_97.34587,Attached_Keratinized_gingiva
OTU_97.34587,Left_Retroauricular_crease_1
OTU_97.34587,Left_Antecubital_fossa
OTU_97.34591,Saliva
OTU_97.34591,Right_Antecubital_fossa_1
OTU_97.34593,Buccal_mucosa
OTU_97.34593,Supragingival_plaque
OTU_97.34595,Left_Antecubital_fossa_1
OTU_97.34596,Supragingival_plaque_1
OTU_97.34596,Saliva_1
OTU_97.34599,Right_Retroauricular_crease_1
OTU_97.34599,Supragingival_plaque_1
OTU_97.34599,Left_Retroauricular_crease
OTU_97.34599,Throat
OTU_97.34600,Buccal_mucosa
OTU_97.34600,Hard_palate
OTU_97.34604,Buccal_mucosa
OTU_97.34604,Left_Antecubital_fossa_1
OTU_97.34604,Attached_Keratinized_gingiva_1
OTU_97.34604,Anterior_nares
OTU_97.34606,Subgingival_plaque
OTU_97.34606,Right_Antecubital_fossa
OTU_97.34609,Right_Antecubital_fossa
OTU_97.34609,Palatine_Tonsils
OTU_97.34611,Right_Retroauricular_crease
OTU_97.34611,Hard_palate
OTU_97.34611,Stool_1
OTU_97.34611,Palatine_Tonsils
OTU_97.34611,Tongue_dorsum_1
OTU_97.34613,Hard_palate_1
OTU_97.34613,Buccal_mucosa_1
OTU_97.34613,Subgingival_plaque_1
OTU_97.34616,Right_Antecubital_fossa
OTU_97.34616,Throat_1
OTU_97.34623,Left_Retroauricular_crease
OTU_97.34623,Buccal_mucosa_1
OTU_97.34624,Subgingival_plaque
OTU_97.34624,Attached_Keratinized_gingiva_1
OTU_97.34624,Buccal_mucosa_1
OTU_97.34626,Saliva
OTU_97.34626,Stool_1
OTU_97.34626,Palatine_Tonsils
OTU_97.34628,Stool
OTU_97.34628,Anterior_nares
OTU_97.3463,Supragingival_plaque_1
OTU_97.3463,Saliva
OTU_97.3463,Anterior_nares
OTU_97.34639,Saliva
OTU_97.34639,Right_Retroauricular_crease
OTU_97.34639,Subgingival_plaque_1
OTU_97.34641,Supragingival_plaque
OTU_97.34641,Hard_palate
OTU_97.34641,Palatine_Tonsils
OTU_97.34643,Buccal_mucosa
OTU_97.34643,Left_Antecubital_fossa_1
OTU_97.34643,Tongue_dorsum_1
OTU_97.34646,Stool_1
OTU_97.34646,Right_Antecubital_fossa_1
OTU_97.34652,Right_Retroauricular_crease
OTU_97.34652,Buccal_mucosa_1
OTU_97.34652,Throat
OTU_97.34652,Anterior_nares
OTU_97.34653,Subgingival_plaque
OTU_97.34655,Supragingival_plaque
OTU_97.34655,Throat
OTU_97.34663,Palatine_Tonsils
OTU_97.34664,Tongue_dorsum
OTU_97.34664,Buccal_mucosa_1
OTU_97.34664,Stool
OTU_97.34666,Left_Antecubital_fossa_1
OTU_97.34666,Throat
OTU_97.34666,Tongue_dorsum_1
OTU_97.34678,Right_Retroauricular_crease_1
OTU_97.34678,Right_Retroauricular_crease
OTU_97.34678,Left_Retroauricular_crease
OTU_97.34678,Subgingival_plaque_1
OTU_97.34678,Palatine_Tonsils
OTU_97.34680,Subgingival_plaque
OTU_97.34680,Saliva_1
OTU_97.34680,Palatine_Tonsils
OTU_97.34680,Anterior_nares_1
OTU_97.34683,Subgingival_plaque
OTU_97.34683,Buccal_mucosa
OTU_97.34683,Right_Antecubital_fossa
OTU_97.34683,Hard_palate_1
OTU_97.34683,Buccal_mucosa_1
OTU_97.34683,Stool_1
OTU_97.34683,Left_Antecubital_fossa
OTU_97.34683,Throat_1
OTU_97.34684,Saliva_1
OTU_97.34684,Left_Antecubital_fossa
OTU_97.34686,Supragingival_plaque_1
OTU_97.34686,Hard_palate
OTU_97.34687,Buccal_mucosa_1
OTU_97.34692,Saliva
OTU_97.34692,Stool
OTU_97.34692,Stool_1
OTU_97.34692,Palatine_Tonsils_1
OTU_97.34692,Left_Antecubital_fossa
OTU_97.34695,Tongue_dorsum
OTU_97.34695,Attached_Keratinized_gingiva_1
OTU_97.34698,Subgingival_plaque
OTU_97.34698,Left_Retroauricular_crease
OTU_97.34698,Throat
OTU_97.34698,Palatine_Tonsils_1
OTU_97.3470,Hard_palate_1
OTU_97.3470,Tongue_dorsum_1
OTU_97.34702,Throat_1
OTU_97.34705,Supragingival_plaque_1
OTU_97.34705,Stool
OTU_97.34705,Subgingival_plaque_1
OTU_97.34705,Tongue_dorsum_1
OTU_97.34706,Supragingival_plaque_1
OTU_97.34706,Tongue_dorsum_1
OTU_97.34706,Right_Antecubital_fossa_1
OTU_97.34709,Buccal_mucosa
OTU_97.34709,Saliva
OTU_97.34709,Saliva_1
OTU_97.34709,Throat_1
OTU_97.34711,Subgingival_plaque
OTU_97.34711,Anterior_nares
OTU_97.34712,Supragingival_plaque_1
OTU_97.34712,Attached_Keratinized_gingiva_1
OTU_97.34714,Hard_palate_1
OTU_97.34714,Saliva_1
OTU_97.34714,Throat
OTU_97.34714,Anterior_nares
OTU_97.34715,Right_Retroauricular_crease_1
OTU_97.34715,Left_Retroauricular_crease
OTU_97.34715,Subgingival_plaque_1
OTU_97.34715,Throat
OTU_97.34715,Tongue_dorsum_1
OTU_97.34716,Tongue_dorsum
OTU_97.34716,Right_Antecubital_fossa
OTU_97.34716,Tongue_dorsum_1
OTU_97.34717,Saliva_1
OTU_97.34717,Right_Antecubital_fossa_1
OTU_97.34720,Right_Retroauricular_crease_1
OTU_97.34720,Attached_Keratinized_gingiva
OTU_97.34723,Supragingival_plaque
OTU_97.34723,Right_Retroauricular_crease
OTU_97.34724,Right_Retroauricular_crease
OTU_97.34724,Left_Retroauricular_crease
OTU_97.34724,Saliva_1
OTU_97.34725,Tongue_dorsum
OTU_97.34725,Subgingival_plaque
OTU_97.34725,Right_Antecubital_fossa
OTU_97.34725,Hard_palate_1
OTU_97.34725,Buccal_mucosa_1
OTU_97.34726,Right_Retroauricular_crease
OTU_97.34726,Stool
OTU_97.34727,Right_Antecubital_fossa
OTU_97.34729,Tongue_dorsum
OTU_97.34729,Subgingival_plaque_1
OTU_97.3473,Subgingival_plaque
OTU_97.3473,Stool_1
OTU_97.3473,Right_Antecubital_fossa_1
OTU_97.34730,Buccal_mucosa_1
OTU_97.34732,Anterior_nares
OTU_97.34736,Buccal_mucosa
OTU_97.34736,Right_Retroauricular_crease
OTU_97.34736,Subgingival_plaque_1
OTU_97.34736,Palatine_Tonsils
OTU_97.34736,Left_Antecubital_fossa
OTU_97.34736,Tongue_dorsum_1
OTU_97.34737,Attached_Keratinized_gingiva_1
OTU_97.34738,Subgingival_plaque
OTU_97.34738,Supragingival_plaque
OTU_97.34738,Palatine_Tonsils
OTU_97.34739,Supragingival_plaque
OTU_97.34739,Right_Antecubital_fossa
OTU_97.34739,Right_Antecubital_fossa_1
OTU_97.34740,Tongue_dorsum
OTU_97.34740,Right_Retroauricular_crease_1
OTU_97.34740,Throat
OTU_97.34745,Supragingival_plaque
OTU_97.34745,Saliva
OTU_97.34747,Saliva
OTU_97.34747,Stool_1
OTU_97.3475,Hard_palate
OTU_97.34750,Saliva_1
OTU_97.34754,Attached_Keratinized_gingiva
OTU_97.34754,Anterior_nares_1
OTU_97.34755,Subgingival_plaque
OTU_97.34755,Right_Retroauricular_crease
OTU_97.34756,Subgingival_plaque
OTU_97.34756,Buccal_mucosa_1
OTU_97.34756,Stool_1
OTU_97.34759,Tongue_dorsum
OTU_97.34759,Right_Antecubital_fossa
OTU_97.34759,Left_Retroauricular_crease
OTU_97.34759,Hard_palate_1
OTU_97.34759,Anterior_nares_1
OTU_97.34763,Hard_palate
OTU_97.34763,Throat
OTU_97.34766,Buccal_mucosa_1
OTU_97.34766,Throat
OTU_97.34766,Right_Antecubital_fossa_1
OTU_97.34772,Left_Antecubital_fossa_1
OTU_97.34772,Buccal_mucosa_1
OTU_97.34772,Palatine_Tonsils
OTU_97.34773,Tongue_dorsum
OTU_97.34773,Palatine_Tonsils
OTU_97.34775,Buccal_mucosa_1
OTU_97.34775,Palatine_Tonsils_1
OTU_97.34775,Left_Antecubital_fossa
OTU_97.34777,Stool
OTU_97.34777,Subgingival_plaque_1
OTU_97.34781,Subgingival_plaque
OTU_97.34781,Subgingival_plaque_1
OTU_97.34781,Palatine_Tonsils_1
OTU_97.34781,Left_Retroauricular_crease_1
OTU_97.34782,Hard_palate_1
OTU_97.34782,Palatine_Tonsils
OTU_97.34782,Attached_Keratinized_gingiva
OTU_97.34782,Palatine_Tonsils_1
OTU_97.34784,Right_Retroauricular_crease_1
OTU_97.34784,Stool_1
OTU_97.34786,Buccal_mucosa
OTU_97.34786,Anterior_nares_1
OTU_97.34787,Right_Antecubital_fossa
OTU_97.34787,Stool
OTU_97.34789,Saliva
OTU_97.34789,Left_Retroauricular_crease_1
OTU_97.3479,Left_Antecubital_fossa_1
OTU_97.3479,Stool_1
OTU_97.3479,Right_Antecubital_fossa_1
OTU_97.34795,Right_Retroauricular_crease
OTU_97.34795,Attached_Keratinized_gingiva_1
OTU_97.34795,Buccal_mucosa_1
OTU_97.34799,Buccal_mucosa_1
OTU_97.34799,Palatine_Tonsils
OTU_97.3480,Left_Retroauricular_crease_1
OTU_97.3480,Anterior_nares
OTU_97.3480,Tongue_dorsum_1
OTU_97.34800,Left_Antecubital_fossa_1
OTU_97.34801,Attached_Keratinized_gingiva_1
OTU_97.34801,Hard_palate_1
OTU_97.34801,Palatine_Tonsils
OTU_97.34802,Attached_Keratinized_gingiva
OTU_97.34803,Attached_Keratinized_gingiva_1
OTU_97.34803,Palatine_Tonsils_1
OTU_97.34806,Saliva
OTU_97.34806,Right_Antecubital_fossa
OTU_97.34806,Stool
OTU_97.34806,Throat_1
OTU_97.34807,Hard_palate
OTU_97.34808,Supragingival_plaque
OTU_97.34810,Right_Antecubital_fossa
OTU_97.34810,Palatine_Tonsils_1
OTU_97.34811,Tongue_dorsum
OTU_97.34811,Supragingival_plaque
OTU_97.34811,Right_Retroauricular_crease
OTU_97.34817,Attached_Keratinized_gingiva
OTU_97.34818,Supragingival_plaque_1
OTU_97.34818,Right_Antecubital_fossa
OTU_97.34821,Right_Retroauricular_crease
OTU_97.34822,Tongue_dorsum
OTU_97.34822,Left_Retroauricular_crease
OTU_97.34824,Hard_palate
OTU_97.34824,Buccal_mucosa_1
OTU_97.34825,Hard_palate_1
OTU_97.34825,Stool_1
OTU_97.34828,Left_Antecubital_fossa
OTU_97.34829,Supragingival_plaque
OTU_97.34830,Buccal_mucosa
OTU_97.34830,Right_Retroauricular_crease
OTU_97.34830,Anterior_nares
OTU_97.34830,Left_Antecubital_fossa
OTU_97.34830,Tongue_dorsum_1
OTU_97.34830,Throat_1
OTU_97.34832,Supragingival_plaque
OTU_97.34832,Left_Retroauricular_crease
OTU_97.34832,Palatine_Tonsils
OTU_97.34832,Right_Antecubital_fossa_1
OTU_97.34836,Tongue_dorsum
OTU_97.34836,Buccal_mucosa
OTU_97.34836,Subgingival_plaque_1
OTU_97.34838,Anterior_nares
OTU_97.34839,Supragingival_plaque_1
OTU_97.34839,Hard_palate
OTU_97.34839,Anterior_nares_1
OTU_97.34842,Buccal_mucosa
OTU_97.34842,Supragingival_plaque
OTU_97.34842,Left_Antecubital_fossa_1
OTU_97.34842,Left_Retroauricular_crease
OTU_97.34842,Attached_Keratinized_gingiva_1
OTU_97.34842,Palatine_Tonsils_1
OTU_97.34843,Right_Antecubital_fossa
OTU_97.34843,Anterior_nares
OTU_97.34844,Stool
OTU_97.34846,Saliva
OTU_97.34846,Throat
OTU_97.34846,Throat_1
OTU_97.34847,Tongue_dorsum
OTU_97.34847,Buccal_mucosa
OTU_97.34847,Hard_palate_1
OTU_97.34847,Stool
OTU_97.34847,Attached_Keratinized_gingiva
OTU_97.34850,Saliva
OTU_97.34850,Throat
OTU_97.34850,Anterior_nares
OTU_97.34851,Right_Antecubital_fossa
OTU_97.34856,Right_Antecubital_fossa
OTU_97.34856,Saliva_1
OTU_97.34856,Throat
OTU_97.34865,Hard_palate_1
OTU_97.34865,Palatine_Tonsils_1
OTU_97.34865,Anterior_nares
OTU_97.34870,Supragingival_plaque_1
OTU_97.34873,Stool
OTU_97.34873,Anterior_nares
OTU_97.34874,Hard_palate
OTU_97.34874,Stool_1
OTU_97.34874,Saliva_1
OTU_97.34874,Left_Retroauricular_crease_1
OTU_97.34875,Right_Retroauricular_crease_1
OTU_97.34875,Stool_1
OTU_97.34876,Left_Retroauricular_crease_1
OTU_97.34876,Anterior_nares
OTU_97.34879,Left_Retroauricular_crease
OTU_97.34879,Palatine_Tonsils_1
OTU_97.34880,Subgingival_plaque
OTU_97.34880,Supragingival_plaque_1
OTU_97.34880,Hard_palate_1
OTU_97.34880,Tongue_dorsum_1
OTU_97.34887,Supragingival_plaque
OTU_97.34887,Saliva_1
OTU_97.34887,Left_Retroauricular_crease_1
OTU_97.34888,Saliva
OTU_97.34889,Right_Retroauricular_crease_1
OTU_97.34889,Right_Antecubital_fossa
OTU_97.34889,Left_Antecubital_fossa
OTU_97.34891,Hard_palate
OTU_97.34891,Buccal_mucosa_1
OTU_97.34891,Attached_Keratinized_gingiva
OTU_97.34891,Anterior_nares
OTU_97.34893,Right_Antecubital_fossa
OTU_97.34893,Attached_Keratinized_gingiva_1
OTU_97.34894,Stool_1
OTU_97.34896,Palatine_Tonsils
OTU_97.34897,Buccal_mucosa
OTU_97.34897,Throat
OTU_97.34897,Anterior_nares_1
OTU_97.34898,Buccal_mucosa
OTU_97.34898,Saliva
OTU_97.3490,Right_Antecubital_fossa
OTU_97.3490,Tongue_dorsum_1
OTU_97.34903,Buccal_mucosa
OTU_97.34903,Right_Antecubital_fossa_1
OTU_97.34904,Right_Retroauricular_crease_1
OTU_97.34904,Left_Antecubital_fossa_1
OTU_97.34904,Palatine_Tonsils
OTU_97.34913,Subgingival_plaque_1
OTU_97.34916,Saliva
OTU_97.34916,Attached_Keratinized_gingiva_1
OTU_97.34916,Throat_1
OTU_97.34918,Buccal_mucosa_1
OTU_97.34918,Throat
OTU_97.34919,Buccal_mucosa
OTU_97.34919,Left_Antecubital_fossa_1
OTU_97.34919,Right_Antecubital_fossa_1
OTU_97.34919,Throat_1
OTU_97.34920,Tongue_dorsum
OTU_97.34920,Buccal_mucosa
OTU_97.34920,Supragingival_plaque
OTU_97.34920,Palatine_Tonsils
OTU_97.34920,Left_Antecubital_fossa
OTU_97.34924,Subgingival_plaque
OTU_97.34924,Attached_Keratinized_gingiva_1
OTU_97.34924,Stool_1
OTU_97.34926,Subgingival_plaque
OTU_97.34927,Supragingival_plaque
OTU_97.34927,Stool_1
OTU_97.34927,Anterior_nares_1
OTU_97.34929,Left_Retroauricular_crease
OTU_97.34929,Subgingival_plaque_1
OTU_97.3493,Left_Retroauricular_crease
OTU_97.34934,Buccal_mucosa
OTU_97.34934,Right_Retroauricular_crease
OTU_97.34934,Palatine_Tonsils_1
OTU_97.34936,Hard_palate
OTU_97.34936,Stool
OTU_97.34936,Saliva_1
OTU_97.34937,Subgingival_plaque
OTU_97.34943,Supragingival_plaque_1
OTU_97.34944,Attached_Keratinized_gingiva
OTU_97.34945,Right_Retroauricular_crease
OTU_97.34945,Subgingival_plaque_1
OTU_97.34945,Saliva_1
OTU_97.34949,Right_Retroauricular_crease_1
OTU_97.34949,Right_Retroauricular_crease
OTU_97.34949,Buccal_mucosa_1
OTU_97.34949,Stool
OTU_97.34949,Anterior_nares
OTU_97.34950,Buccal_mucosa
OTU_97.34950,Right_Antecubital_fossa
OTU_97.34950,Stool
OTU_97.34950,Tongue_dorsum_1
OTU_97.34950,Right_Antecubital_fossa_1
OTU_97.34950,Anterior_nares_1
OTU_97.34954,Right_Retroauricular_crease_1
OTU_97.34954,Saliva
OTU_97.34954,Right_Antecubital_fossa
OTU_97.3496,Left_Retroauricular_crease
OTU_97.3496,Left_Retroauricular_crease_1
OTU_97.34968,Saliva
OTU_97.34968,Left_Antecubital_fossa_1
OTU_97.34968,Saliva_1
OTU_97.3497,Tongue_dorsum
OTU_97.3497,Supragingival_plaque_1
OTU_97.3497,Saliva_1
OTU_97.34971,Left_Retroauricular_crease
OTU_97.34971,Attached_Keratinized_gingiva
OTU_97.34971,Left_Antecubital_fossa
OTU_97.34973,Tongue_dorsum
OTU_97.34976,Attached_Keratinized_gingiva_1
OTU_97.34976,Palatine_Tonsils
OTU_97.34976,Left_Antecubital_fossa
OTU_97.34977,Supragingival_plaque_1
OTU_97.34977,Stool
OTU_97.34978,Left_Antecubital_fossa_1
OTU_97.34978,Attached_Keratinized_gingiva_1
OTU_97.34979,Attached_Keratinized_gingiva_1
OTU_97.34979,Stool_1
OTU_97.3498,Anterior_nares
OTU_97.3498,Tongue_dorsum_1
OTU_97.34982,Left_Retroauricular_crease_1
OTU_97.34982,Anterior_nares_1
OTU_97.34985,Buccal_mucosa
OTU_97.34985,Right_Retroauricular_crease
OTU_97.34985,Hard_palate_1
OTU_97.34985,Subgingival_plaque_1
OTU_97.34993,Right_Retroauricular_crease_1
OTU_97.34993,Left_Antecubital_fossa_1
OTU_97.34994,Attached_Keratinized_gingiva_1
OTU_97.350,Stool_1
OTU_97.35002,Left_Retroauricular_crease
OTU_97.35002,Hard_palate_1
OTU_97.35002,Stool
OTU_97.35002,Attached_Keratinized_gingiva
OTU_97.35002,Left_Retroauricular_crease_1
OTU_97.35003,Buccal_mucosa
OTU_97.35003,Stool_1
OTU_97.35009,Right_Retroauricular_crease
OTU_97.35009,Left_Retroauricular_crease_1
OTU_97.35010,Right_Retroauricular_crease_1
OTU_97.35011,Supragingival_plaque_1
OTU_97.35011,Left_Antecubital_fossa_1
OTU_97.35011,Subgingival_plaque_1
OTU_97.35011,Attached_Keratinized_gingiva
OTU_97.35011,Anterior_nares_1
OTU_97.35012,Supragingival_plaque
OTU_97.35012,Left_Antecubital_fossa_1
OTU_97.35012,Stool_1
OTU_97.35012,Throat
OTU_97.35012,Left_Antecubital_fossa
OTU_97.35014,Anterior_nares
OTU_97.35014,Throat_1
OTU_97.35017,Stool_1
OTU_97.35018,Buccal_mucosa_1
OTU_97.35018,Throat_1
OTU_97.35020,Right_Antecubital_fossa
OTU_97.35020,Left_Retroauricular_crease
OTU_97.35020,Stool
OTU_97.35020,Subgingival_plaque_1
OTU_97.35020,Left_Antecubital_fossa
OTU_97.35021,Throat
OTU_97.35021,Left_Antecubital_fossa
OTU_97.35025,Left_Antecubital_fossa_1
OTU_97.35025,Right_Retroauricular_crease
OTU_97.35025,Anterior_nares_1
OTU_97.35027,Saliva
OTU_97.35029,Supragingival_plaque_1
OTU_97.35029,Saliva
OTU_97.35029,Right_Antecubital_fossa
OTU_97.35036,Stool
OTU_97.35036,Left_Antecubital_fossa
OTU_97.35038,Throat
OTU_97.3504,Tongue_dorsum
OTU_97.3504,Buccal_mucosa_1
OTU_97.3504,Attached_Keratinized_gingiva
OTU_97.3504,Throat_1
OTU_97.35040,Buccal_mucosa
OTU_97.35040,Attached_Keratinized_gingiva_1
OTU_97.35040,Stool
OTU_97.35041,Attached_Keratinized_gingiva_1
OTU_97.35041,Subgingival_plaque_1
OTU_97.35041,Palatine_Tonsils_1
OTU_97.35048,Saliva_1
OTU_97.3505,Saliva
OTU_97.35057,Buccal_mucosa
OTU_97.35057,Right_Antecubital_fossa
OTU_97.35057,Stool_1
OTU_97.35058,Left_Antecubital_fossa_1
OTU_97.35058,Attached_Keratinized_gingiva
OTU_97.35058,Left_Antecubital_fossa
OTU_97.35059,Saliva
OTU_97.35059,Hard_palate
OTU_97.35059,Attached_Keratinized_gingiva
OTU_97.35059,Throat_1
OTU_97.35059,Anterior_nares_1
OTU_97.35061,Saliva
OTU_97.35061,Left_Retroauricular_crease_1
OTU_97.35061,Throat_1
OTU_97.35067,Stool_1
OTU_97.35067,Right_Antecubital_fossa_1
OTU_97.3507,Supragingival_plaque
OTU_97.3507,Palatine_Tonsils_1
OTU_97.35077,Supragingival_plaque_1
OTU_97.35077,Buccal_mucosa_1
OTU_97.35077,Left_Antecubital_fossa
OTU_97.35081,Supragingival_plaque
OTU_97.35081,Saliva
OTU_97.35081,Throat
OTU_97.35081,Palatine_Tonsils_1
OTU_97.35082,Right_Retroauricular_crease_1
OTU_97.35082,Anterior_nares
OTU_97.35083,Supragingival_plaque
OTU_97.35086,Buccal_mucosa_1
OTU_97.35086,Saliva_1
OTU_97.35087,Subgingival_plaque
OTU_97.35087,Stool_1
OTU_97.35087,Left_Retroauricular_crease_1
OTU_97.35088,Right_Retroauricular_crease_1
OTU_97.35088,Palatine_Tonsils
OTU_97.35088,Anterior_nares
OTU_97.35088,Anterior_nares_1
OTU_97.3509,Saliva_1
OTU_97.35090,Left_Antecubital_fossa
OTU_97.35092,Buccal_mucosa
OTU_97.35092,Attached_Keratinized_gingiva_1
OTU_97.35092,Anterior_nares_1
OTU_97.35097,Buccal_mucosa
OTU_97.35097,Right_Retroauricular_crease
OTU_97.35097,Hard_palate
OTU_97.35097,Buccal_mucosa_1
OTU_97.35098,Palatine_Tonsils_1
OTU_97.35098,Tongue_dorsum_1
OTU_97.35100,Supragingival_plaque
OTU_97.35100,Hard_palate_1
OTU_97.35102,Left_Antecubital_fossa_1
OTU_97.35102,Attached_Keratinized_gingiva_1
OTU_97.35102,Hard_palate
OTU_97.35102,Palatine_Tonsils_1
OTU_97.35102,Left_Retroauricular_crease_1
OTU_97.35102,Anterior_nares
OTU_97.35102,Throat_1
OTU_97.35103,Right_Retroauricular_crease
OTU_97.35105,Right_Retroauricular_crease
OTU_97.35105,Saliva_1
OTU_97.35109,Saliva_1
OTU_97.35109,Palatine_Tonsils_1
OTU_97.35109,Throat_1
OTU_97.35113,Saliva
OTU_97.35113,Left_Antecubital_fossa_1
OTU_97.35113,Palatine_Tonsils
OTU_97.35116,Subgingival_plaque
OTU_97.35116,Saliva
OTU_97.35116,Hard_palate
OTU_97.35116,Palatine_Tonsils
OTU_97.35119,Subgingival_plaque
OTU_97.35119,Right_Retroauricular_crease
OTU_97.35119,Hard_palate
OTU_97.35120,Supragingival_plaque
OTU_97.35120,Right_Retroauricular_crease
OTU_97.35120,Left_Retroauricular_crease
OTU_97.35120,Throat_1
OTU_97.35124,Supragingival_plaque
OTU_97.35124,Right_Retroauricular_crease
OTU_97.35124,Anterior_nares
OTU_97.35127,Buccal_mucosa
OTU_97.35127,Supragingival_plaque
OTU_97.35127,Left_Antecubital_fossa_1
OTU_97.35127,Attached_Keratinized_gingiva_1
OTU_97.35130,Throat
OTU_97.35134,Attached_Keratinized_gingiva_1
OTU_97.35135,Saliva
OTU_97.35135,Subgingival_plaque_1
OTU_97.35135,Tongue_dorsum_1
OTU_97.35136,Palatine_Tonsils
OTU_97.35144,Right_Retroauricular_crease
OTU_97.35144,Buccal_mucosa_1
OTU_97.35144,Stool_1
OTU_97.35144,Throat
OTU_97.35145,Buccal_mucosa_1
OTU_97.35145,Anterior_nares_1
OTU_97.35154,Tongue_dorsum
OTU_97.35154,Buccal_mucosa_1
OTU_97.35154,Attached_Keratinized_gingiva
OTU_97.35155,Buccal_mucosa
OTU_97.35155,Buccal_mucosa_1
OTU_97.35155,Tongue_dorsum_1
OTU_97.35159,Hard_palate
OTU_97.35159,Stool
OTU_97.35159,Anterior_nares
OTU_97.35159,Throat_1
OTU_97.3516,Saliva
OTU_97.3516,Left_Retroauricular_crease_1
OTU_97.3516,Anterior_nares
OTU_97.35161,Hard_palate_1
OTU_97.35161,Stool_1
OTU_97.35161,Anterior_nares
OTU_97.35162,Palatine_Tonsils
OTU_97.35162,Anterior_nares
OTU_97.35164,Hard_palate
OTU_97.35165,Left_Retroauricular_crease
OTU_97.35165,Palatine_Tonsils_1
OTU_97.35165,Anterior_nares
OTU_97.3517,Supragingival_plaque
OTU_97.3517,Hard_palate
OTU_97.35170,Supragingival_plaque
OTU_97.35170,Left_Retroauricular_crease
OTU_97.35170,Stool_1
OTU_97.35170,Subgingival_plaque_1
OTU_97.35170,Saliva_1
OTU_97.35170,Throat_1
OTU_97.35171,Saliva
OTU_97.35173,Subgingival_plaque
OTU_97.35173,Tongue_dorsum_1
OTU_97.35174,Buccal_mucosa_1
OTU_97.35181,Supragingival_plaque_1
OTU_97.35181,Left_Antecubital_fossa_1
OTU_97.35182,Throat_1
OTU_97.35182,Anterior_nares_1
OTU_97.35184,Right_Retroauricular_crease_1
OTU_97.35184,Palatine_Tonsils_1
OTU_97.35184,Anterior_nares_1
OTU_97.35185,Right_Retroauricular_crease_1
OTU_97.35185,Buccal_mucosa
OTU_97.35185,Supragingival_plaque
OTU_97.35185,Saliva
OTU_97.35185,Subgingival_plaque_1
OTU_97.35189,Right_Retroauricular_crease_1
OTU_97.35189,Right_Retroauricular_crease
OTU_97.3519,Palatine_Tonsils
OTU_97.35192,Subgingival_plaque
OTU_97.35192,Anterior_nares_1
OTU_97.35193,Tongue_dorsum
OTU_97.35195,Right_Retroauricular_crease
OTU_97.35195,Hard_palate_1
OTU_97.35197,Subgingival_plaque
OTU_97.35197,Buccal_mucosa
OTU_97.35197,Saliva_1
OTU_97.35197,Attached_Keratinized_gingiva
OTU_97.35200,Saliva
OTU_97.35200,Subgingival_plaque_1
OTU_97.35201,Saliva
OTU_97.35201,Palatine_Tonsils_1
OTU_97.35202,Right_Retroauricular_crease
OTU_97.35202,Palatine_Tonsils
OTU_97.35207,Right_Retroauricular_crease_1
OTU_97.35207,Left_Antecubital_fossa_1
OTU_97.35207,Attached_Keratinized_gingiva
OTU_97.35208,Stool
OTU_97.35210,Right_Retroauricular_crease_1
OTU_97.35210,Supragingival_plaque
OTU_97.35210,Palatine_Tonsils_1
OTU_97.35214,Attached_Keratinized_gingiva
OTU_97.35214,Palatine_Tonsils_1
OTU_97.35215,Supragingival_plaque
OTU_97.35215,Hard_palate
OTU_97.35215,Stool_1
OTU_97.3522,Buccal_mucosa
OTU_97.35220,Subgingival_plaque
OTU_97.35220,Buccal_mucosa
OTU_97.35220,Left_Antecubital_fossa_1
OTU_97.35220,Anterior_nares
OTU_97.35221,Saliva
OTU_97.35221,Left_Antecubital_fossa_1
OTU_97.35221,Throat
OTU_97.35221,Right_Antecubital_fossa_1
OTU_97.35223,Tongue_dorsum
OTU_97.35223,Buccal_mucosa_1
OTU_97.35223,Palatine_Tonsils
OTU_97.35223,Left_Retroauricular_crease_1
OTU_97.35231,Buccal_mucosa
OTU_97.35231,Left_Antecubital_fossa_1
OTU_97.35231,Palatine_Tonsils_1
OTU_97.3524,Left_Antecubital_fossa_1
OTU_97.35242,Attached_Keratinized_gingiva_1
OTU_97.35242,Saliva_1
OTU_97.35245,Saliva
OTU_97.35245,Stool_1
OTU_97.35245,Subgingival_plaque_1
OTU_97.35245,Right_Antecubital_fossa_1
OTU_97.35249,Subgingival_plaque
OTU_97.35249,Saliva
OTU_97.35249,Left_Antecubital_fossa_1
OTU_97.35249,Right_Retroauricular_crease
OTU_97.35249,Right_Antecubital_fossa_1
OTU_97.35252,Tongue_dorsum
OTU_97.35252,Supragingival_plaque
OTU_97.35252,Right_Antecubital_fossa
OTU_97.35252,Palatine_Tonsils_1
OTU_97.3526,Supragingival_plaque_1
OTU_97.3526,Right_Antecubital_fossa
OTU_97.3526,Left_Retroauricular_crease
OTU_97.35261,Subgingival_plaque
OTU_97.35261,Attached_Keratinized_gingiva
OTU_97.35261,Palatine_Tonsils_1
OTU_97.35261,Anterior_nares
OTU_97.35267,Supragingival_plaque_1
OTU_97.35267,Right_Antecubital_fossa
OTU_97.35267,Hard_palate_1
OTU_97.3527,Palatine_Tonsils_1
OTU_97.3527,Left_Antecubital_fossa
OTU_97.35284,Right_Retroauricular_crease_1
OTU_97.35284,Left_Antecubital_fossa_1
OTU_97.35284,Hard_palate_1
OTU_97.35284,Subgingival_plaque_1
OTU_97.35284,Left_Retroauricular_crease_1
OTU_97.35284,Anterior_nares
OTU_97.35290,Right_Antecubital_fossa
OTU_97.35290,Left_Retroauricular_crease
OTU_97.35297,Stool_1
OTU_97.35297,Subgingival_plaque_1
OTU_97.35297,Throat
OTU_97.353,Saliva_1
OTU_97.353,Palatine_Tonsils
OTU_97.353,Attached_Keratinized_gingiva
OTU_97.353,Throat_1
OTU_97.35302,Attached_Keratinized_gingiva_1
OTU_97.35302,Tongue_dorsum_1
OTU_97.35309,Anterior_nares
OTU_97.35310,Buccal_mucosa
OTU_97.35310,Stool
OTU_97.35311,Supragingival_plaque
OTU_97.35311,Right_Antecubital_fossa
OTU_97.35313,Right_Retroauricular_crease
OTU_97.35313,Hard_palate_1
OTU_97.35313,Buccal_mucosa_1
OTU_97.35320,Stool
OTU_97.35320,Saliva_1
OTU_97.35320,Palatine_Tonsils_1
OTU_97.35324,Subgingival_plaque
OTU_97.35324,Hard_palate
OTU_97.35324,Palatine_Tonsils_1
OTU_97.35324,Left_Retroauricular_crease_1
OTU_97.35324,Left_Antecubital_fossa
OTU_97.35328,Hard_palate
OTU_97.35328,Stool
OTU_97.35328,Left_Retroauricular_crease_1
OTU_97.3533,Attached_Keratinized_gingiva_1
OTU_97.3533,Hard_palate_1
OTU_97.3533,Left_Retroauricular_crease_1
OTU_97.3533,Throat_1
OTU_97.3533,Anterior_nares_1
OTU_97.35337,Saliva
OTU_97.35337,Palatine_Tonsils_1
OTU_97.35338,Right_Antecubital_fossa_1
OTU_97.35342,Hard_palate_1
OTU_97.35342,Stool_1
OTU_97.35347,Subgingival_plaque_1
OTU_97.35347,Tongue_dorsum_1
OTU_97.35351,Attached_Keratinized_gingiva_1
OTU_97.35351,Stool
OTU_97.35351,Throat_1
OTU_97.35352,Left_Antecubital_fossa
OTU_97.35354,Buccal_mucosa
OTU_97.35354,Attached_Keratinized_gingiva_1
OTU_97.35359,Tongue_dorsum
OTU_97.35359,Palatine_Tonsils_1
OTU_97.35359,Throat_1
OTU_97.35359,Anterior_nares_1
OTU_97.35364,Right_Retroauricular_crease_1
OTU_97.35364,Throat
OTU_97.35364,Left_Antecubital_fossa
OTU_97.35364,Right_Antecubital_fossa_1
OTU_97.35366,Throat
OTU_97.35366,Right_Antecubital_fossa_1
OTU_97.35367,Left_Retroauricular_crease_1
OTU_97.35368,Hard_palate_1
OTU_97.35368,Palatine_Tonsils
OTU_97.35370,Right_Retroauricular_crease
OTU_97.35370,Palatine_Tonsils
OTU_97.35376,Stool
OTU_97.35376,Stool_1
OTU_97.35386,Palatine_Tonsils
OTU_97.35386,Left_Antecubital_fossa
OTU_97.35392,Supragingival_plaque
OTU_97.35392,Saliva
OTU_97.35392,Attached_Keratinized_gingiva
OTU_97.35392,Right_Antecubital_fossa_1
OTU_97.35394,Subgingival_plaque
OTU_97.35394,Left_Antecubital_fossa
OTU_97.35394,Throat_1
OTU_97.35398,Right_Retroauricular_crease_1
OTU_97.35398,Supragingival_plaque
OTU_97.35398,Saliva
OTU_97.35398,Right_Antecubital_fossa
OTU_97.35398,Buccal_mucosa_1
OTU_97.354,Tongue_dorsum
OTU_97.354,Hard_palate
OTU_97.354,Stool_1
OTU_97.354,Anterior_nares
OTU_97.35400,Left_Antecubital_fossa_1
OTU_97.35400,Throat
OTU_97.35407,Hard_palate
OTU_97.35407,Left_Retroauricular_crease_1
OTU_97.35408,Right_Retroauricular_crease_1
OTU_97.35408,Saliva
OTU_97.35408,Hard_palate
OTU_97.35408,Subgingival_plaque_1
OTU_97.35411,Saliva
OTU_97.35411,Subgingival_plaque_1
OTU_97.35411,Saliva_1
OTU_97.3542,Hard_palate
OTU_97.3542,Buccal_mucosa_1
OTU_97.3542,Saliva_1
OTU_97.35422,Right_Retroauricular_crease_1
OTU_97.35422,Right_Antecubital_fossa
OTU_97.35422,Buccal_mucosa_1
OTU_97.35426,Attached_Keratinized_gingiva_1
OTU_97.35426,Attached_Keratinized_gingiva
OTU_97.35432,Right_Retroauricular_crease
OTU_97.35432,Left_Retroauricular_crease_1
OTU_97.35436,Buccal_mucosa
OTU_97.35436,Attached_Keratinized_gingiva_1
OTU_97.35436,Stool_1
OTU_97.35436,Left_Antecubital_fossa
OTU_97.35436,Right_Antecubital_fossa_1
OTU_97.3544,Tongue_dorsum
OTU_97.3544,Attached_Keratinized_gingiva_1
OTU_97.35442,Tongue_dorsum
OTU_97.35442,Hard_palate
OTU_97.35442,Stool_1
OTU_97.35446,Saliva_1
OTU_97.35449,Supragingival_plaque_1
OTU_97.35455,Supragingival_plaque_1
OTU_97.35455,Buccal_mucosa
OTU_97.35456,Left_Retroauricular_crease
OTU_97.35456,Throat_1
OTU_97.35465,Left_Antecubital_fossa_1
OTU_97.35465,Buccal_mucosa_1
OTU_97.35465,Saliva_1
OTU_97.35465,Left_Antecubital_fossa
OTU_97.35467,Saliva
OTU_97.35467,Left_Retroauricular_crease
OTU_97.35467,Palatine_Tonsils
OTU_97.35471,Left_Retroauricular_crease
OTU_97.35471,Subgingival_plaque_1
OTU_97.35471,Left_Retroauricular_crease_1
OTU_97.35471,Anterior_nares
OTU_97.35471,Anterior_nares_1
OTU_97.35477,Palatine_Tonsils
OTU_97.35477,Left_Antecubital_fossa
OTU_97.35477,Anterior_nares_1
OTU_97.35478,Buccal_mucosa
OTU_97.35478,Left_Antecubital_fossa_1
OTU_97.35478,Anterior_nares_1
OTU_97.35480,Right_Retroauricular_crease_1
OTU_97.35482,Tongue_dorsum
OTU_97.35482,Right_Retroauricular_crease
OTU_97.35482,Tongue_dorsum_1
OTU_97.35484,Stool_1
OTU_97.35484,Subgingival_plaque_1
OTU_97.35490,Palatine_Tonsils
OTU_97.35490,Left_Retroauricular_crease_1
OTU_97.35499,Supragingival_plaque_1
OTU_97.35499,Subgingival_plaque_1
OTU_97.3550,Right_Retroauricular_crease_1
OTU_97.3550,Supragingival_plaque_1
OTU_97.3550,Palatine_Tonsils_1
OTU_97.35501,Right_Antecubital_fossa_1
OTU_97.35511,Hard_palate_1
OTU_97.35511,Throat_1
OTU_97.35514,Saliva
OTU_97.35514,Left_Antecubital_fossa_1
OTU_97.35514,Throat
OTU_97.35514,Anterior_nares_1
OTU_97.35517,Right_Retroauricular_crease
OTU_97.35517,Stool_1
OTU_97.35517,Left_Retroauricular_crease_1
OTU_97.35517,Right_Antecubital_fossa_1
OTU_97.3552,Palatine_Tonsils_1
OTU_97.35520,Saliva
OTU_97.35520,Hard_palate_1
OTU_97.35520,Throat
OTU_97.35528,Right_Retroauricular_crease_1
OTU_97.35528,Left_Retroauricular_crease
OTU_97.35528,Palatine_Tonsils_1
OTU_97.3553,Saliva
OTU_97.3553,Anterior_nares
OTU_97.35534,Buccal_mucosa
OTU_97.35534,Attached_Keratinized_gingiva_1
OTU_97.35536,Supragingival_plaque
OTU_97.35536,Left_Antecubital_fossa_1
OTU_97.35536,Attached_Keratinized_gingiva_1
OTU_97.35536,Throat
OTU_97.35549,Stool_1
OTU_97.35549,Left_Retroauricular_crease_1
OTU_97.35549,Left_Antecubital_fossa
OTU_97.35551,Tongue_dorsum
OTU_97.35551,Right_Antecubital_fossa_1
OTU_97.35551,Anterior_nares_1
OTU_97.35552,Left_Retroauricular_crease_1
OTU_97.35554,Tongue_dorsum
OTU_97.35554,Hard_palate_1
OTU_97.35554,Anterior_nares_1
OTU_97.35559,Tongue_dorsum
OTU_97.35559,Subgingival_plaque_1
OTU_97.35559,Palatine_Tonsils
OTU_97.35559,Right_Antecubital_fossa_1
OTU_97.35559,Throat_1
OTU_97.35564,Stool
OTU_97.35570,Right_Antecubital_fossa
OTU_97.35575,Subgingival_plaque
OTU_97.35575,Supragingival_plaque_1
OTU_97.35575,Buccal_mucosa
OTU_97.35575,Supragingival_plaque
OTU_97.35575,Left_Antecubital_fossa_1
OTU_97.35575,Right_Antecubital_fossa
OTU_97.35575,Hard_palate_1
OTU_97.35575,Anterior_nares_1
OTU_97.35576,Saliva
OTU_97.35579,Buccal_mucosa
OTU_97.35579,Hard_palate_1
OTU_97.35585,Buccal_mucosa_1
OTU_97.3559,Tongue_dorsum
OTU_97.3559,Right_Antecubital_fossa
OTU_97.3559,Buccal_mucosa_1
OTU_97.35593,Supragingival_plaque
OTU_97.35593,Hard_palate_1
OTU_97.35593,Stool_1
OTU_97.35593,Throat
OTU_97.35593,Left_Antecubital_fossa
OTU_97.35597,Right_Antecubital_fossa_1
OTU_97.356,Subgingival_plaque_1
OTU_97.35604,Supragingival_plaque
OTU_97.35611,Buccal_mucosa
OTU_97.35611,Tongue_dorsum_1
OTU_97.35613,Tongue_dorsum
OTU_97.35613,Buccal_mucosa
OTU_97.35613,Attached_Keratinized_gingiva_1
OTU_97.35613,Left_Retroauricular_crease_1
OTU_97.35613,Anterior_nares_1
OTU_97.35619,Attached_Keratinized_gingiva_1
OTU_97.35619,Left_Antecubital_fossa
OTU_97.3562,Subgingival_plaque
OTU_97.3562,Supragingival_plaque_1
OTU_97.3562,Stool_1
OTU_97.3562,Attached_Keratinized_gingiva
OTU_97.35623,Hard_palate_1
OTU_97.35623,Stool
OTU_97.35623,Anterior_nares
OTU_97.35623,Tongue_dorsum_1
OTU_97.35628,Supragingival_plaque
OTU_97.35628,Left_Antecubital_fossa
OTU_97.35628,Anterior_nares_1
OTU_97.35638,Supragingival_plaque_1
OTU_97.35642,Supragingival_plaque_1
OTU_97.35642,Stool
OTU_97.35645,Saliva
OTU_97.35645,Hard_palate_1
OTU_97.35645,Right_Antecubital_fossa_1
OTU_97.35656,Supragingival_plaque
OTU_97.35656,Hard_palate_1
OTU_97.35657,Right_Retroauricular_crease_1
OTU_97.35657,Subgingival_plaque_1
OTU_97.35657,Anterior_nares_1
OTU_97.35665,Hard_palate
OTU_97.35665,Stool
OTU_97.35665,Palatine_Tonsils
OTU_97.35669,Tongue_dorsum
OTU_97.35669,Anterior_nares_1
OTU_97.35672,Buccal_mucosa_1
OTU_97.35685,Hard_palate
OTU_97.35693,Right_Antecubital_fossa
OTU_97.357,Saliva_1
OTU_97.357,Throat
OTU_97.35700,Buccal_mucosa
OTU_97.35700,Supragingival_plaque
OTU_97.35700,Left_Antecubital_fossa
OTU_97.35700,Tongue_dorsum_1
OTU_97.35708,Tongue_dorsum_1
OTU_97.35711,Supragingival_plaque_1
OTU_97.35711,Hard_palate
OTU_97.35711,Left_Retroauricular_crease_1
OTU_97.35711,Anterior_nares
OTU_97.35712,Buccal_mucosa
OTU_97.35712,Anterior_nares
OTU_97.35714,Right_Retroauricular_crease_1
OTU_97.35714,Stool
OTU_97.35714,Attached_Keratinized_gingiva
OTU_97.35725,Palatine_Tonsils
OTU_97.35725,Anterior_nares_1
OTU_97.35726,Saliva_1
OTU_97.35726,Attached_Keratinized_gingiva
OTU_97.35727,Hard_palate
OTU_97.35727,Saliva_1
OTU_97.35727,Palatine_Tonsils_1
OTU_97.35740,Attached_Keratinized_gingiva
OTU_97.35740,Left_Retroauricular_crease_1
OTU_97.35740,Tongue_dorsum_1
OTU_97.35742,Supragingival_plaque
OTU_97.35745,Left_Antecubital_fossa_1
OTU_97.35745,Right_Retroauricular_crease
OTU_97.35745,Anterior_nares_1
OTU_97.35751,Right_Retroauricular_crease_1
OTU_97.35751,Buccal_mucosa
OTU_97.35756,Palatine_Tonsils
OTU_97.35756,Palatine_Tonsils_1
OTU_97.35756,Anterior_nares_1
OTU_97.3576,Saliva_1
OTU_97.3576,Left_Retroauricular_crease_1
OTU_97.35763,Right_Retroauricular_crease_1
OTU_97.35763,Throat
OTU_97.35768,Buccal_mucosa_1
OTU_97.35768,Palatine_Tonsils
OTU_97.35768,Attached_Keratinized_gingiva
OTU_97.35768,Anterior_nares_1
OTU_97.3577,Supragingival_plaque
OTU_97.35770,Stool_1
OTU_97.35770,Throat
OTU_97.35776,Hard_palate_1
OTU_97.35776,Attached_Keratinized_gingiva
OTU_97.35779,Tongue_dorsum
OTU_97.35779,Right_Retroauricular_crease
OTU_97.3578,Subgingival_plaque
OTU_97.3578,Buccal_mucosa
OTU_97.3578,Saliva_1
OTU_97.3578,Tongue_dorsum_1
OTU_97.35781,Attached_Keratinized_gingiva_1
OTU_97.35781,Attached_Keratinized_gingiva
OTU_97.35781,Left_Retroauricular_crease_1
OTU_97.35789,Right_Antecubital_fossa
OTU_97.35789,Hard_palate_1
OTU_97.35789,Buccal_mucosa_1
OTU_97.35790,Palatine_Tonsils_1
OTU_97.35790,Left_Retroauricular_crease_1
OTU_97.35793,Saliva
OTU_97.35793,Right_Antecubital_fossa_1
OTU_97.35794,Left_Retroauricular_crease
OTU_97.35794,Anterior_nares
OTU_97.35798,Right_Antecubital_fossa
OTU_97.35798,Attached_Keratinized_gingiva
OTU_97.3580,Right_Retroauricular_crease
OTU_97.35804,Left_Retroauricular_crease_1
OTU_97.35804,Left_Antecubital_fossa
OTU_97.35804,Throat_1
OTU_97.3581,Tongue_dorsum_1
OTU_97.35811,Hard_palate_1
OTU_97.35811,Saliva_1
OTU_97.35811,Right_Antecubital_fossa_1
OTU_97.35814,Left_Retroauricular_crease_1
OTU_97.35815,Subgingival_plaque
OTU_97.35824,Palatine_Tonsils
OTU_97.35824,Palatine_Tonsils_1
OTU_97.35824,Anterior_nares
OTU_97.35832,Tongue_dorsum_1
OTU_97.35833,Throat
OTU_97.35833,Tongue_dorsum_1
OTU_97.35837,Stool
OTU_97.35843,Attached_Keratinized_gingiva_1
OTU_97.35843,Anterior_nares
OTU_97.35847,Left_Retroauricular_crease
OTU_97.35848,Palatine_Tonsils_1
OTU_97.35848,Anterior_nares
OTU_97.35848,Left_Antecubital_fossa
OTU_97.35849,Buccal_mucosa_1
OTU_97.35849,Anterior_nares_1
OTU_97.35854,Supragingival_plaque_1
OTU_97.35854,Left_Retroauricular_crease
OTU_97.35854,Saliva_1
OTU_97.35854,Anterior_nares_1
OTU_97.35855,Supragingival_plaque
OTU_97.35855,Saliva
OTU_97.35855,Attached_Keratinized_gingiva_1
OTU_97.35856,Left_Antecubital_fossa
OTU_97.35857,Saliva
OTU_97.35857,Hard_palate_1
OTU_97.35859,Subgingival_plaque_1
OTU_97.3586,Buccal_mucosa_1
OTU_97.3586,Attached_Keratinized_gingiva
OTU_97.3586,Tongue_dorsum_1
OTU_97.35861,Right_Retroauricular_crease_1
OTU_97.35861,Saliva_1
OTU_97.35861,Left_Antecubital_fossa
OTU_97.35864,Attached_Keratinized_gingiva
OTU_97.35864,Palatine_Tonsils_1
OTU_97.35865,Subgingival_plaque_1
OTU_97.35879,Buccal_mucosa
OTU_97.35879,Stool_1
OTU_97.35879,Palatine_Tonsils
OTU_97.3588,Right_Retroauricular_crease
OTU_97.3588,Subgingival_plaque_1
OTU_97.3588,Palatine_Tonsils
OTU_97.3588,Throat
OTU_97.35888,Right_Antecubital_fossa
OTU_97.35888,Attached_Keratinized_gingiva_1
OTU_97.35888,Stool
OTU_97.35888,Palatine_Tonsils
OTU_97.35888,Palatine_Tonsils_1
OTU_97.35896,Stool
OTU_97.35896,Anterior_nares_1
OTU_97.3590,Hard_palate_1
OTU_97.3590,Subgingival_plaque_1
OTU_97.35902,Right_Retroauricular_crease_1
OTU_97.35902,Saliva
OTU_97.35902,Throat
OTU_97.35902,Left_Retroauricular_crease_1
OTU_97.35905,Left_Antecubital_fossa
OTU_97.35908,Stool
OTU_97.35908,Right_Antecubital_fossa_1
OTU_97.35910,Supragingival_plaque_1
OTU_97.35910,Subgingival_plaque_1
OTU_97.35910,Saliva_1
OTU_97.35910,Palatine_Tonsils
OTU_97.35911,Right_Retroauricular_crease_1
OTU_97.35911,Saliva
OTU_97.35911,Left_Antecubital_fossa_1
OTU_97.35912,Right_Retroauricular_crease_1
OTU_97.35912,Throat_1
OTU_97.35912,Anterior_nares_1
OTU_97.35913,Left_Retroauricular_crease
OTU_97.35913,Anterior_nares_1
OTU_97.35915,Hard_palate
OTU_97.35915,Tongue_dorsum_1
OTU_97.35915,Right_Antecubital_fossa_1
OTU_97.35915,Throat_1
OTU_97.35920,Left_Retroauricular_crease_1
OTU_97.35920,Tongue_dorsum_1
OTU_97.35921,Buccal_mucosa
OTU_97.35921,Left_Retroauricular_crease
OTU_97.35921,Anterior_nares_1
OTU_97.35922,Left_Antecubital_fossa_1
OTU_97.35922,Stool
OTU_97.35922,Saliva_1
OTU_97.35922,Left_Retroauricular_crease_1
OTU_97.35922,Tongue_dorsum_1
OTU_97.35924,Supragingival_plaque_1
OTU_97.35924,Left_Retroauricular_crease
OTU_97.35925,Right_Antecubital_fossa
OTU_97.35925,Saliva_1
OTU_97.35927,Supragingival_plaque
OTU_97.35927,Buccal_mucosa_1
OTU_97.35927,Stool_1
OTU_97.35927,Throat_1
OTU_97.35938,Tongue_dorsum
OTU_97.35938,Stool
OTU_97.3594,Saliva
OTU_97.3594,Attached_Keratinized_gingiva_1
OTU_97.35940,Supragingival_plaque_1
OTU_97.35940,Left_Antecubital_fossa
OTU_97.35941,Left_Antecubital_fossa
OTU_97.35941,Tongue_dorsum_1
OTU_97.35945,Buccal_mucosa
OTU_97.35945,Anterior_nares
OTU_97.35946,Stool_1
OTU_97.35947,Stool_1
OTU_97.35947,Saliva_1
OTU_97.35947,Attached_Keratinized_gingiva
OTU_97.35947,Palatine_Tonsils_1
OTU_97.35952,Subgingival_plaque_1
OTU_97.35952,Saliva_1
OTU_97.35952,Anterior_nares_1
OTU_97.35954,Buccal_mucosa
OTU_97.35954,Stool
OTU_97.35956,Buccal_mucosa_1
OTU_97.3596,Tongue_dorsum
OTU_97.3596,Throat
OTU_97.35960,Hard_palate
OTU_97.35960,Buccal_mucosa_1
OTU_97.35960,Attached_Keratinized_gingiva
OTU_97.35963,Tongue_dorsum
OTU_97.35963,Right_Antecubital_fossa
OTU_97.35963,Buccal_mucosa_1
OTU_97.35964,Hard_palate_1
OTU_97.35964,Throat_1
OTU_97.35965,Right_Retroauricular_crease_1
OTU_97.35965,Attached_Keratinized_gingiva
OTU_97.35965,Left_Retroauricular_crease_1
OTU_97.35967,Tongue_dorsum
OTU_97.35967,Left_Antecubital_fossa_1
OTU_97.35967,Attached_Keratinized_gingiva_1
OTU_97.35970,Buccal_mucosa_1
OTU_97.35970,Throat
OTU_97.35973,Tongue_dorsum
OTU_97.35973,Left_Retroauricular_crease
OTU_97.35973,Stool_1
OTU_97.35988,Hard_palate
OTU_97.35988,Anterior_nares
OTU_97.3599,Throat
OTU_97.35992,Supragingival_plaque
OTU_97.35993,Palatine_Tonsils_1
OTU_97.35993,Tongue_dorsum_1
OTU_97.35995,Hard_palate
OTU_97.35995,Throat_1
OTU_97.35999,Buccal_mucosa
OTU_97.35999,Left_Retroauricular_crease
OTU_97.35999,Attached_Keratinized_gingiva_1
OTU_97.35999,Stool
OTU_97.35999,Anterior_nares
OTU_97.35999,Throat_1
OTU_97.36,Right_Retroauricular_crease_1
OTU_97.36,Attached_Keratinized_gingiva_1
OTU_97.36,Left_Retroauricular_crease_1
OTU_97.36,Anterior_nares
OTU_97.3600,Supragingival_plaque_1
OTU_97.3600,Subgingival_plaque_1
OTU_97.3600,Saliva_1
OTU_97.3600,Attached_Keratinized_gingiva
OTU_97.36006,Saliva
OTU_97.36006,Right_Retroauricular_crease
OTU_97.36006,Right_Antecubital_fossa_1
OTU_97.36008,Right_Antecubital_fossa_1
OTU_97.3601,Tongue_dorsum
OTU_97.3601,Right_Retroauricular_crease_1
OTU_97.3601,Right_Retroauricular_crease
OTU_97.3601,Tongue_dorsum_1
OTU_97.3601,Throat_1
OTU_97.36014,Supragingival_plaque_1
OTU_97.36014,Palatine_Tonsils
OTU_97.36014,Right_Antecubital_fossa_1
OTU_97.36017,Tongue_dorsum
OTU_97.36017,Subgingival_plaque_1
OTU_97.36017,Saliva_1
OTU_97.36017,Anterior_nares_1
OTU_97.36018,Right_Retroauricular_crease_1
OTU_97.36018,Buccal_mucosa
OTU_97.36018,Palatine_Tonsils
OTU_97.36035,Right_Retroauricular_crease_1
OTU_97.36035,Left_Antecubital_fossa
OTU_97.3604,Right_Retroauricular_crease_1
OTU_97.3604,Supragingival_plaque
OTU_97.36041,Right_Antecubital_fossa
OTU_97.36041,Tongue_dorsum_1
OTU_97.36046,Supragingival_plaque_1
OTU_97.36046,Left_Retroauricular_crease
OTU_97.36046,Attached_Keratinized_gingiva_1
OTU_97.36046,Tongue_dorsum_1
OTU_97.36047,Buccal_mucosa
OTU_97.36047,Saliva
OTU_97.36047,Hard_palate
OTU_97.36047,Hard_palate_1
OTU_97.36047,Attached_Keratinized_gingiva
OTU_97.36047,Throat_1
OTU_97.36048,Left_Retroauricular_crease
OTU_97.3605,Attached_Keratinized_gingiva
OTU_97.3605,Anterior_nares
OTU_97.36052,Buccal_mucosa_1
OTU_97.36052,Throat
OTU_97.36056,Subgingival_plaque_1
OTU_97.36056,Palatine_Tonsils
OTU_97.36070,Attached_Keratinized_gingiva
OTU_97.36077,Supragingival_plaque_1
OTU_97.36077,Hard_palate_1
OTU_97.36077,Stool
OTU_97.36077,Anterior_nares
OTU_97.36080,Subgingival_plaque
OTU_97.36081,Left_Retroauricular_crease_1
OTU_97.36081,Tongue_dorsum_1
OTU_97.36081,Anterior_nares_1
OTU_97.36085,Right_Retroauricular_crease
OTU_97.36085,Left_Retroauricular_crease
OTU_97.36085,Hard_palate
OTU_97.36085,Saliva_1
OTU_97.36092,Subgingival_plaque
OTU_97.36092,Tongue_dorsum_1
OTU_97.36100,Supragingival_plaque_1
OTU_97.36100,Stool
OTU_97.36104,Buccal_mucosa
OTU_97.36104,Saliva
OTU_97.36104,Attached_Keratinized_gingiva_1
OTU_97.36104,Palatine_Tonsils
OTU_97.36105,Right_Retroauricular_crease
OTU_97.36108,Subgingival_plaque
OTU_97.36108,Right_Retroauricular_crease
OTU_97.36108,Buccal_mucosa_1
OTU_97.36108,Attached_Keratinized_gingiva
OTU_97.3611,Left_Retroauricular_crease
OTU_97.3611,Hard_palate
OTU_97.36116,Left_Antecubital_fossa_1
OTU_97.36116,Throat
OTU_97.36116,Anterior_nares
OTU_97.36117,Tongue_dorsum
OTU_97.36117,Supragingival_plaque
OTU_97.36117,Buccal_mucosa_1
OTU_97.36117,Saliva_1
OTU_97.36127,Supragingival_plaque
OTU_97.36127,Left_Antecubital_fossa_1
OTU_97.36127,Stool_1
OTU_97.36133,Right_Antecubital_fossa
OTU_97.36133,Hard_palate_1
OTU_97.36133,Throat_1
OTU_97.36154,Right_Retroauricular_crease_1
OTU_97.36154,Hard_palate
OTU_97.36155,Right_Antecubital_fossa
OTU_97.36155,Subgingival_plaque_1
OTU_97.36157,Right_Retroauricular_crease_1
OTU_97.36157,Right_Antecubital_fossa
OTU_97.36157,Stool
OTU_97.36157,Right_Antecubital_fossa_1
OTU_97.36157,Throat_1
OTU_97.36158,Attached_Keratinized_gingiva_1
OTU_97.36158,Stool
OTU_97.36158,Left_Antecubital_fossa
OTU_97.3616,Left_Antecubital_fossa_1
OTU_97.3616,Left_Retroauricular_crease
OTU_97.3616,Hard_palate
OTU_97.36161,Attached_Keratinized_gingiva_1
OTU_97.36161,Left_Retroauricular_crease_1
OTU_97.36161,Anterior_nares
OTU_97.36162,Buccal_mucosa
OTU_97.36162,Left_Antecubital_fossa_1
OTU_97.36162,Attached_Keratinized_gingiva_1
OTU_97.36162,Stool
OTU_97.36162,Throat
OTU_97.36166,Saliva
OTU_97.36166,Right_Antecubital_fossa
OTU_97.36166,Left_Retroauricular_crease_1
OTU_97.36166,Left_Antecubital_fossa
OTU_97.3617,Hard_palate_1
OTU_97.3617,Attached_Keratinized_gingiva
OTU_97.36176,Right_Retroauricular_crease_1
OTU_97.36176,Saliva
OTU_97.36176,Left_Antecubital_fossa_1
OTU_97.36176,Left_Antecubital_fossa
OTU_97.36183,Palatine_Tonsils_1
OTU_97.36183,Anterior_nares_1
OTU_97.36192,Right_Antecubital_fossa
OTU_97.36192,Attached_Keratinized_gingiva_1
OTU_97.36195,Right_Retroauricular_crease
OTU_97.36195,Palatine_Tonsils
OTU_97.36196,Palatine_Tonsils
OTU_97.36197,Right_Retroauricular_crease_1
OTU_97.36197,Attached_Keratinized_gingiva_1
OTU_97.36197,Stool_1
OTU_97.36197,Anterior_nares
OTU_97.36199,Attached_Keratinized_gingiva
OTU_97.36199,Left_Retroauricular_crease_1
OTU_97.36199,Throat_1
OTU_97.36204,Right_Antecubital_fossa_1
OTU_97.36206,Subgingival_plaque
OTU_97.36206,Buccal_mucosa_1
OTU_97.36207,Saliva
OTU_97.36207,Palatine_Tonsils
OTU_97.36208,Subgingival_plaque
OTU_97.36208,Supragingival_plaque
OTU_97.36208,Right_Retroauricular_crease
OTU_97.36208,Left_Antecubital_fossa
OTU_97.3621,Supragingival_plaque_1
OTU_97.3621,Saliva
OTU_97.3621,Right_Antecubital_fossa
OTU_97.3621,Right_Antecubital_fossa_1
OTU_97.36217,Tongue_dorsum
OTU_97.36217,Buccal_mucosa
OTU_97.36217,Left_Antecubital_fossa_1
OTU_97.36217,Subgingival_plaque_1
OTU_97.36217,Palatine_Tonsils_1
OTU_97.36217,Anterior_nares_1
OTU_97.36219,Saliva
OTU_97.36219,Right_Antecubital_fossa
OTU_97.36219,Attached_Keratinized_gingiva_1
OTU_97.36219,Palatine_Tonsils
OTU_97.36219,Left_Retroauricular_crease_1
OTU_97.36221,Buccal_mucosa
OTU_97.36221,Right_Antecubital_fossa
OTU_97.36227,Tongue_dorsum
OTU_97.36227,Attached_Keratinized_gingiva_1
OTU_97.36227,Throat_1
OTU_97.36228,Left_Antecubital_fossa_1
OTU_97.36228,Right_Retroauricular_crease
OTU_97.36228,Hard_palate_1
OTU_97.3623,Buccal_mucosa
OTU_97.36233,Buccal_mucosa
OTU_97.36233,Saliva
OTU_97.36233,Buccal_mucosa_1
OTU_97.36234,Right_Retroauricular_crease_1
OTU_97.36234,Left_Retroauricular_crease
OTU_97.36238,Subgingival_plaque
OTU_97.36238,Tongue_dorsum_1
OTU_97.36238,Anterior_nares_1
OTU_97.36257,Stool_1
OTU_97.36266,Right_Antecubital_fossa
OTU_97.36266,Left_Retroauricular_crease
OTU_97.36266,Anterior_nares_1
OTU_97.36271,Hard_palate_1
OTU_97.36271,Stool
OTU_97.36271,Subgingival_plaque_1
OTU_97.36272,Tongue_dorsum
OTU_97.36272,Buccal_mucosa
OTU_97.36272,Left_Retroauricular_crease
OTU_97.36272,Saliva_1
OTU_97.36272,Anterior_nares
OTU_97.36272,Left_Antecubital_fossa
OTU_97.36272,Tongue_dorsum_1
OTU_97.36278,Palatine_Tonsils
OTU_97.36279,Tongue_dorsum
OTU_97.36279,Right_Retroauricular_crease_1
OTU_97.36279,Supragingival_plaque_1
OTU_97.36279,Buccal_mucosa
OTU_97.36279,Right_Retroauricular_crease
OTU_97.36279,Throat
OTU_97.36280,Subgingival_plaque
OTU_97.36280,Hard_palate
OTU_97.36280,Hard_palate_1
OTU_97.36281,Right_Retroauricular_crease_1
OTU_97.36281,Supragingival_plaque_1
OTU_97.36281,Supragingival_plaque
OTU_97.36281,Anterior_nares
OTU_97.36283,Hard_palate_1
OTU_97.36283,Palatine_Tonsils
OTU_97.36284,Stool
OTU_97.36284,Stool_1
OTU_97.36284,Throat
OTU_97.36284,Right_Antecubital_fossa_1
OTU_97.36286,Right_Retroauricular_crease
OTU_97.36286,Subgingival_plaque_1
OTU_97.36286,Anterior_nares
OTU_97.36286,Right_Antecubital_fossa_1
OTU_97.36289,Left_Retroauricular_crease
OTU_97.36289,Hard_palate_1
OTU_97.36289,Throat
OTU_97.36292,Subgingival_plaque
OTU_97.36292,Right_Retroauricular_crease
OTU_97.36292,Attached_Keratinized_gingiva_1
OTU_97.36294,Subgingival_plaque
OTU_97.36294,Hard_palate
OTU_97.36294,Throat_1
OTU_97.36295,Hard_palate
OTU_97.36295,Stool
OTU_97.36297,Right_Retroauricular_crease_1
OTU_97.36297,Attached_Keratinized_gingiva_1
OTU_97.3630,Subgingival_plaque
OTU_97.3630,Stool_1
OTU_97.3630,Palatine_Tonsils
OTU_97.3631,Right_Retroauricular_crease_1
OTU_97.3631,Subgingival_plaque
OTU_97.36315,Right_Retroauricular_crease_1
OTU_97.36315,Buccal_mucosa
OTU_97.36318,Subgingival_plaque
OTU_97.36318,Tongue_dorsum_1
OTU_97.36318,Right_Antecubital_fossa_1
OTU_97.36322,Right_Antecubital_fossa
OTU_97.36322,Hard_palate_1
OTU_97.36325,Left_Antecubital_fossa_1
OTU_97.36325,Attached_Keratinized_gingiva
OTU_97.3633,Right_Antecubital_fossa
OTU_97.3633,Throat_1
OTU_97.36330,Left_Retroauricular_crease_1
OTU_97.36338,Buccal_mucosa
OTU_97.36338,Left_Antecubital_fossa_1
OTU_97.36338,Hard_palate_1
OTU_97.36338,Right_Antecubital_fossa_1
OTU_97.36339,Buccal_mucosa
OTU_97.36339,Hard_palate
OTU_97.36339,Right_Antecubital_fossa_1
OTU_97.36348,Left_Antecubital_fossa_1
OTU_97.36348,Right_Retroauricular_crease
OTU_97.36352,Buccal_mucosa
OTU_97.36352,Right_Antecubital_fossa_1
OTU_97.3636,Right_Retroauricular_crease
OTU_97.3636,Throat
OTU_97.36366,Palatine_Tonsils
OTU_97.3637,Supragingival_plaque_1
OTU_97.3637,Saliva
OTU_97.3637,Subgingival_plaque_1
OTU_97.3637,Left_Antecubital_fossa
OTU_97.36371,Supragingival_plaque
OTU_97.36371,Hard_palate
OTU_97.36373,Attached_Keratinized_gingiva
OTU_97.36375,Buccal_mucosa
OTU_97.36375,Left_Retroauricular_crease
OTU_97.36375,Anterior_nares
OTU_97.36380,Anterior_nares
OTU_97.36381,Supragingival_plaque_1
OTU_97.36381,Right_Antecubital_fossa
OTU_97.36381,Left_Retroauricular_crease_1
OTU_97.36382,Right_Antecubital_fossa
OTU_97.36382,Left_Retroauricular_crease
OTU_97.36382,Hard_palate_1
OTU_97.36382,Left_Antecubital_fossa
OTU_97.36383,Hard_palate_1
OTU_97.36383,Stool
OTU_97.36383,Left_Antecubital_fossa
OTU_97.36385,Left_Retroauricular_crease
OTU_97.36385,Left_Retroauricular_crease_1
OTU_97.36387,Right_Retroauricular_crease_1
OTU_97.36387,Saliva
OTU_97.36387,Hard_palate
OTU_97.36387,Anterior_nares
OTU_97.3639,Tongue_dorsum
OTU_97.3639,Buccal_mucosa
OTU_97.3639,Left_Antecubital_fossa_1
OTU_97.3639,Palatine_Tonsils
OTU_97.3639,Right_Antecubital_fossa_1
OTU_97.36391,Tongue_dorsum
OTU_97.36391,Supragingival_plaque
OTU_97.36391,Right_Retroauricular_crease
OTU_97.36391,Right_Antecubital_fossa
OTU_97.36391,Attached_Keratinized_gingiva_1
OTU_97.36391,Throat_1
OTU_97.36392,Buccal_mucosa
OTU_97.36392,Attached_Keratinized_gingiva_1
OTU_97.36392,Stool
OTU_97.36392,Stool_1
OTU_97.364,Subgingival_plaque
OTU_97.364,Supragingival_plaque
OTU_97.3640,Stool
OTU_97.3640,Palatine_Tonsils
OTU_97.3640,Palatine_Tonsils_1
OTU_97.3640,Left_Antecubital_fossa
OTU_97.36404,Hard_palate_1
OTU_97.36404,Buccal_mucosa_1
OTU_97.36404,Stool
OTU_97.36404,Subgingival_plaque_1
OTU_97.36404,Left_Antecubital_fossa
OTU_97.36411,Buccal_mucosa
OTU_97.36411,Left_Retroauricular_crease
OTU_97.36411,Palatine_Tonsils
OTU_97.36411,Palatine_Tonsils_1
OTU_97.36412,Anterior_nares
OTU_97.36412,Right_Antecubital_fossa_1
OTU_97.36417,Left_Antecubital_fossa_1
OTU_97.36417,Attached_Keratinized_gingiva_1
OTU_97.36417,Hard_palate_1
OTU_97.36417,Attached_Keratinized_gingiva
OTU_97.36417,Anterior_nares
OTU_97.36419,Anterior_nares
OTU_97.36420,Supragingival_plaque
OTU_97.36420,Buccal_mucosa_1
OTU_97.36421,Tongue_dorsum_1
OTU_97.36422,Left_Antecubital_fossa_1
OTU_97.36422,Left_Antecubital_fossa
OTU_97.36422,Throat_1
OTU_97.36424,Palatine_Tonsils
OTU_97.36424,Anterior_nares
OTU_97.36424,Tongue_dorsum_1
OTU_97.36434,Tongue_dorsum
OTU_97.36434,Supragingival_plaque
OTU_97.36434,Attached_Keratinized_gingiva_1
OTU_97.36434,Saliva_1
OTU_97.36434,Attached_Keratinized_gingiva
OTU_97.36435,Saliva
OTU_97.36435,Stool_1
OTU_97.36435,Right_Antecubital_fossa_1
OTU_97.36437,Buccal_mucosa
OTU_97.36437,Left_Antecubital_fossa_1
OTU_97.36442,Tongue_dorsum
OTU_97.36442,Saliva
OTU_97.36442,Anterior_nares
OTU_97.36442,Tongue_dorsum_1
OTU_97.36447,Attached_Keratinized_gingiva_1
OTU_97.36447,Attached_Keratinized_gingiva
OTU_97.36447,Left_Retroauricular_crease_1
OTU_97.36447,Throat_1
OTU_97.36451,Supragingival_plaque_1
OTU_97.36451,Left_Antecubital_fossa_1
OTU_97.36454,Hard_palate_1
OTU_97.36454,Throat_1
OTU_97.36457,Right_Retroauricular_crease
OTU_97.36457,Left_Retroauricular_crease
OTU_97.36457,Buccal_mucosa_1
OTU_97.36457,Right_Antecubital_fossa_1
OTU_97.36465,Buccal_mucosa
OTU_97.36465,Left_Antecubital_fossa_1
OTU_97.36465,Saliva_1
OTU_97.3647,Buccal_mucosa_1
OTU_97.3647,Subgingival_plaque_1
OTU_97.3647,Attached_Keratinized_gingiva
OTU_97.3647,Tongue_dorsum_1
OTU_97.3647,Right_Antecubital_fossa_1
OTU_97.36478,Left_Retroauricular_crease
OTU_97.3649,Supragingival_plaque_1
OTU_97.3649,Supragingival_plaque
OTU_97.3649,Right_Antecubital_fossa
OTU_97.3649,Attached_Keratinized_gingiva_1
OTU_97.3649,Throat_1
OTU_97.365,Buccal_mucosa
OTU_97.365,Right_Retroauricular_crease
OTU_97.365,Hard_palate
OTU_97.36501,Stool_1
OTU_97.36501,Anterior_nares_1
OTU_97.36504,Buccal_mucosa
OTU_97.36504,Left_Retroauricular_crease_1
OTU_97.3651,Saliva
OTU_97.3651,Stool_1
OTU_97.36526,Supragingival_plaque_1
OTU_97.36526,Palatine_Tonsils_1
OTU_97.36530,Stool_1
OTU_97.36530,Palatine_Tonsils_1
OTU_97.36531,Saliva
OTU_97.36531,Throat
OTU_97.36536,Supragingival_plaque
OTU_97.36536,Anterior_nares
OTU_97.36536,Left_Antecubital_fossa
OTU_97.36536,Throat_1
OTU_97.3654,Tongue_dorsum_1
OTU_97.36544,Tongue_dorsum
OTU_97.36544,Buccal_mucosa_1
OTU_97.36544,Stool
OTU_97.36544,Anterior_nares
OTU_97.36561,Left_Antecubital_fossa
OTU_97.36567,Supragingival_plaque
OTU_97.36569,Subgingival_plaque
OTU_97.36569,Saliva
OTU_97.36569,Attached_Keratinized_gingiva
OTU_97.36569,Palatine_Tonsils_1
OTU_97.36569,Left_Retroauricular_crease_1
OTU_97.36571,Hard_palate
OTU_97.36571,Stool
OTU_97.36571,Saliva_1
OTU_97.36571,Attached_Keratinized_gingiva
OTU_97.36571,Anterior_nares_1
OTU_97.36573,Subgingival_plaque
OTU_97.36573,Left_Antecubital_fossa_1
OTU_97.36574,Attached_Keratinized_gingiva_1
OTU_97.36574,Attached_Keratinized_gingiva
OTU_97.36577,Subgingival_plaque
OTU_97.36579,Supragingival_plaque_1
OTU_97.36579,Buccal_mucosa
OTU_97.36579,Left_Antecubital_fossa_1
OTU_97.36579,Palatine_Tonsils_1
OTU_97.36579,Tongue_dorsum_1
OTU_97.3658,Anterior_nares
OTU_97.36585,Left_Antecubital_fossa_1
OTU_97.36585,Hard_palate_1
OTU_97.36598,Subgingival_plaque
OTU_97.36598,Hard_palate
OTU_97.36599,Left_Antecubital_fossa_1
OTU_97.36599,Hard_palate
OTU_97.3660,Right_Retroauricular_crease_1
OTU_97.3660,Subgingival_plaque
OTU_97.36605,Palatine_Tonsils_1
OTU_97.3661,Left_Retroauricular_crease
OTU_97.36646,Subgingival_plaque
OTU_97.36646,Attached_Keratinized_gingiva
OTU_97.36649,Right_Retroauricular_crease_1
OTU_97.3665,Buccal_mucosa
OTU_97.3665,Right_Retroauricular_crease
OTU_97.3665,Left_Retroauricular_crease
OTU_97.3665,Throat
OTU_97.3665,Left_Antecubital_fossa
OTU_97.36658,Supragingival_plaque
OTU_97.36658,Buccal_mucosa_1
OTU_97.36658,Palatine_Tonsils
OTU_97.36659,Saliva_1
OTU_97.3666,Supragingival_plaque
OTU_97.3666,Hard_palate
OTU_97.3666,Palatine_Tonsils_1
OTU_97.36661,Right_Retroauricular_crease_1
OTU_97.36661,Supragingival_plaque_1
OTU_97.36661,Buccal_mucosa
OTU_97.36661,Stool_1
OTU_97.36668,Tongue_dorsum
OTU_97.36668,Hard_palate_1
OTU_97.36671,Buccal_mucosa_1
OTU_97.36671,Stool
OTU_97.36671,Stool_1
OTU_97.36671,Throat
OTU_97.36675,Supragingival_plaque_1
OTU_97.36675,Attached_Keratinized_gingiva_1
OTU_97.36675,Palatine_Tonsils
OTU_97.36675,Throat_1
OTU_97.36684,Hard_palate_1
OTU_97.36684,Palatine_Tonsils_1
OTU_97.36684,Left_Retroauricular_crease_1
OTU_97.36684,Tongue_dorsum_1
OTU_97.3669,Right_Retroauricular_crease_1
OTU_97.3669,Supragingival_plaque_1
OTU_97.3669,Tongue_dorsum_1
OTU_97.36692,Hard_palate_1
OTU_97.36692,Anterior_nares
OTU_97.36699,Buccal_mucosa
OTU_97.36699,Left_Retroauricular_crease
OTU_97.36701,Left_Retroauricular_crease
OTU_97.36701,Throat_1
OTU_97.36715,Tongue_dorsum
OTU_97.36715,Hard_palate
OTU_97.36715,Palatine_Tonsils
OTU_97.36715,Anterior_nares_1
OTU_97.36734,Supragingival_plaque
OTU_97.36734,Saliva
OTU_97.36734,Buccal_mucosa_1
OTU_97.36737,Right_Antecubital_fossa
OTU_97.36737,Left_Retroauricular_crease_1
OTU_97.36737,Right_Antecubital_fossa_1
OTU_97.36737,Throat_1
OTU_97.36737,Anterior_nares_1
OTU_97.36741,Saliva
OTU_97.36741,Stool
OTU_97.36741,Subgingival_plaque_1
OTU_97.36741,Left_Retroauricular_crease_1
OTU_97.36741,Left_Antecubital_fossa
OTU_97.36775,Stool
OTU_97.36775,Subgingival_plaque_1
OTU_97.36775,Anterior_nares_1
OTU_97.36780,Supragingival_plaque_1
OTU_97.36780,Hard_palate
OTU_97.36780,Hard_palate_1
OTU_97.36780,Saliva_1
OTU_97.36791,Tongue_dorsum
OTU_97.36791,Stool
OTU_97.36792,Supragingival_plaque_1
OTU_97.36792,Left_Antecubital_fossa_1
OTU_97.36792,Left_Retroauricular_crease
OTU_97.36792,Stool_1
OTU_97.36792,Throat_1
OTU_97.36795,Supragingival_plaque_1
OTU_97.36795,Hard_palate_1
OTU_97.36795,Stool
OTU_97.368,Supragingival_plaque_1
OTU_97.368,Attached_Keratinized_gingiva_1
OTU_97.368,Saliva_1
OTU_97.368,Palatine_Tonsils_1
OTU_97.368,Left_Antecubital_fossa
OTU_97.36802,Left_Retroauricular_crease
OTU_97.36802,Attached_Keratinized_gingiva_1
OTU_97.36802,Hard_palate_1
OTU_97.36802,Palatine_Tonsils_1
OTU_97.36804,Stool
OTU_97.36807,Anterior_nares
OTU_97.36813,Saliva
OTU_97.36813,Right_Retroauricular_crease
OTU_97.36813,Right_Antecubital_fossa
OTU_97.36813,Palatine_Tonsils
OTU_97.3682,Right_Antecubital_fossa
OTU_97.3682,Tongue_dorsum_1
OTU_97.36822,Throat
OTU_97.36828,Left_Antecubital_fossa_1
OTU_97.36830,Tongue_dorsum_1
OTU_97.36838,Saliva
OTU_97.36838,Tongue_dorsum_1
OTU_97.36844,Supragingival_plaque
OTU_97.36844,Saliva
OTU_97.36844,Left_Retroauricular_crease
OTU_97.36844,Saliva_1
OTU_97.36847,Attached_Keratinized_gingiva_1
OTU_97.36847,Hard_palate_1
OTU_97.36847,Saliva_1
OTU_97.36855,Tongue_dorsum
OTU_97.3686,Buccal_mucosa
OTU_97.3686,Right_Antecubital_fossa
OTU_97.3686,Hard_palate_1
OTU_97.3686,Left_Antecubital_fossa
OTU_97.36863,Saliva
OTU_97.36863,Left_Antecubital_fossa_1
OTU_97.36863,Palatine_Tonsils
OTU_97.36863,Attached_Keratinized_gingiva
OTU_97.36864,Supragingival_plaque_1
OTU_97.36864,Attached_Keratinized_gingiva_1
OTU_97.36864,Hard_palate
OTU_97.36864,Hard_palate_1
OTU_97.36864,Stool
OTU_97.36864,Tongue_dorsum_1
OTU_97.3688,Right_Retroauricular_crease_1
OTU_97.3688,Throat_1
OTU_97.3689,Buccal_mucosa
OTU_97.3689,Palatine_Tonsils_1
OTU_97.36893,Supragingival_plaque_1
OTU_97.36893,Saliva_1
OTU_97.36893,Right_Antecubital_fossa_1
OTU_97.36893,Anterior_nares_1
OTU_97.36895,Supragingival_plaque_1
OTU_97.36895,Throat_1
OTU_97.3690,Hard_palate
OTU_97.36912,Supragingival_plaque_1
OTU_97.36912,Attached_Keratinized_gingiva
OTU_97.36912,Anterior_nares
OTU_97.36912,Tongue_dorsum_1
OTU_97.36913,Buccal_mucosa
OTU_97.36913,Palatine_Tonsils
OTU_97.36913,Anterior_nares
OTU_97.36914,Buccal_mucosa
OTU_97.36914,Saliva
OTU_97.36916,Buccal_mucosa_1
OTU_97.36916,Palatine_Tonsils
OTU_97.36919,Left_Antecubital_fossa_1
OTU_97.36919,Attached_Keratinized_gingiva_1
OTU_97.36919,Throat_1
OTU_97.3692,Saliva_1
OTU_97.36925,Right_Retroauricular_crease
OTU_97.36925,Saliva_1
OTU_97.36927,Saliva
OTU_97.36927,Left_Retroauricular_crease_1
OTU_97.3693,Saliva
OTU_97.3693,Right_Retroauricular_crease
OTU_97.3693,Subgingival_plaque_1
OTU_97.36940,Left_Antecubital_fossa
OTU_97.36941,Supragingival_plaque
OTU_97.36941,Buccal_mucosa_1
OTU_97.36941,Palatine_Tonsils
OTU_97.36941,Anterior_nares
OTU_97.36941,Tongue_dorsum_1
OTU_97.36942,Tongue_dorsum
OTU_97.36942,Stool
OTU_97.36942,Stool_1
OTU_97.36942,Throat
OTU_97.3695,Buccal_mucosa
OTU_97.3695,Saliva_1
OTU_97.3695,Anterior_nares
OTU_97.3695,Left_Antecubital_fossa
OTU_97.36955,Right_Retroauricular_crease_1
OTU_97.36955,Left_Antecubital_fossa
OTU_97.36969,Buccal_mucosa_1
OTU_97.36969,Right_Antecubital_fossa_1
OTU_97.3697,Right_Antecubital_fossa
OTU_97.3697,Subgingival_plaque_1
OTU_97.36975,Attached_Keratinized_gingiva_1
OTU_97.36981,Supragingival_plaque_1
OTU_97.36981,Hard_palate
OTU_97.36988,Supragingival_plaque
OTU_97.36988,Attached_Keratinized_gingiva
OTU_97.36990,Stool
OTU_97.36995,Throat
OTU_97.36995,Tongue_dorsum_1
OTU_97.36997,Supragingival_plaque_1
OTU_97.36997,Throat
OTU_97.36997,Left_Antecubital_fossa
OTU_97.370,Tongue_dorsum
OTU_97.370,Buccal_mucosa_1
OTU_97.370,Anterior_nares
OTU_97.370,Anterior_nares_1
OTU_97.37004,Buccal_mucosa
OTU_97.37004,Stool
OTU_97.37004,Subgingival_plaque_1
OTU_97.37007,Palatine_Tonsils
OTU_97.37007,Left_Antecubital_fossa
OTU_97.37007,Throat_1
OTU_97.37013,Right_Antecubital_fossa
OTU_97.37013,Hard_palate
OTU_97.37013,Left_Antecubital_fossa
OTU_97.37013,Anterior_nares_1
OTU_97.37015,Left_Antecubital_fossa_1
OTU_97.37015,Right_Retroauricular_crease
OTU_97.37015,Buccal_mucosa_1
OTU_97.37015,Attached_Keratinized_gingiva
OTU_97.37015,Right_Antecubital_fossa_1
OTU_97.3702,Throat
OTU_97.37020,Right_Retroauricular_crease_1
OTU_97.37020,Buccal_mucosa_1
OTU_97.37020,Attached_Keratinized_gingiva
OTU_97.37022,Hard_palate
OTU_97.37022,Stool
OTU_97.37023,Left_Antecubital_fossa_1
OTU_97.37023,Stool
OTU_97.37023,Subgingival_plaque_1
OTU_97.37023,Palatine_Tonsils
OTU_97.37025,Hard_palate_1
OTU_97.37025,Attached_Keratinized_gingiva
OTU_97.37025,Anterior_nares
OTU_97.37040,Tongue_dorsum
OTU_97.37040,Left_Retroauricular_crease
OTU_97.37040,Subgingival_plaque_1
OTU_97.37048,Anterior_nares
OTU_97.37048,Anterior_nares_1
OTU_97.37052,Hard_palate_1
OTU_97.37052,Palatine_Tonsils
OTU_97.3706,Supragingival_plaque_1
OTU_97.3706,Buccal_mucosa
OTU_97.3706,Anterior_nares
OTU_97.3706,Tongue_dorsum_1
OTU_97.37071,Left_Retroauricular_crease
OTU_97.37071,Stool
OTU_97.37071,Left_Retroauricular_crease_1
OTU_97.37071,Anterior_nares_1
OTU_97.37082,Left_Retroauricular_crease_1
OTU_97.37085,Hard_palate_1
OTU_97.37085,Throat_1
OTU_97.37094,Subgingival_plaque
OTU_97.37094,Buccal_mucosa
OTU_97.37094,Stool_1
OTU_97.37094,Subgingival_plaque_1
OTU_97.37094,Palatine_Tonsils_1
OTU_97.37097,Tongue_dorsum
OTU_97.37097,Right_Antecubital_fossa_1
OTU_97.371,Attached_Keratinized_gingiva_1
OTU_97.371,Palatine_Tonsils
OTU_97.371,Throat
OTU_97.3710,Right_Antecubital_fossa
OTU_97.3710,Left_Retroauricular_crease
OTU_97.3710,Buccal_mucosa_1
OTU_97.37104,Right_Retroauricular_crease
OTU_97.37104,Buccal_mucosa_1
OTU_97.37104,Left_Retroauricular_crease_1
OTU_97.37108,Hard_palate
OTU_97.37108,Left_Retroauricular_crease_1
OTU_97.37109,Left_Antecubital_fossa_1
OTU_97.37109,Right_Retroauricular_crease
OTU_97.37109,Saliva_1
OTU_97.37110,Attached_Keratinized_gingiva_1
OTU_97.37110,Buccal_mucosa_1
OTU_97.37110,Left_Retroauricular_crease_1
OTU_97.37114,Hard_palate
OTU_97.37114,Palatine_Tonsils
OTU_97.37114,Attached_Keratinized_gingiva
OTU_97.37115,Right_Antecubital_fossa
OTU_97.37115,Stool
OTU_97.37115,Throat
OTU_97.37120,Right_Retroauricular_crease
OTU_97.37120,Stool
OTU_97.37120,Tongue_dorsum_1
OTU_97.37125,Supragingival_plaque
OTU_97.37126,Anterior_nares
OTU_97.37128,Hard_palate_1
OTU_97.37128,Stool_1
OTU_97.37128,Palatine_Tonsils
OTU_97.37128,Throat_1
OTU_97.37128,Anterior_nares_1
OTU_97.37130,Right_Retroauricular_crease
OTU_97.37130,Right_Antecubital_fossa
OTU_97.37130,Hard_palate_1
OTU_97.37131,Supragingival_plaque
OTU_97.37131,Right_Retroauricular_crease
OTU_97.37131,Stool_1
OTU_97.37131,Throat
OTU_97.37136,Subgingival_plaque_1
OTU_97.37136,Anterior_nares
OTU_97.37136,Anterior_nares_1
OTU_97.37142,Supragingival_plaque
OTU_97.37142,Stool
OTU_97.37142,Stool_1
OTU_97.37142,Left_Antecubital_fossa
OTU_97.37145,Left_Antecubital_fossa_1
OTU_97.37145,Right_Retroauricular_crease
OTU_97.37151,Right_Retroauricular_crease
OTU_97.37155,Attached_Keratinized_gingiva_1
OTU_97.37155,Anterior_nares_1
OTU_97.37156,Right_Retroauricular_crease
OTU_97.37156,Attached_Keratinized_gingiva_1
OTU_97.37156,Hard_palate_1
OTU_97.37156,Stool
OTU_97.37156,Tongue_dorsum_1
OTU_97.37158,Stool
OTU_97.37158,Subgingival_plaque_1
OTU_97.3717,Tongue_dorsum_1
OTU_97.37175,Right_Retroauricular_crease_1
OTU_97.37175,Buccal_mucosa_1
OTU_97.37175,Right_Antecubital_fossa_1
OTU_97.37175,Anterior_nares_1
OTU_97.37178,Saliva
OTU_97.37178,Right_Retroauricular_crease
OTU_97.37178,Buccal_mucosa_1
OTU_97.3718,Right_Retroauricular_crease
OTU_97.3718,Subgingival_plaque_1
OTU_97.37180,Tongue_dorsum
OTU_97.37180,Saliva_1
OTU_97.37180,Palatine_Tonsils
OTU_97.37184,Saliva
OTU_97.37184,Hard_palate
OTU_97.37184,Buccal_mucosa_1
OTU_97.37185,Tongue_dorsum
OTU_97.37185,Subgingival_plaque
OTU_97.37185,Buccal_mucosa
OTU_97.37185,Left_Antecubital_fossa_1
OTU_97.37185,Stool
OTU_97.37185,Stool_1
OTU_97.37185,Subgingival_plaque_1
OTU_97.37185,Palatine_Tonsils_1
OTU_97.37186,Tongue_dorsum
OTU_97.37186,Saliva
OTU_97.37186,Subgingival_plaque_1
OTU_97.37186,Saliva_1
OTU_97.37186,Left_Retroauricular_crease_1
OTU_97.37196,Hard_palate
OTU_97.37196,Palatine_Tonsils
OTU_97.37197,Right_Antecubital_fossa
OTU_97.37197,Subgingival_plaque_1
OTU_97.37197,Saliva_1
OTU_97.37197,Attached_Keratinized_gingiva
OTU_97.37204,Left_Retroauricular_crease
OTU_97.37204,Right_Antecubital_fossa_1
OTU_97.37210,Tongue_dorsum
OTU_97.37218,Right_Retroauricular_crease_1
OTU_97.37218,Buccal_mucosa
OTU_97.37218,Left_Retroauricular_crease
OTU_97.37218,Subgingival_plaque_1
OTU_97.37219,Tongue_dorsum
OTU_97.37219,Saliva
OTU_97.37219,Left_Antecubital_fossa
OTU_97.37221,Throat
OTU_97.37221,Attached_Keratinized_gingiva
OTU_97.37222,Tongue_dorsum
OTU_97.37223,Right_Retroauricular_crease_1
OTU_97.37223,Right_Antecubital_fossa
OTU_97.37223,Hard_palate
OTU_97.37223,Saliva_1
OTU_97.37223,Tongue_dorsum_1
OTU_97.37235,Attached_Keratinized_gingiva
OTU_97.37235,Palatine_Tonsils_1
OTU_97.37235,Left_Retroauricular_crease_1
OTU_97.37238,Right_Retroauricular_crease
OTU_97.37238,Stool_1
OTU_97.37240,Buccal_mucosa
OTU_97.37240,Palatine_Tonsils
OTU_97.37242,Tongue_dorsum
OTU_97.37242,Subgingival_plaque
OTU_97.37242,Left_Retroauricular_crease
OTU_97.37242,Anterior_nares_1
OTU_97.37244,Tongue_dorsum
OTU_97.37244,Left_Retroauricular_crease
OTU_97.37244,Stool_1
OTU_97.37251,Tongue_dorsum
OTU_97.37251,Subgingival_plaque_1
OTU_97.37251,Throat
OTU_97.37252,Left_Antecubital_fossa_1
OTU_97.37252,Hard_palate_1
OTU_97.37252,Attached_Keratinized_gingiva
OTU_97.37254,Palatine_Tonsils
OTU_97.37254,Left_Antecubital_fossa
OTU_97.37259,Subgingival_plaque
OTU_97.37259,Anterior_nares_1
OTU_97.37261,Left_Antecubital_fossa_1
OTU_97.37261,Hard_palate_1
OTU_97.37261,Palatine_Tonsils_1
OTU_97.37261,Left_Antecubital_fossa
OTU_97.37264,Tongue_dorsum
OTU_97.37264,Supragingival_plaque_1
OTU_97.37264,Saliva
OTU_97.37264,Left_Retroauricular_crease_1
OTU_97.37268,Throat
OTU_97.37268,Attached_Keratinized_gingiva
OTU_97.37268,Tongue_dorsum_1
OTU_97.37268,Throat_1
OTU_97.37269,Buccal_mucosa
OTU_97.37269,Hard_palate
OTU_97.37269,Left_Retroauricular_crease_1
OTU_97.37270,Hard_palate_1
OTU_97.37270,Buccal_mucosa_1
OTU_97.37270,Palatine_Tonsils
OTU_97.37270,Throat
OTU_97.37271,Saliva
OTU_97.37273,Hard_palate
OTU_97.37273,Saliva_1
OTU_97.37273,Palatine_Tonsils
OTU_97.37273,Tongue_dorsum_1
OTU_97.37277,Palatine_Tonsils
OTU_97.37280,Tongue_dorsum
OTU_97.37280,Subgingival_plaque
OTU_97.37280,Hard_palate_1
OTU_97.37280,Buccal_mucosa_1
OTU_97.37280,Throat_1
OTU_97.37288,Hard_palate
OTU_97.37288,Stool_1
OTU_97.37288,Throat_1
OTU_97.3729,Left_Retroauricular_crease
OTU_97.3729,Buccal_mucosa_1
OTU_97.3729,Saliva_1
OTU_97.3729,Tongue_dorsum_1
OTU_97.37290,Saliva_1
OTU_97.37290,Anterior_nares_1
OTU_97.37294,Right_Retroauricular_crease_1
OTU_97.37294,Anterior_nares_1
OTU_97.37297,Buccal_mucosa
OTU_97.37297,Hard_palate_1
OTU_97.37297,Tongue_dorsum_1
OTU_97.37298,Tongue_dorsum
OTU_97.37298,Attached_Keratinized_gingiva
OTU_97.37298,Right_Antecubital_fossa_1
OTU_97.37299,Buccal_mucosa
OTU_97.37299,Throat
OTU_97.37306,Attached_Keratinized_gingiva_1
OTU_97.37306,Stool_1
OTU_97.37308,Subgingival_plaque
OTU_97.37308,Throat_1
OTU_97.37309,Tongue_dorsum_1
OTU_97.37309,Right_Antecubital_fossa_1
OTU_97.37310,Subgingival_plaque
OTU_97.37310,Hard_palate_1
OTU_97.37310,Right_Antecubital_fossa_1
OTU_97.37311,Tongue_dorsum
OTU_97.37311,Attached_Keratinized_gingiva_1
OTU_97.37311,Hard_palate
OTU_97.37311,Throat
OTU_97.37311,Palatine_Tonsils_1
OTU_97.37313,Subgingival_plaque
OTU_97.37314,Supragingival_plaque_1
OTU_97.37314,Attached_Keratinized_gingiva_1
OTU_97.37315,Supragingival_plaque
OTU_97.37315,Anterior_nares_1
OTU_97.37317,Subgingival_plaque
OTU_97.37317,Right_Retroauricular_crease
OTU_97.37317,Tongue_dorsum_1
OTU_97.37319,Subgingival_plaque
OTU_97.37319,Hard_palate
OTU_97.37319,Palatine_Tonsils_1
OTU_97.37321,Subgingival_plaque
OTU_97.37321,Right_Antecubital_fossa
OTU_97.37321,Stool
OTU_97.37323,Stool
OTU_97.37326,Subgingival_plaque
OTU_97.37326,Anterior_nares
OTU_97.3733,Hard_palate_1
OTU_97.3733,Palatine_Tonsils
OTU_97.37343,Palatine_Tonsils
OTU_97.3735,Left_Retroauricular_crease
OTU_97.3735,Stool
OTU_97.37350,Attached_Keratinized_gingiva
OTU_97.37350,Throat_1
OTU_97.37353,Left_Antecubital_fossa_1
OTU_97.37353,Attached_Keratinized_gingiva_1
OTU_97.37353,Stool
OTU_97.37355,Tongue_dorsum
OTU_97.37355,Hard_palate_1
OTU_97.37356,Buccal_mucosa
OTU_97.37356,Stool
OTU_97.37356,Tongue_dorsum_1
OTU_97.37358,Palatine_Tonsils
OTU_97.37358,Tongue_dorsum_1
OTU_97.37362,Right_Retroauricular_crease_1
OTU_97.37362,Left_Retroauricular_crease
OTU_97.37362,Left_Antecubital_fossa
OTU_97.37365,Tongue_dorsum
OTU_97.37365,Stool_1
OTU_97.37369,Right_Retroauricular_crease_1
OTU_97.37369,Buccal_mucosa_1
OTU_97.37369,Stool
OTU_97.3737,Left_Antecubital_fossa_1
OTU_97.3737,Saliva_1
OTU_97.3737,Throat
OTU_97.37372,Subgingival_plaque
OTU_97.37372,Tongue_dorsum_1
OTU_97.3738,Stool_1
OTU_97.37383,Buccal_mucosa
OTU_97.37383,Throat
OTU_97.37389,Hard_palate_1
OTU_97.37389,Saliva_1
OTU_97.37389,Left_Retroauricular_crease_1
OTU_97.37389,Throat_1
OTU_97.37394,Palatine_Tonsils
OTU_97.37397,Subgingival_plaque
OTU_97.37397,Buccal_mucosa
OTU_97.37397,Attached_Keratinized_gingiva_1
OTU_97.37397,Buccal_mucosa_1
OTU_97.374,Left_Retroauricular_crease
OTU_97.374,Hard_palate_1
OTU_97.374,Attached_Keratinized_gingiva
OTU_97.37401,Left_Antecubital_fossa
OTU_97.37402,Supragingival_plaque
OTU_97.37402,Saliva
OTU_97.37404,Attached_Keratinized_gingiva
OTU_97.37410,Right_Retroauricular_crease_1
OTU_97.37410,Left_Retroauricular_crease_1
OTU_97.37410,Anterior_nares
OTU_97.37412,Stool_1
OTU_97.37412,Saliva_1
OTU_97.37414,Attached_Keratinized_gingiva_1
OTU_97.37414,Subgingival_plaque_1
OTU_97.37418,Buccal_mucosa_1
OTU_97.37418,Left_Antecubital_fossa
OTU_97.37422,Buccal_mucosa
OTU_97.37422,Attached_Keratinized_gingiva_1
OTU_97.37422,Left_Retroauricular_crease_1
OTU_97.37422,Tongue_dorsum_1
OTU_97.37423,Supragingival_plaque_1
OTU_97.37423,Hard_palate_1
OTU_97.37423,Left_Antecubital_fossa
OTU_97.37434,Supragingival_plaque_1
OTU_97.37434,Attached_Keratinized_gingiva
OTU_97.37434,Throat_1
OTU_97.3744,Anterior_nares_1
OTU_97.37441,Supragingival_plaque_1
OTU_97.37441,Left_Retroauricular_crease_1
OTU_97.37443,Left_Antecubital_fossa_1
OTU_97.37448,Saliva_1
OTU_97.37448,Right_Antecubital_fossa_1
OTU_97.37452,Hard_palate
OTU_97.37452,Hard_palate_1
OTU_97.37452,Palatine_Tonsils_1
OTU_97.37452,Right_Antecubital_fossa_1
OTU_97.37453,Subgingival_plaque_1
OTU_97.37458,Supragingival_plaque_1
OTU_97.37458,Right_Retroauricular_crease
OTU_97.37458,Left_Retroauricular_crease
OTU_97.37458,Attached_Keratinized_gingiva
OTU_97.3746,Tongue_dorsum
OTU_97.3746,Throat
OTU_97.3746,Palatine_Tonsils_1
OTU_97.3746,Right_Antecubital_fossa_1
OTU_97.3746,Throat_1
OTU_97.37463,Attached_Keratinized_gingiva
OTU_97.37474,Tongue_dorsum_1
OTU_97.37474,Anterior_nares_1
OTU_97.37475,Attached_Keratinized_gingiva_1
OTU_97.37481,Buccal_mucosa_1
OTU_97.37481,Stool_1
OTU_97.37481,Anterior_nares
OTU_97.37486,Right_Antecubital_fossa
OTU_97.37486,Subgingival_plaque_1
OTU_97.37486,Throat
OTU_97.37486,Anterior_nares_1
OTU_97.37489,Palatine_Tonsils
OTU_97.37491,Subgingival_plaque
OTU_97.37491,Buccal_mucosa
OTU_97.37491,Stool_1
OTU_97.37491,Attached_Keratinized_gingiva
OTU_97.37491,Tongue_dorsum_1
OTU_97.37491,Anterior_nares_1
OTU_97.37496,Stool
OTU_97.37496,Right_Antecubital_fossa_1
OTU_97.37497,Saliva_1
OTU_97.37497,Palatine_Tonsils_1
OTU_97.37499,Right_Retroauricular_crease_1
OTU_97.37499,Saliva
OTU_97.37499,Saliva_1
OTU_97.37500,Tongue_dorsum
OTU_97.37500,Saliva
OTU_97.37500,Stool
OTU_97.37500,Left_Antecubital_fossa
OTU_97.37504,Right_Antecubital_fossa
OTU_97.37504,Hard_palate_1
OTU_97.37504,Left_Antecubital_fossa
OTU_97.37509,Supragingival_plaque_1
OTU_97.37509,Left_Retroauricular_crease_1
OTU_97.37509,Anterior_nares
OTU_97.37512,Tongue_dorsum
OTU_97.37512,Left_Retroauricular_crease
OTU_97.3752,Hard_palate_1
OTU_97.3752,Palatine_Tonsils_1
OTU_97.37520,Supragingival_plaque_1
OTU_97.37520,Subgingival_plaque_1
OTU_97.37520,Attached_Keratinized_gingiva
OTU_97.37520,Throat_1
OTU_97.37523,Palatine_Tonsils
OTU_97.37533,Palatine_Tonsils
OTU_97.37533,Right_Antecubital_fossa_1
OTU_97.37534,Anterior_nares
OTU_97.37534,Anterior_nares_1
OTU_97.37537,Left_Antecubital_fossa
OTU_97.37543,Hard_palate_1
OTU_97.37551,Right_Retroauricular_crease_1
OTU_97.37552,Subgingival_plaque
OTU_97.37552,Left_Antecubital_fossa_1
OTU_97.37552,Right_Retroauricular_crease
OTU_97.37553,Anterior_nares_1
OTU_97.37554,Buccal_mucosa_1
OTU_97.37567,Supragingival_plaque
OTU_97.37567,Palatine_Tonsils_1
OTU_97.37567,Throat_1
OTU_97.37577,Attached_Keratinized_gingiva_1
OTU_97.37577,Hard_palate
OTU_97.37577,Buccal_mucosa_1
OTU_97.37592,Buccal_mucosa
OTU_97.37592,Saliva
OTU_97.37602,Subgingival_plaque_1
OTU_97.37602,Palatine_Tonsils
OTU_97.37602,Palatine_Tonsils_1
OTU_97.37602,Left_Retroauricular_crease_1
OTU_97.37611,Right_Antecubital_fossa
OTU_97.37611,Hard_palate
OTU_97.37611,Hard_palate_1
OTU_97.37611,Left_Retroauricular_crease_1
OTU_97.37612,Subgingival_plaque
OTU_97.37612,Supragingival_plaque
OTU_97.37612,Stool_1
OTU_97.37616,Palatine_Tonsils_1
OTU_97.37617,Attached_Keratinized_gingiva
OTU_97.37628,Supragingival_plaque
OTU_97.37628,Hard_palate_1
OTU_97.37628,Left_Antecubital_fossa
OTU_97.37639,Right_Retroauricular_crease_1
OTU_97.37639,Supragingival_plaque_1
OTU_97.37639,Palatine_Tonsils
OTU_97.37639,Attached_Keratinized_gingiva
OTU_97.37639,Tongue_dorsum_1
OTU_97.37642,Subgingival_plaque
OTU_97.37642,Left_Antecubital_fossa_1
OTU_97.37645,Tongue_dorsum
OTU_97.37645,Supragingival_plaque
OTU_97.37645,Stool_1
OTU_97.37646,Tongue_dorsum
OTU_97.37646,Saliva
OTU_97.37646,Stool
OTU_97.37654,Right_Retroauricular_crease_1
OTU_97.37654,Saliva
OTU_97.37657,Attached_Keratinized_gingiva_1
OTU_97.37657,Anterior_nares
OTU_97.37657,Left_Antecubital_fossa
OTU_97.37659,Left_Retroauricular_crease
OTU_97.37659,Hard_palate
OTU_97.37659,Anterior_nares_1
OTU_97.37661,Stool_1
OTU_97.37661,Attached_Keratinized_gingiva
OTU_97.37663,Right_Antecubital_fossa_1
OTU_97.37668,Left_Retroauricular_crease
OTU_97.37668,Subgingival_plaque_1
OTU_97.37668,Attached_Keratinized_gingiva
OTU_97.3767,Buccal_mucosa_1
OTU_97.3767,Throat_1
OTU_97.37671,Tongue_dorsum
OTU_97.37671,Right_Retroauricular_crease
OTU_97.37671,Buccal_mucosa_1
OTU_97.37671,Stool_1
OTU_97.37671,Saliva_1
OTU_97.37672,Attached_Keratinized_gingiva
OTU_97.37674,Attached_Keratinized_gingiva
OTU_97.37674,Throat_1
OTU_97.37677,Stool
OTU_97.37677,Anterior_nares
OTU_97.37682,Saliva_1
OTU_97.37685,Left_Retroauricular_crease
OTU_97.37685,Buccal_mucosa_1
OTU_97.37685,Palatine_Tonsils_1
OTU_97.37685,Anterior_nares
OTU_97.37686,Attached_Keratinized_gingiva_1
OTU_97.37686,Throat
OTU_97.37686,Palatine_Tonsils_1
OTU_97.37689,Right_Retroauricular_crease_1
OTU_97.37689,Buccal_mucosa
OTU_97.37689,Left_Antecubital_fossa_1
OTU_97.37689,Anterior_nares_1
OTU_97.37690,Attached_Keratinized_gingiva_1
OTU_97.37690,Throat
OTU_97.37690,Attached_Keratinized_gingiva
OTU_97.37690,Tongue_dorsum_1
OTU_97.37691,Right_Retroauricular_crease_1
OTU_97.37691,Buccal_mucosa
OTU_97.37691,Stool
OTU_97.37695,Throat_1
OTU_97.37697,Supragingival_plaque_1
OTU_97.37697,Right_Retroauricular_crease
OTU_97.37697,Left_Retroauricular_crease
OTU_97.37697,Attached_Keratinized_gingiva
OTU_97.377,Subgingival_plaque_1
OTU_97.377,Palatine_Tonsils_1
OTU_97.37704,Subgingival_plaque
OTU_97.37704,Hard_palate_1
OTU_97.37705,Buccal_mucosa_1
OTU_97.37705,Subgingival_plaque_1
OTU_97.37705,Saliva_1
OTU_97.37705,Throat
OTU_97.37705,Attached_Keratinized_gingiva
OTU_97.37705,Anterior_nares_1
OTU_97.37708,Stool_1
OTU_97.37708,Subgingival_plaque_1
OTU_97.37708,Left_Antecubital_fossa
OTU_97.37716,Attached_Keratinized_gingiva_1
OTU_97.37716,Hard_palate_1
OTU_97.37716,Stool
OTU_97.37716,Throat
OTU_97.37716,Left_Antecubital_fossa
OTU_97.37718,Tongue_dorsum
OTU_97.37718,Stool
OTU_97.37721,Right_Retroauricular_crease_1
OTU_97.37721,Palatine_Tonsils
OTU_97.37731,Saliva_1
OTU_97.37731,Left_Antecubital_fossa
OTU_97.37734,Supragingival_plaque
OTU_97.37734,Left_Retroauricular_crease
OTU_97.37734,Palatine_Tonsils
OTU_97.37734,Right_Antecubital_fossa_1
OTU_97.37739,Hard_palate
OTU_97.37739,Tongue_dorsum_1
OTU_97.37739,Throat_1
OTU_97.37739,Anterior_nares_1
OTU_97.3774,Hard_palate
OTU_97.3774,Buccal_mucosa_1
OTU_97.3774,Stool_1
OTU_97.3774,Throat
OTU_97.37747,Left_Antecubital_fossa_1
OTU_97.37747,Right_Retroauricular_crease
OTU_97.37747,Hard_palate
OTU_97.37747,Attached_Keratinized_gingiva
OTU_97.37747,Right_Antecubital_fossa_1
OTU_97.37750,Hard_palate_1
OTU_97.37750,Anterior_nares
OTU_97.37755,Tongue_dorsum_1
OTU_97.37759,Throat_1
OTU_97.37761,Right_Antecubital_fossa
OTU_97.37761,Palatine_Tonsils_1
OTU_97.37761,Anterior_nares
OTU_97.37764,Left_Antecubital_fossa_1
OTU_97.37764,Attached_Keratinized_gingiva_1
OTU_97.37764,Anterior_nares
OTU_97.37765,Supragingival_plaque
OTU_97.37766,Stool
OTU_97.37766,Anterior_nares
OTU_97.37766,Anterior_nares_1
OTU_97.37768,Stool
OTU_97.37768,Throat
OTU_97.37768,Right_Antecubital_fossa_1
OTU_97.37770,Left_Antecubital_fossa_1
OTU_97.37770,Stool_1
OTU_97.37772,Saliva
OTU_97.37772,Left_Antecubital_fossa
OTU_97.37772,Right_Antecubital_fossa_1
OTU_97.37776,Left_Antecubital_fossa_1
OTU_97.37776,Attached_Keratinized_gingiva_1
OTU_97.37776,Palatine_Tonsils_1
OTU_97.37776,Tongue_dorsum_1
OTU_97.37778,Supragingival_plaque_1
OTU_97.37778,Left_Antecubital_fossa
OTU_97.37784,Attached_Keratinized_gingiva_1
OTU_97.37784,Hard_palate
OTU_97.37784,Subgingival_plaque_1
OTU_97.37784,Left_Retroauricular_crease_1
OTU_97.37784,Tongue_dorsum_1
OTU_97.37786,Hard_palate_1
OTU_97.37786,Subgingival_plaque_1
OTU_97.37786,Anterior_nares
OTU_97.37786,Anterior_nares_1
OTU_97.37787,Right_Antecubital_fossa_1
OTU_97.37787,Anterior_nares_1
OTU_97.37794,Subgingival_plaque
OTU_97.37794,Buccal_mucosa_1
OTU_97.37794,Right_Antecubital_fossa_1
OTU_97.37794,Anterior_nares_1
OTU_97.37795,Right_Retroauricular_crease
OTU_97.37797,Left_Antecubital_fossa_1
OTU_97.37797,Anterior_nares
OTU_97.37799,Right_Retroauricular_crease
OTU_97.37799,Right_Antecubital_fossa
OTU_97.37799,Left_Retroauricular_crease
OTU_97.37799,Palatine_Tonsils
OTU_97.37803,Stool
OTU_97.37807,Left_Antecubital_fossa_1
OTU_97.37807,Right_Antecubital_fossa
OTU_97.37807,Hard_palate_1
OTU_97.37807,Right_Antecubital_fossa_1
OTU_97.37809,Stool_1
OTU_97.37809,Attached_Keratinized_gingiva
OTU_97.37809,Palatine_Tonsils_1
OTU_97.3781,Tongue_dorsum
OTU_97.3781,Right_Retroauricular_crease_1
OTU_97.3781,Saliva
OTU_97.3781,Buccal_mucosa_1
OTU_97.37813,Tongue_dorsum
OTU_97.37813,Supragingival_plaque
OTU_97.37813,Buccal_mucosa_1
OTU_97.37814,Throat
OTU_97.37820,Right_Retroauricular_crease_1
OTU_97.37820,Saliva
OTU_97.37824,Buccal_mucosa_1
OTU_97.37824,Anterior_nares
OTU_97.37826,Right_Retroauricular_crease
OTU_97.37830,Right_Antecubital_fossa
OTU_97.37830,Throat_1
OTU_97.37841,Left_Antecubital_fossa_1
OTU_97.37841,Stool_1
OTU_97.37841,Subgingival_plaque_1
OTU_97.37841,Palatine_Tonsils
OTU_97.37841,Left_Antecubital_fossa
OTU_97.37843,Tongue_dorsum
OTU_97.37843,Palatine_Tonsils
OTU_97.37844,Supragingival_plaque
OTU_97.37844,Right_Antecubital_fossa
OTU_97.37847,Throat_1
OTU_97.37850,Subgingival_plaque_1
OTU_97.37850,Left_Retroauricular_crease_1
OTU_97.37856,Subgingival_plaque
OTU_97.37856,Supragingival_plaque_1
OTU_97.37856,Buccal_mucosa
OTU_97.37857,Tongue_dorsum
OTU_97.37857,Supragingival_plaque_1
OTU_97.37857,Buccal_mucosa_1
OTU_97.37863,Subgingival_plaque
OTU_97.37863,Left_Antecubital_fossa
OTU_97.37867,Right_Antecubital_fossa_1
OTU_97.37869,Left_Retroauricular_crease_1
OTU_97.37869,Left_Antecubital_fossa
OTU_97.37869,Tongue_dorsum_1
OTU_97.37875,Palatine_Tonsils
OTU_97.37879,Saliva
OTU_97.37879,Left_Retroauricular_crease
OTU_97.37879,Throat
OTU_97.37879,Anterior_nares
OTU_97.37886,Subgingival_plaque
OTU_97.37886,Right_Retroauricular_crease
OTU_97.37886,Right_Antecubital_fossa
OTU_97.37886,Hard_palate_1
OTU_97.37886,Palatine_Tonsils_1
OTU_97.37886,Right_Antecubital_fossa_1
OTU_97.37887,Left_Antecubital_fossa_1
OTU_97.37887,Buccal_mucosa_1
OTU_97.37896,Left_Retroauricular_crease
OTU_97.37896,Anterior_nares
OTU_97.37899,Tongue_dorsum
OTU_97.37899,Hard_palate_1
OTU_97.37899,Palatine_Tonsils
OTU_97.37899,Anterior_nares
OTU_97.37901,Left_Retroauricular_crease
OTU_97.37901,Attached_Keratinized_gingiva_1
OTU_97.37901,Tongue_dorsum_1
OTU_97.37901,Anterior_nares_1
OTU_97.37907,Right_Retroauricular_crease_1
OTU_97.37907,Left_Retroauricular_crease
OTU_97.37907,Hard_palate
OTU_97.37907,Right_Antecubital_fossa_1
OTU_97.37914,Saliva_1
OTU_97.37920,Left_Antecubital_fossa_1
OTU_97.37920,Right_Retroauricular_crease
OTU_97.37923,Saliva
OTU_97.37923,Hard_palate
OTU_97.37923,Stool_1
OTU_97.37929,Tongue_dorsum
OTU_97.37929,Right_Antecubital_fossa
OTU_97.37930,Buccal_mucosa
OTU_97.37930,Subgingival_plaque_1
OTU_97.37930,Palatine_Tonsils_1
OTU_97.37932,Right_Retroauricular_crease_1
OTU_97.37932,Subgingival_plaque
OTU_97.37932,Left_Retroauricular_crease
OTU_97.37932,Hard_palate_1
OTU_97.37932,Right_Antecubital_fossa_1
OTU_97.37935,Attached_Keratinized_gingiva
OTU_97.37936,Right_Retroauricular_crease
OTU_97.3794,Subgingival_plaque
OTU_97.3794,Left_Retroauricular_crease_1
OTU_97.37943,Buccal_mucosa
OTU_97.37943,Tongue_dorsum_1
OTU_97.37951,Hard_palate
OTU_97.37951,Buccal_mucosa_1
OTU_97.37951,Left_Retroauricular_crease_1
OTU_97.37954,Tongue_dorsum
OTU_97.37954,Right_Retroauricular_crease
OTU_97.37954,Saliva_1
OTU_97.37954,Throat
OTU_97.37963,Stool
OTU_97.37963,Stool_1
OTU_97.37963,Subgingival_plaque_1
OTU_97.37963,Tongue_dorsum_1
OTU_97.37965,Stool
OTU_97.37966,Right_Retroauricular_crease_1
OTU_97.37966,Right_Retroauricular_crease
OTU_97.37966,Buccal_mucosa_1
OTU_97.37966,Anterior_nares_1
OTU_97.37967,Left_Retroauricular_crease
OTU_97.37972,Buccal_mucosa
OTU_97.37972,Saliva
OTU_97.37972,Left_Antecubital_fossa_1
OTU_97.37972,Saliva_1
OTU_97.37972,Attached_Keratinized_gingiva
OTU_97.37973,Attached_Keratinized_gingiva
OTU_97.37973,Tongue_dorsum_1
OTU_97.37983,Supragingival_plaque_1
OTU_97.37983,Hard_palate
OTU_97.37983,Subgingival_plaque_1
OTU_97.37984,Buccal_mucosa
OTU_97.37984,Left_Antecubital_fossa
OTU_97.37989,Supragingival_plaque
OTU_97.37989,Hard_palate
OTU_97.37990,Hard_palate
OTU_97.37990,Left_Retroauricular_crease_1
OTU_97.37992,Right_Antecubital_fossa
OTU_97.37992,Hard_palate
OTU_97.37995,Stool
OTU_97.37995,Attached_Keratinized_gingiva
OTU_97.38002,Saliva
OTU_97.38002,Right_Retroauricular_crease
OTU_97.38002,Hard_palate_1
OTU_97.38002,Left_Retroauricular_crease_1
OTU_97.38002,Anterior_nares
OTU_97.38006,Supragingival_plaque_1
OTU_97.38006,Attached_Keratinized_gingiva
OTU_97.38013,Tongue_dorsum
OTU_97.38013,Buccal_mucosa
OTU_97.38013,Palatine_Tonsils
OTU_97.38014,Attached_Keratinized_gingiva
OTU_97.38014,Palatine_Tonsils_1
OTU_97.38014,Tongue_dorsum_1
OTU_97.38014,Anterior_nares_1
OTU_97.38016,Saliva_1
OTU_97.38016,Palatine_Tonsils
OTU_97.38021,Right_Retroauricular_crease_1
OTU_97.38021,Throat
OTU_97.38023,Left_Antecubital_fossa_1
OTU_97.38023,Stool_1
OTU_97.38023,Left_Retroauricular_crease_1
OTU_97.38023,Right_Antecubital_fossa_1
OTU_97.38029,Saliva_1
OTU_97.38029,Palatine_Tonsils
OTU_97.38029,Palatine_Tonsils_1
OTU_97.38029,Anterior_nares
OTU_97.38031,Left_Retroauricular_crease
OTU_97.38034,Right_Retroauricular_crease_1
OTU_97.38034,Saliva
OTU_97.38034,Stool
OTU_97.38038,Stool_1
OTU_97.38038,Saliva_1
OTU_97.38038,Attached_Keratinized_gingiva
OTU_97.38042,Hard_palate_1
OTU_97.38043,Stool_1
OTU_97.38043,Left_Retroauricular_crease_1
OTU_97.38043,Left_Antecubital_fossa
OTU_97.38044,Throat
OTU_97.38045,Buccal_mucosa_1
OTU_97.38045,Throat_1
OTU_97.38051,Saliva_1
OTU_97.38052,Supragingival_plaque
OTU_97.38052,Right_Retroauricular_crease
OTU_97.38052,Saliva_1
OTU_97.38054,Supragingival_plaque
OTU_97.38054,Anterior_nares
OTU_97.38054,Throat_1
OTU_97.38055,Subgingival_plaque_1
OTU_97.38056,Left_Antecubital_fossa_1
OTU_97.38062,Throat_1
OTU_97.38065,Anterior_nares
OTU_97.38068,Stool_1
OTU_97.38070,Left_Antecubital_fossa_1
OTU_97.38070,Attached_Keratinized_gingiva_1
OTU_97.38074,Supragingival_plaque_1
OTU_97.38074,Left_Retroauricular_crease
OTU_97.38074,Anterior_nares
OTU_97.38080,Right_Retroauricular_crease_1
OTU_97.38080,Right_Retroauricular_crease
OTU_97.38080,Buccal_mucosa_1
OTU_97.38083,Hard_palate_1
OTU_97.38083,Buccal_mucosa_1
OTU_97.38083,Saliva_1
OTU_97.38083,Attached_Keratinized_gingiva
OTU_97.38085,Tongue_dorsum_1
OTU_97.38086,Supragingival_plaque
OTU_97.38086,Right_Retroauricular_crease
OTU_97.38086,Left_Retroauricular_crease
OTU_97.38086,Throat
OTU_97.38086,Right_Antecubital_fossa_1
OTU_97.38089,Attached_Keratinized_gingiva_1
OTU_97.38089,Attached_Keratinized_gingiva
OTU_97.38092,Right_Retroauricular_crease_1
OTU_97.38092,Saliva_1
OTU_97.38092,Throat
OTU_97.38097,Subgingival_plaque
OTU_97.38097,Buccal_mucosa_1
OTU_97.38097,Stool
OTU_97.381,Left_Antecubital_fossa_1
OTU_97.381,Throat
OTU_97.381,Anterior_nares_1
OTU_97.3810,Right_Retroauricular_crease
OTU_97.3810,Hard_palate_1
OTU_97.38102,Supragingival_plaque_1
OTU_97.38102,Saliva
OTU_97.38102,Palatine_Tonsils
OTU_97.38102,Anterior_nares
OTU_97.38106,Buccal_mucosa
OTU_97.38115,Right_Retroauricular_crease_1
OTU_97.38115,Saliva_1
OTU_97.38115,Tongue_dorsum_1
OTU_97.38132,Saliva
OTU_97.38133,Palatine_Tonsils_1
OTU_97.38133,Right_Antecubital_fossa_1
OTU_97.38134,Right_Antecubital_fossa
OTU_97.38134,Throat_1
OTU_97.38135,Right_Retroauricular_crease_1
OTU_97.38135,Left_Retroauricular_crease
OTU_97.38135,Left_Retroauricular_crease_1
OTU_97.38148,Subgingival_plaque
OTU_97.38148,Saliva_1
OTU_97.38149,Stool
OTU_97.38149,Left_Antecubital_fossa
OTU_97.3815,Stool
OTU_97.3815,Left_Retroauricular_crease_1
OTU_97.38159,Supragingival_plaque_1
OTU_97.38159,Saliva
OTU_97.38159,Buccal_mucosa_1
OTU_97.38159,Stool
OTU_97.38159,Left_Antecubital_fossa
OTU_97.38159,Tongue_dorsum_1
OTU_97.38160,Hard_palate_1
OTU_97.38160,Tongue_dorsum_1
OTU_97.38165,Subgingival_plaque_1
OTU_97.38165,Palatine_Tonsils
OTU_97.38165,Attached_Keratinized_gingiva
OTU_97.38167,Hard_palate
OTU_97.38167,Hard_palate_1
OTU_97.38167,Throat
OTU_97.38167,Anterior_nares_1
OTU_97.38168,Hard_palate_1
OTU_97.38168,Right_Antecubital_fossa_1
OTU_97.38169,Left_Retroauricular_crease
OTU_97.38169,Saliva_1
OTU_97.38170,Stool_1
OTU_97.38170,Left_Antecubital_fossa
OTU_97.38177,Right_Retroauricular_crease_1
OTU_97.38180,Tongue_dorsum
OTU_97.38180,Subgingival_plaque
OTU_97.38180,Stool_1
OTU_97.38183,Stool
OTU_97.38183,Saliva_1
OTU_97.38187,Right_Antecubital_fossa
OTU_97.38187,Hard_palate_1
OTU_97.38187,Attached_Keratinized_gingiva
OTU_97.38187,Anterior_nares_1
OTU_97.38194,Right_Antecubital_fossa
OTU_97.38194,Left_Antecubital_fossa
OTU_97.38195,Tongue_dorsum
OTU_97.38195,Left_Antecubital_fossa_1
OTU_97.38195,Buccal_mucosa_1
OTU_97.38195,Saliva_1
OTU_97.3820,Subgingival_plaque
OTU_97.3820,Attached_Keratinized_gingiva_1
OTU_97.3820,Stool
OTU_97.3820,Subgingival_plaque_1
OTU_97.38200,Right_Retroauricular_crease_1
OTU_97.38200,Left_Retroauricular_crease
OTU_97.38200,Right_Antecubital_fossa_1
OTU_97.38202,Palatine_Tonsils_1
OTU_97.38203,Palatine_Tonsils_1
OTU_97.38203,Left_Retroauricular_crease_1
OTU_97.38210,Right_Retroauricular_crease
OTU_97.38210,Buccal_mucosa_1
OTU_97.38210,Anterior_nares
OTU_97.38219,Subgingival_plaque
OTU_97.38220,Supragingival_plaque
OTU_97.38220,Left_Retroauricular_crease
OTU_97.38220,Stool_1
OTU_97.38220,Palatine_Tonsils_1
OTU_97.38221,Hard_palate_1
OTU_97.38221,Attached_Keratinized_gingiva
OTU_97.38221,Right_Antecubital_fossa_1
OTU_97.3823,Left_Antecubital_fossa_1
OTU_97.3823,Attached_Keratinized_gingiva_1
OTU_97.3823,Hard_palate_1
OTU_97.3823,Buccal_mucosa_1
OTU_97.3823,Stool
OTU_97.3823,Stool_1
OTU_97.3823,Subgingival_plaque_1
OTU_97.38230,Subgingival_plaque
OTU_97.38230,Supragingival_plaque_1
OTU_97.38230,Left_Retroauricular_crease
OTU_97.38230,Attached_Keratinized_gingiva_1
OTU_97.38230,Buccal_mucosa_1
OTU_97.38234,Tongue_dorsum
OTU_97.38234,Attached_Keratinized_gingiva
OTU_97.38240,Subgingival_plaque
OTU_97.38240,Saliva
OTU_97.38240,Stool
OTU_97.38241,Hard_palate_1
OTU_97.38241,Palatine_Tonsils
OTU_97.38241,Anterior_nares
OTU_97.38251,Subgingival_plaque
OTU_97.38251,Supragingival_plaque_1
OTU_97.38251,Saliva
OTU_97.38251,Left_Antecubital_fossa_1
OTU_97.38251,Right_Retroauricular_crease
OTU_97.38251,Left_Antecubital_fossa
OTU_97.38253,Right_Retroauricular_crease_1
OTU_97.38253,Right_Antecubital_fossa
OTU_97.38253,Throat
OTU_97.38253,Tongue_dorsum_1
OTU_97.38254,Tongue_dorsum
OTU_97.38254,Supragingival_plaque
OTU_97.38254,Hard_palate
OTU_97.38254,Hard_palate_1
OTU_97.38254,Palatine_Tonsils_1
OTU_97.38259,Supragingival_plaque
OTU_97.38259,Palatine_Tonsils
OTU_97.38259,Attached_Keratinized_gingiva
OTU_97.38259,Left_Retroauricular_crease_1
OTU_97.38259,Left_Antecubital_fossa
OTU_97.38261,Tongue_dorsum
OTU_97.38261,Attached_Keratinized_gingiva_1
OTU_97.38261,Hard_palate_1
OTU_97.38261,Stool
OTU_97.38262,Subgingival_plaque
OTU_97.38262,Right_Retroauricular_crease
OTU_97.38262,Tongue_dorsum_1
OTU_97.38268,Right_Retroauricular_crease
OTU_97.38268,Subgingival_plaque_1
OTU_97.38268,Throat_1
OTU_97.38270,Right_Antecubital_fossa
OTU_97.38270,Anterior_nares
OTU_97.38281,Supragingival_plaque
OTU_97.38282,Saliva
OTU_97.38283,Left_Antecubital_fossa_1
OTU_97.38283,Attached_Keratinized_gingiva
OTU_97.38283,Left_Retroauricular_crease_1
OTU_97.38283,Left_Antecubital_fossa
OTU_97.38283,Tongue_dorsum_1
OTU_97.38286,Left_Antecubital_fossa_1
OTU_97.38293,Subgingival_plaque
OTU_97.38293,Saliva
OTU_97.38293,Left_Retroauricular_crease_1
OTU_97.38296,Palatine_Tonsils_1
OTU_97.383,Saliva_1
OTU_97.383,Throat_1
OTU_97.38304,Hard_palate
OTU_97.38304,Stool
OTU_97.38304,Stool_1
OTU_97.38304,Saliva_1
OTU_97.38308,Anterior_nares
OTU_97.38308,Right_Antecubital_fossa_1
OTU_97.38310,Stool
OTU_97.38310,Throat
OTU_97.38310,Left_Antecubital_fossa
OTU_97.38313,Subgingival_plaque
OTU_97.38313,Attached_Keratinized_gingiva_1
OTU_97.38316,Stool_1
OTU_97.38316,Anterior_nares
OTU_97.38318,Saliva_1
OTU_97.38318,Palatine_Tonsils_1
OTU_97.3833,Buccal_mucosa_1
OTU_97.3833,Subgingival_plaque_1
OTU_97.38331,Hard_palate_1
OTU_97.38338,Attached_Keratinized_gingiva_1
OTU_97.38344,Tongue_dorsum
OTU_97.38344,Stool_1
OTU_97.38344,Palatine_Tonsils_1
OTU_97.38352,Tongue_dorsum
OTU_97.38352,Right_Antecubital_fossa
OTU_97.38352,Hard_palate
OTU_97.38352,Stool
OTU_97.38352,Palatine_Tonsils_1
OTU_97.38354,Left_Retroauricular_crease
OTU_97.38355,Attached_Keratinized_gingiva_1
OTU_97.38359,Supragingival_plaque
OTU_97.38359,Stool_1
OTU_97.38359,Palatine_Tonsils_1
OTU_97.38359,Anterior_nares
OTU_97.38367,Buccal_mucosa_1
OTU_97.38369,Right_Retroauricular_crease_1
OTU_97.38369,Tongue_dorsum_1
OTU_97.3837,Right_Retroauricular_crease
OTU_97.3837,Right_Antecubital_fossa
OTU_97.3837,Attached_Keratinized_gingiva_1
OTU_97.3837,Hard_palate
OTU_97.3837,Tongue_dorsum_1
OTU_97.38371,Left_Antecubital_fossa_1
OTU_97.38371,Right_Retroauricular_crease
OTU_97.38371,Hard_palate_1
OTU_97.38371,Throat_1
OTU_97.38373,Left_Antecubital_fossa_1
OTU_97.38373,Buccal_mucosa_1
OTU_97.38373,Palatine_Tonsils
OTU_97.38375,Left_Antecubital_fossa_1
OTU_97.38375,Hard_palate
OTU_97.38375,Tongue_dorsum_1
OTU_97.38380,Throat_1
OTU_97.38380,Anterior_nares_1
OTU_97.38384,Subgingival_plaque
OTU_97.38384,Supragingival_plaque_1
OTU_97.3839,Left_Antecubital_fossa_1
OTU_97.3839,Palatine_Tonsils
OTU_97.3839,Anterior_nares_1
OTU_97.38392,Tongue_dorsum
OTU_97.38392,Supragingival_plaque_1
OTU_97.38392,Hard_palate
OTU_97.38400,Right_Antecubital_fossa
OTU_97.38400,Buccal_mucosa_1
OTU_97.38400,Stool_1
OTU_97.38400,Anterior_nares_1
OTU_97.38404,Left_Retroauricular_crease
OTU_97.38404,Palatine_Tonsils
OTU_97.38404,Tongue_dorsum_1
OTU_97.38404,Right_Antecubital_fossa_1
OTU_97.38407,Stool_1
OTU_97.38407,Subgingival_plaque_1
OTU_97.38407,Left_Antecubital_fossa
OTU_97.38409,Tongue_dorsum
OTU_97.38409,Right_Retroauricular_crease
OTU_97.38409,Right_Antecubital_fossa_1
OTU_97.38418,Hard_palate_1
OTU_97.38418,Palatine_Tonsils
OTU_97.38422,Buccal_mucosa
OTU_97.38422,Anterior_nares
OTU_97.38422,Throat_1
OTU_97.38424,Saliva_1
OTU_97.38424,Left_Antecubital_fossa
OTU_97.38427,Palatine_Tonsils_1
OTU_97.38427,Anterior_nares
OTU_97.38427,Throat_1
OTU_97.38437,Left_Antecubital_fossa
OTU_97.3844,Stool
OTU_97.3844,Saliva_1
OTU_97.3844,Attached_Keratinized_gingiva
OTU_97.38441,Left_Retroauricular_crease
OTU_97.38441,Hard_palate_1
OTU_97.38441,Buccal_mucosa_1
OTU_97.38441,Stool
OTU_97.38441,Anterior_nares_1
OTU_97.38442,Right_Retroauricular_crease_1
OTU_97.38442,Subgingival_plaque
OTU_97.38442,Hard_palate
OTU_97.38442,Left_Antecubital_fossa
OTU_97.38443,Hard_palate
OTU_97.38443,Hard_palate_1
OTU_97.38443,Palatine_Tonsils
OTU_97.38443,Right_Antecubital_fossa_1
OTU_97.38446,Supragingival_plaque
OTU_97.38446,Left_Retroauricular_crease_1
OTU_97.38447,Right_Antecubital_fossa
OTU_97.38447,Anterior_nares
OTU_97.38450,Subgingival_plaque
OTU_97.38450,Left_Retroauricular_crease_1
OTU_97.38450,Anterior_nares
OTU_97.38459,Supragingival_plaque
OTU_97.38459,Left_Antecubital_fossa_1
OTU_97.38464,Supragingival_plaque_1
OTU_97.38464,Saliva_1
OTU_97.38464,Throat
OTU_97.38465,Attached_Keratinized_gingiva
OTU_97.38465,Left_Retroauricular_crease_1
OTU_97.38465,Anterior_nares_1
OTU_97.38472,Stool_1
OTU_97.38492,Saliva_1
OTU_97.38492,Palatine_Tonsils
OTU_97.38492,Anterior_nares_1
OTU_97.38494,Left_Antecubital_fossa_1
OTU_97.38494,Left_Retroauricular_crease
OTU_97.38494,Palatine_Tonsils
OTU_97.38495,Left_Antecubital_fossa_1
OTU_97.38495,Left_Retroauricular_crease
OTU_97.38495,Throat
OTU_97.38495,Throat_1
OTU_97.38496,Stool
OTU_97.38504,Buccal_mucosa
OTU_97.38504,Right_Antecubital_fossa
OTU_97.38504,Anterior_nares_1
OTU_97.38505,Stool_1
OTU_97.38505,Palatine_Tonsils
OTU_97.38505,Attached_Keratinized_gingiva
OTU_97.38506,Tongue_dorsum
OTU_97.38506,Supragingival_plaque
OTU_97.38506,Left_Retroauricular_crease_1
OTU_97.38506,Tongue_dorsum_1
OTU_97.38513,Buccal_mucosa
OTU_97.38513,Buccal_mucosa_1
OTU_97.38513,Palatine_Tonsils
OTU_97.38513,Anterior_nares
OTU_97.38521,Buccal_mucosa
OTU_97.38530,Supragingival_plaque_1
OTU_97.38530,Left_Retroauricular_crease
OTU_97.38530,Buccal_mucosa_1
OTU_97.38530,Anterior_nares_1
OTU_97.38535,Buccal_mucosa_1
OTU_97.38535,Palatine_Tonsils
OTU_97.38535,Throat
OTU_97.38535,Anterior_nares
OTU_97.38535,Right_Antecubital_fossa_1
OTU_97.38536,Left_Retroauricular_crease_1
OTU_97.38537,Supragingival_plaque_1
OTU_97.38537,Buccal_mucosa
OTU_97.38537,Attached_Keratinized_gingiva_1
OTU_97.38538,Right_Retroauricular_crease
OTU_97.38538,Left_Retroauricular_crease
OTU_97.38538,Stool_1
OTU_97.38538,Palatine_Tonsils_1
OTU_97.38538,Anterior_nares
OTU_97.38549,Supragingival_plaque
OTU_97.38549,Subgingival_plaque_1
OTU_97.38549,Palatine_Tonsils
OTU_97.38556,Throat
OTU_97.38556,Tongue_dorsum_1
OTU_97.38558,Right_Retroauricular_crease_1
OTU_97.38558,Hard_palate_1
OTU_97.38558,Stool
OTU_97.38558,Left_Retroauricular_crease_1
OTU_97.38558,Anterior_nares
OTU_97.38565,Supragingival_plaque_1
OTU_97.38565,Hard_palate_1
OTU_97.38565,Tongue_dorsum_1
OTU_97.38565,Throat_1
OTU_97.38568,Subgingival_plaque
OTU_97.38568,Supragingival_plaque_1
OTU_97.38568,Right_Retroauricular_crease
OTU_97.38568,Subgingival_plaque_1
OTU_97.38568,Left_Retroauricular_crease_1
OTU_97.38568,Left_Antecubital_fossa
OTU_97.38574,Saliva
OTU_97.38574,Left_Antecubital_fossa_1
OTU_97.38574,Hard_palate_1
OTU_97.38574,Left_Retroauricular_crease_1
OTU_97.38580,Buccal_mucosa
OTU_97.38580,Throat
OTU_97.38580,Anterior_nares_1
OTU_97.38583,Left_Retroauricular_crease
OTU_97.38583,Attached_Keratinized_gingiva_1
OTU_97.38583,Left_Antecubital_fossa
OTU_97.38585,Saliva
OTU_97.38586,Throat_1
OTU_97.38589,Buccal_mucosa_1
OTU_97.38589,Left_Antecubital_fossa
OTU_97.38593,Buccal_mucosa_1
OTU_97.38593,Attached_Keratinized_gingiva
OTU_97.3860,Subgingival_plaque
OTU_97.3860,Buccal_mucosa
OTU_97.3860,Attached_Keratinized_gingiva_1
OTU_97.3860,Attached_Keratinized_gingiva
OTU_97.38604,Attached_Keratinized_gingiva
OTU_97.38609,Supragingival_plaque_1
OTU_97.38609,Throat
OTU_97.38612,Right_Retroauricular_crease
OTU_97.38612,Left_Retroauricular_crease
OTU_97.38612,Buccal_mucosa_1
OTU_97.38612,Throat_1
OTU_97.38617,Buccal_mucosa_1
OTU_97.38617,Anterior_nares
OTU_97.38628,Palatine_Tonsils
OTU_97.38628,Right_Antecubital_fossa_1
OTU_97.38634,Saliva
OTU_97.38634,Saliva_1
OTU_97.38634,Throat
OTU_97.38634,Attached_Keratinized_gingiva
OTU_97.38636,Left_Retroauricular_crease
OTU_97.38636,Stool_1
OTU_97.38639,Attached_Keratinized_gingiva_1
OTU_97.38639,Hard_palate_1
OTU_97.38639,Throat
OTU_97.38646,Tongue_dorsum
OTU_97.38646,Palatine_Tonsils
OTU_97.38646,Tongue_dorsum_1
OTU_97.38648,Right_Retroauricular_crease
OTU_97.3865,Left_Antecubital_fossa_1
OTU_97.3865,Right_Retroauricular_crease
OTU_97.3865,Throat
OTU_97.38656,Left_Antecubital_fossa_1
OTU_97.38656,Right_Retroauricular_crease
OTU_97.38656,Right_Antecubital_fossa
OTU_97.38658,Right_Antecubital_fossa
OTU_97.3867,Right_Retroauricular_crease
OTU_97.3867,Right_Antecubital_fossa
OTU_97.3867,Stool
OTU_97.38676,Tongue_dorsum_1
OTU_97.38676,Right_Antecubital_fossa_1
OTU_97.38677,Anterior_nares
OTU_97.3868,Right_Retroauricular_crease_1
OTU_97.3868,Attached_Keratinized_gingiva
OTU_97.3868,Throat_1
OTU_97.38689,Stool_1
OTU_97.38689,Palatine_Tonsils
OTU_97.38689,Palatine_Tonsils_1
OTU_97.38689,Tongue_dorsum_1
OTU_97.3869,Hard_palate_1
OTU_97.3869,Attached_Keratinized_gingiva
OTU_97.38691,Tongue_dorsum
OTU_97.38691,Right_Antecubital_fossa
OTU_97.38691,Attached_Keratinized_gingiva
OTU_97.38691,Palatine_Tonsils_1
OTU_97.38691,Left_Retroauricular_crease_1
OTU_97.38695,Left_Antecubital_fossa_1
OTU_97.38695,Left_Retroauricular_crease
OTU_97.38695,Attached_Keratinized_gingiva_1
OTU_97.38695,Palatine_Tonsils
OTU_97.38695,Right_Antecubital_fossa_1
OTU_97.38696,Buccal_mucosa
OTU_97.38696,Stool_1
OTU_97.38696,Left_Antecubital_fossa
OTU_97.38698,Tongue_dorsum
OTU_97.38698,Right_Antecubital_fossa
OTU_97.38698,Hard_palate_1
OTU_97.38699,Supragingival_plaque
OTU_97.38699,Anterior_nares_1
OTU_97.3870,Hard_palate_1
OTU_97.3870,Left_Retroauricular_crease_1
OTU_97.38700,Subgingival_plaque_1
OTU_97.38700,Saliva_1
OTU_97.38701,Buccal_mucosa
OTU_97.38701,Anterior_nares
OTU_97.38705,Buccal_mucosa
OTU_97.38705,Saliva
OTU_97.3871,Stool
OTU_97.38712,Subgingival_plaque
OTU_97.38712,Buccal_mucosa
OTU_97.38712,Subgingival_plaque_1
OTU_97.38712,Left_Retroauricular_crease_1
OTU_97.38712,Tongue_dorsum_1
OTU_97.38717,Buccal_mucosa
OTU_97.38717,Attached_Keratinized_gingiva_1
OTU_97.38717,Left_Retroauricular_crease_1
OTU_97.38718,Saliva
OTU_97.38718,Stool
OTU_97.38724,Left_Antecubital_fossa_1
OTU_97.38724,Subgingival_plaque_1
OTU_97.38724,Attached_Keratinized_gingiva
OTU_97.38724,Right_Antecubital_fossa_1
OTU_97.38727,Stool_1
OTU_97.38727,Subgingival_plaque_1
OTU_97.38731,Buccal_mucosa
OTU_97.38731,Saliva_1
OTU_97.38731,Anterior_nares_1
OTU_97.38732,Right_Retroauricular_crease
OTU_97.38732,Right_Antecubital_fossa_1
OTU_97.38737,Subgingival_plaque_1
OTU_97.38737,Left_Antecubital_fossa
OTU_97.38737,Anterior_nares_1
OTU_97.38741,Supragingival_plaque
OTU_97.38741,Buccal_mucosa_1
OTU_97.38741,Left_Retroauricular_crease_1
OTU_97.3875,Supragingival_plaque_1
OTU_97.3875,Buccal_mucosa
OTU_97.3875,Right_Retroauricular_crease
OTU_97.38757,Right_Antecubital_fossa
OTU_97.38757,Anterior_nares_1
OTU_97.3876,Hard_palate
OTU_97.3876,Anterior_nares
OTU_97.38762,Hard_palate_1
OTU_97.38762,Right_Antecubital_fossa_1
OTU_97.38765,Anterior_nares_1
OTU_97.38773,Attached_Keratinized_gingiva_1
OTU_97.38773,Throat
OTU_97.38778,Right_Retroauricular_crease_1
OTU_97.38788,Tongue_dorsum
OTU_97.38788,Buccal_mucosa
OTU_97.38789,Tongue_dorsum_1
OTU_97.38794,Left_Retroauricular_crease
OTU_97.38794,Tongue_dorsum_1
OTU_97.38798,Attached_Keratinized_gingiva_1
OTU_97.38799,Saliva
OTU_97.38799,Right_Antecubital_fossa
OTU_97.38799,Stool_1
OTU_97.38799,Right_Antecubital_fossa_1
OTU_97.388,Tongue_dorsum
OTU_97.388,Left_Antecubital_fossa_1
OTU_97.388,Attached_Keratinized_gingiva_1
OTU_97.388,Hard_palate_1
OTU_97.388,Throat
OTU_97.3881,Left_Antecubital_fossa_1
OTU_97.3881,Attached_Keratinized_gingiva_1
OTU_97.3881,Subgingival_plaque_1
OTU_97.3883,Buccal_mucosa
OTU_97.3883,Right_Antecubital_fossa
OTU_97.3883,Buccal_mucosa_1
OTU_97.3883,Anterior_nares
OTU_97.38838,Right_Antecubital_fossa
OTU_97.38838,Left_Retroauricular_crease
OTU_97.3885,Stool_1
OTU_97.38856,Left_Antecubital_fossa_1
OTU_97.38856,Attached_Keratinized_gingiva_1
OTU_97.38856,Buccal_mucosa_1
OTU_97.38858,Buccal_mucosa
OTU_97.38858,Tongue_dorsum_1
OTU_97.38864,Right_Antecubital_fossa_1
OTU_97.38868,Subgingival_plaque
OTU_97.38868,Stool
OTU_97.38868,Throat
OTU_97.38868,Attached_Keratinized_gingiva
OTU_97.38868,Anterior_nares
OTU_97.38868,Throat_1
OTU_97.38869,Buccal_mucosa_1
OTU_97.38869,Saliva_1
OTU_97.38869,Palatine_Tonsils_1
OTU_97.38871,Right_Retroauricular_crease_1
OTU_97.38871,Buccal_mucosa
OTU_97.38872,Right_Retroauricular_crease
OTU_97.38872,Hard_palate_1
OTU_97.38873,Right_Antecubital_fossa_1
OTU_97.38875,Hard_palate
OTU_97.38875,Stool_1
OTU_97.38875,Subgingival_plaque_1
OTU_97.38876,Supragingival_plaque
OTU_97.38877,Right_Retroauricular_crease_1
OTU_97.38877,Buccal_mucosa
OTU_97.38877,Saliva
OTU_97.38879,Supragingival_plaque
OTU_97.38879,Hard_palate_1
OTU_97.38879,Palatine_Tonsils
OTU_97.3888,Stool_1
OTU_97.38888,Throat_1
OTU_97.3889,Supragingival_plaque
OTU_97.3889,Left_Retroauricular_crease
OTU_97.3889,Subgingival_plaque_1
OTU_97.3889,Throat
OTU_97.38894,Saliva
OTU_97.38894,Left_Antecubital_fossa_1
OTU_97.38902,Throat_1
OTU_97.38908,Buccal_mucosa
OTU_97.38908,Anterior_nares_1
OTU_97.38909,Right_Retroauricular_crease_1
OTU_97.38909,Subgingival_plaque
OTU_97.38914,Right_Retroauricular_crease
OTU_97.38914,Buccal_mucosa_1
OTU_97.38914,Left_Retroauricular_crease_1
OTU_97.38917,Tongue_dorsum
OTU_97.38917,Buccal_mucosa_1
OTU_97.38917,Saliva_1
OTU_97.38917,Palatine_Tonsils_1
OTU_97.38917,Anterior_nares_1
OTU_97.38918,Left_Antecubital_fossa_1
OTU_97.38930,Supragingival_plaque_1
OTU_97.38930,Attached_Keratinized_gingiva
OTU_97.38931,Right_Antecubital_fossa
OTU_97.38931,Hard_palate_1
OTU_97.38931,Stool_1
OTU_97.38933,Hard_palate_1
OTU_97.38933,Buccal_mucosa_1
OTU_97.38933,Stool
OTU_97.38934,Hard_palate
OTU_97.38935,Stool
OTU_97.38935,Saliva_1
OTU_97.38935,Right_Antecubital_fossa_1
OTU_97.38943,Attached_Keratinized_gingiva_1
OTU_97.38943,Stool_1
OTU_97.38945,Left_Retroauricular_crease
OTU_97.38945,Anterior_nares
OTU_97.38945,Throat_1
OTU_97.38948,Supragingival_plaque_1
OTU_97.38948,Buccal_mucosa
OTU_97.38948,Right_Antecubital_fossa
OTU_97.38948,Throat_1
OTU_97.38950,Stool
OTU_97.38950,Palatine_Tonsils_1
OTU_97.38950,Throat_1
OTU_97.38956,Tongue_dorsum
OTU_97.38956,Subgingival_plaque
OTU_97.38956,Attached_Keratinized_gingiva_1
OTU_97.38956,Stool
OTU_97.38957,Stool_1
OTU_97.38957,Palatine_Tonsils
OTU_97.38960,Attached_Keratinized_gingiva_1
OTU_97.38960,Palatine_Tonsils_1
OTU_97.38966,Saliva
OTU_97.38969,Attached_Keratinized_gingiva_1
OTU_97.38976,Saliva_1
OTU_97.38976,Palatine_Tonsils
OTU_97.3898,Right_Retroauricular_crease_1
OTU_97.3898,Anterior_nares
OTU_97.38985,Attached_Keratinized_gingiva
OTU_97.38985,Tongue_dorsum_1
OTU_97.38985,Right_Antecubital_fossa_1
OTU_97.38990,Right_Retroauricular_crease
OTU_97.38990,Stool
OTU_97.39,Hard_palate
OTU_97.39,Left_Retroauricular_crease_1
OTU_97.39,Tongue_dorsum_1
OTU_97.3900,Saliva
OTU_97.3900,Hard_palate
OTU_97.3900,Palatine_Tonsils
OTU_97.3900,Right_Antecubital_fossa_1
OTU_97.39002,Right_Retroauricular_crease_1
OTU_97.39002,Right_Antecubital_fossa
OTU_97.39002,Palatine_Tonsils
OTU_97.39007,Supragingival_plaque_1
OTU_97.39007,Right_Retroauricular_crease
OTU_97.39007,Anterior_nares
OTU_97.39011,Stool_1
OTU_97.39011,Palatine_Tonsils
OTU_97.39011,Throat
OTU_97.39011,Throat_1
OTU_97.39014,Supragingival_plaque_1
OTU_97.39014,Buccal_mucosa
OTU_97.39014,Palatine_Tonsils
OTU_97.39014,Anterior_nares
OTU_97.39014,Throat_1
OTU_97.39022,Anterior_nares
OTU_97.39025,Buccal_mucosa_1
OTU_97.39025,Palatine_Tonsils
OTU_97.39027,Attached_Keratinized_gingiva
OTU_97.39032,Subgingival_plaque
OTU_97.39045,Tongue_dorsum
OTU_97.39045,Supragingival_plaque_1
OTU_97.39045,Buccal_mucosa
OTU_97.39045,Hard_palate
OTU_97.39047,Saliva
OTU_97.39047,Hard_palate
OTU_97.39047,Palatine_Tonsils
OTU_97.39047,Palatine_Tonsils_1
OTU_97.39049,Buccal_mucosa
OTU_97.39049,Left_Antecubital_fossa_1
OTU_97.39049,Hard_palate_1
OTU_97.39049,Buccal_mucosa_1
OTU_97.3905,Saliva_1
OTU_97.3905,Anterior_nares_1
OTU_97.39060,Hard_palate_1
OTU_97.39060,Throat
OTU_97.39060,Tongue_dorsum_1
OTU_97.39061,Supragingival_plaque
OTU_97.39061,Right_Antecubital_fossa
OTU_97.39061,Subgingival_plaque_1
OTU_97.39061,Anterior_nares_1
OTU_97.39062,Tongue_dorsum
OTU_97.39062,Hard_palate
OTU_97.39062,Buccal_mucosa_1
OTU_97.39062,Subgingival_plaque_1
OTU_97.39063,Right_Retroauricular_crease
OTU_97.39063,Attached_Keratinized_gingiva_1
OTU_97.39063,Stool_1
OTU_97.39063,Palatine_Tonsils
OTU_97.39067,Saliva
OTU_97.39067,Right_Retroauricular_crease
OTU_97.39067,Attached_Keratinized_gingiva_1
OTU_97.39067,Saliva_1
OTU_97.39074,Saliva
OTU_97.39074,Left_Antecubital_fossa
OTU_97.39074,Right_Antecubital_fossa_1
OTU_97.39075,Supragingival_plaque_1
OTU_97.39075,Right_Antecubital_fossa
OTU_97.39075,Anterior_nares
OTU_97.39078,Tongue_dorsum
OTU_97.39078,Supragingival_plaque_1
OTU_97.39085,Supragingival_plaque
OTU_97.3909,Subgingival_plaque
OTU_97.3909,Anterior_nares_1
OTU_97.39091,Supragingival_plaque
OTU_97.39091,Anterior_nares_1
OTU_97.39095,Left_Retroauricular_crease
OTU_97.39095,Throat
OTU_97.39095,Anterior_nares
OTU_97.39095,Throat_1
OTU_97.39101,Right_Retroauricular_crease_1
OTU_97.39101,Left_Retroauricular_crease
OTU_97.39101,Hard_palate_1
OTU_97.39101,Left_Antecubital_fossa
OTU_97.39101,Right_Antecubital_fossa_1
OTU_97.39106,Left_Antecubital_fossa_1
OTU_97.39106,Attached_Keratinized_gingiva
OTU_97.39108,Tongue_dorsum
OTU_97.39108,Attached_Keratinized_gingiva_1
OTU_97.39111,Attached_Keratinized_gingiva_1
OTU_97.39111,Hard_palate_1
OTU_97.39112,Left_Retroauricular_crease
OTU_97.39112,Throat
OTU_97.39112,Attached_Keratinized_gingiva
OTU_97.39112,Left_Retroauricular_crease_1
OTU_97.39115,Right_Retroauricular_crease_1
OTU_97.39125,Supragingival_plaque
OTU_97.39125,Left_Antecubital_fossa_1
OTU_97.39125,Right_Retroauricular_crease
OTU_97.39125,Right_Antecubital_fossa
OTU_97.39125,Left_Antecubital_fossa
OTU_97.39134,Supragingival_plaque
OTU_97.39136,Left_Antecubital_fossa
OTU_97.39136,Right_Antecubital_fossa_1
OTU_97.39146,Attached_Keratinized_gingiva
OTU_97.39146,Right_Antecubital_fossa_1
OTU_97.3915,Right_Antecubital_fossa_1
OTU_97.39150,Saliva
OTU_97.39150,Left_Antecubital_fossa_1
OTU_97.39150,Throat_1
OTU_97.39151,Subgingival_plaque
OTU_97.39151,Left_Antecubital_fossa_1
OTU_97.39151,Hard_palate
OTU_97.39151,Throat_1
OTU_97.39154,Subgingival_plaque
OTU_97.39154,Supragingival_plaque
OTU_97.39154,Hard_palate
OTU_97.39154,Palatine_Tonsils
OTU_97.39154,Anterior_nares
OTU_97.39154,Anterior_nares_1
OTU_97.39160,Buccal_mucosa
OTU_97.39160,Left_Retroauricular_crease
OTU_97.39160,Anterior_nares_1
OTU_97.39162,Tongue_dorsum
OTU_97.39162,Buccal_mucosa
OTU_97.39162,Left_Retroauricular_crease_1
OTU_97.39162,Left_Antecubital_fossa
OTU_97.39163,Saliva
OTU_97.39163,Right_Antecubital_fossa
OTU_97.39163,Palatine_Tonsils
OTU_97.39164,Buccal_mucosa
OTU_97.39164,Right_Retroauricular_crease
OTU_97.39164,Left_Retroauricular_crease
OTU_97.39164,Hard_palate
OTU_97.39164,Palatine_Tonsils_1
OTU_97.39167,Left_Retroauricular_crease_1
OTU_97.39167,Tongue_dorsum_1
OTU_97.39173,Subgingival_plaque
OTU_97.39173,Buccal_mucosa_1
OTU_97.39182,Tongue_dorsum
OTU_97.39182,Hard_palate
OTU_97.39182,Subgingival_plaque_1
OTU_97.39182,Palatine_Tonsils_1
OTU_97.39183,Saliva
OTU_97.39183,Attached_Keratinized_gingiva_1
OTU_97.39183,Buccal_mucosa_1
OTU_97.39183,Right_Antecubital_fossa_1
OTU_97.3919,Stool_1
OTU_97.3919,Right_Antecubital_fossa_1
OTU_97.39193,Supragingival_plaque_1
OTU_97.39193,Left_Antecubital_fossa_1
OTU_97.39193,Attached_Keratinized_gingiva_1
OTU_97.39193,Hard_palate
OTU_97.39193,Buccal_mucosa_1
OTU_97.39193,Stool
OTU_97.39193,Attached_Keratinized_gingiva
OTU_97.39207,Hard_palate_1
OTU_97.39208,Attached_Keratinized_gingiva_1
OTU_97.39208,Hard_palate_1
OTU_97.39208,Saliva_1
OTU_97.39208,Anterior_nares_1
OTU_97.39210,Tongue_dorsum_1
OTU_97.39211,Tongue_dorsum
OTU_97.39211,Throat
OTU_97.39211,Anterior_nares_1
OTU_97.39213,Left_Antecubital_fossa_1
OTU_97.39213,Anterior_nares_1
OTU_97.39214,Saliva
OTU_97.39214,Buccal_mucosa_1
OTU_97.39214,Palatine_Tonsils
OTU_97.39216,Stool
OTU_97.39219,Stool
OTU_97.39219,Stool_1
OTU_97.39219,Throat
OTU_97.39219,Right_Antecubital_fossa_1
OTU_97.39219,Throat_1
OTU_97.39222,Subgingival_plaque_1
OTU_97.39237,Right_Antecubital_fossa_1
OTU_97.39237,Throat_1
OTU_97.3924,Supragingival_plaque
OTU_97.3924,Hard_palate_1
OTU_97.39241,Left_Antecubital_fossa_1
OTU_97.39241,Subgingival_plaque_1
OTU_97.39241,Palatine_Tonsils
OTU_97.39245,Anterior_nares
OTU_97.39245,Anterior_nares_1
OTU_97.39246,Subgingival_plaque_1
OTU_97.39249,Left_Antecubital_fossa_1
OTU_97.39249,Hard_palate
OTU_97.39258,Right_Antecubital_fossa_1
OTU_97.3926,Supragingival_plaque
OTU_97.3926,Left_Antecubital_fossa_1
OTU_97.39262,Stool
OTU_97.39263,Stool
OTU_97.39264,Left_Antecubital_fossa
OTU_97.39268,Supragingival_plaque_1
OTU_97.39268,Right_Retroauricular_crease
OTU_97.39268,Subgingival_plaque_1
OTU_97.39268,Left_Antecubital_fossa
OTU_97.39273,Tongue_dorsum
OTU_97.3929,Hard_palate
OTU_97.3929,Buccal_mucosa_1
OTU_97.3929,Anterior_nares
OTU_97.39296,Left_Antecubital_fossa_1
OTU_97.39296,Anterior_nares_1
OTU_97.39298,Right_Retroauricular_crease
OTU_97.39298,Right_Antecubital_fossa
OTU_97.39298,Left_Retroauricular_crease_1
OTU_97.39298,Tongue_dorsum_1
OTU_97.39299,Supragingival_plaque_1
OTU_97.393,Tongue_dorsum
OTU_97.393,Left_Antecubital_fossa_1
OTU_97.393,Hard_palate
OTU_97.39301,Left_Antecubital_fossa_1
OTU_97.39301,Throat_1
OTU_97.39302,Left_Retroauricular_crease
OTU_97.39302,Throat_1
OTU_97.39308,Right_Retroauricular_crease_1
OTU_97.39308,Left_Retroauricular_crease
OTU_97.39309,Hard_palate
OTU_97.39310,Throat
OTU_97.39312,Hard_palate
OTU_97.39312,Subgingival_plaque_1
OTU_97.39312,Tongue_dorsum_1
OTU_97.3932,Left_Antecubital_fossa
OTU_97.3932,Anterior_nares_1
OTU_97.39329,Right_Antecubital_fossa
OTU_97.39329,Attached_Keratinized_gingiva
OTU_97.39340,Palatine_Tonsils
OTU_97.39343,Supragingival_plaque
OTU_97.39343,Left_Retroauricular_crease
OTU_97.39343,Palatine_Tonsils
OTU_97.39350,Left_Antecubital_fossa_1
OTU_97.39350,Anterior_nares_1
OTU_97.39352,Supragingival_plaque_1
OTU_97.39352,Left_Antecubital_fossa_1
OTU_97.39352,Right_Retroauricular_crease
OTU_97.39352,Left_Retroauricular_crease_1
OTU_97.39352,Tongue_dorsum_1
OTU_97.39353,Supragingival_plaque
OTU_97.39353,Left_Antecubital_fossa_1
OTU_97.39353,Left_Retroauricular_crease_1
OTU_97.39356,Buccal_mucosa
OTU_97.39356,Right_Retroauricular_crease
OTU_97.39356,Subgingival_plaque_1
OTU_97.39365,Hard_palate_1
OTU_97.39365,Throat_1
OTU_97.39367,Palatine_Tonsils
OTU_97.39367,Throat
OTU_97.39367,Anterior_nares
OTU_97.39389,Left_Retroauricular_crease
OTU_97.39389,Saliva_1
OTU_97.39389,Palatine_Tonsils
OTU_97.39389,Right_Antecubital_fossa_1
OTU_97.39393,Buccal_mucosa_1
OTU_97.39393,Stool_1
OTU_97.39393,Saliva_1
OTU_97.39393,Palatine_Tonsils
OTU_97.39397,Tongue_dorsum
OTU_97.39397,Buccal_mucosa
OTU_97.39399,Supragingival_plaque
OTU_97.39399,Subgingival_plaque_1
OTU_97.39399,Palatine_Tonsils
OTU_97.39399,Palatine_Tonsils_1
OTU_97.39399,Anterior_nares
OTU_97.394,Left_Retroauricular_crease_1
OTU_97.394,Anterior_nares
OTU_97.394,Tongue_dorsum_1
OTU_97.394,Right_Antecubital_fossa_1
OTU_97.39401,Right_Retroauricular_crease_1
OTU_97.39401,Left_Antecubital_fossa_1
OTU_97.39401,Right_Antecubital_fossa
OTU_97.39401,Stool_1
OTU_97.39401,Subgingival_plaque_1
OTU_97.39401,Throat
OTU_97.39401,Tongue_dorsum_1
OTU_97.39401,Throat_1
OTU_97.39413,Tongue_dorsum
OTU_97.39413,Right_Retroauricular_crease_1
OTU_97.39413,Subgingival_plaque
OTU_97.39413,Stool_1
OTU_97.39414,Attached_Keratinized_gingiva_1
OTU_97.39414,Hard_palate
OTU_97.39414,Anterior_nares_1
OTU_97.39423,Right_Antecubital_fossa
OTU_97.39423,Anterior_nares
OTU_97.39423,Tongue_dorsum_1
OTU_97.39425,Left_Antecubital_fossa_1
OTU_97.3943,Palatine_Tonsils
OTU_97.3943,Throat
OTU_97.3943,Left_Antecubital_fossa
OTU_97.3943,Anterior_nares_1
OTU_97.39432,Hard_palate_1
OTU_97.39432,Subgingival_plaque_1
OTU_97.39432,Attached_Keratinized_gingiva
OTU_97.39432,Right_Antecubital_fossa_1
OTU_97.39439,Stool
OTU_97.3944,Throat
OTU_97.39445,Stool
OTU_97.39445,Stool_1
OTU_97.39445,Palatine_Tonsils_1
OTU_97.39445,Anterior_nares
OTU_97.39445,Right_Antecubital_fossa_1
OTU_97.39450,Hard_palate
OTU_97.39450,Subgingival_plaque_1
OTU_97.39450,Anterior_nares
OTU_97.39480,Right_Retroauricular_crease
OTU_97.39480,Buccal_mucosa_1
OTU_97.39480,Attached_Keratinized_gingiva
OTU_97.39482,Subgingival_plaque
OTU_97.39482,Anterior_nares
OTU_97.39485,Right_Antecubital_fossa
OTU_97.39485,Left_Retroauricular_crease
OTU_97.39485,Throat_1
OTU_97.39489,Throat_1
OTU_97.3949,Stool_1
OTU_97.39491,Right_Antecubital_fossa
OTU_97.39491,Subgingival_plaque_1
OTU_97.39491,Tongue_dorsum_1
OTU_97.39497,Subgingival_plaque
OTU_97.39498,Saliva
OTU_97.395,Stool
OTU_97.395,Anterior_nares
OTU_97.395,Right_Antecubital_fossa_1
OTU_97.39509,Right_Retroauricular_crease_1
OTU_97.39509,Hard_palate
OTU_97.39511,Right_Retroauricular_crease_1
OTU_97.39511,Subgingival_plaque
OTU_97.39511,Hard_palate_1
OTU_97.39512,Tongue_dorsum
OTU_97.39512,Supragingival_plaque
OTU_97.39512,Left_Antecubital_fossa_1
OTU_97.39513,Saliva
OTU_97.39513,Palatine_Tonsils
OTU_97.39513,Tongue_dorsum_1
OTU_97.39517,Palatine_Tonsils_1
OTU_97.39517,Left_Retroauricular_crease_1
OTU_97.39517,Anterior_nares
OTU_97.39517,Tongue_dorsum_1
OTU_97.39517,Throat_1
OTU_97.39522,Saliva
OTU_97.39522,Right_Antecubital_fossa
OTU_97.39522,Hard_palate
OTU_97.39524,Right_Retroauricular_crease_1
OTU_97.39524,Right_Antecubital_fossa
OTU_97.39524,Attached_Keratinized_gingiva_1
OTU_97.39524,Anterior_nares
OTU_97.39525,Supragingival_plaque_1
OTU_97.39525,Right_Retroauricular_crease
OTU_97.39525,Attached_Keratinized_gingiva_1
OTU_97.39526,Tongue_dorsum
OTU_97.39529,Left_Retroauricular_crease_1
OTU_97.39532,Left_Retroauricular_crease
OTU_97.39532,Subgingival_plaque_1
OTU_97.39544,Anterior_nares
OTU_97.39545,Left_Antecubital_fossa_1
OTU_97.39545,Buccal_mucosa_1
OTU_97.39545,Tongue_dorsum_1
OTU_97.39546,Right_Antecubital_fossa
OTU_97.39546,Left_Retroauricular_crease
OTU_97.39546,Hard_palate_1
OTU_97.3955,Palatine_Tonsils
OTU_97.39552,Supragingival_plaque_1
OTU_97.39552,Attached_Keratinized_gingiva_1
OTU_97.39552,Tongue_dorsum_1
OTU_97.39553,Stool
OTU_97.39553,Palatine_Tonsils_1
OTU_97.39558,Attached_Keratinized_gingiva_1
OTU_97.39558,Palatine_Tonsils
OTU_97.39568,Left_Retroauricular_crease
OTU_97.39569,Hard_palate_1
OTU_97.39569,Saliva_1
OTU_97.39569,Anterior_nares
OTU_97.39571,Right_Retroauricular_crease_1
OTU_97.39571,Stool_1
OTU_97.39571,Tongue_dorsum_1
OTU_97.39576,Right_Retroauricular_crease_1
OTU_97.39576,Left_Antecubital_fossa_1
OTU_97.39576,Attached_Keratinized_gingiva
OTU_97.39576,Anterior_nares
OTU_97.39579,Subgingival_plaque_1
OTU_97.39579,Throat
OTU_97.39579,Throat_1
OTU_97.39584,Hard_palate_1
OTU_97.39584,Throat
OTU_97.39584,Attached_Keratinized_gingiva
OTU_97.39584,Left_Antecubital_fossa
OTU_97.39585,Saliva
OTU_97.39585,Throat_1
OTU_97.39590,Left_Antecubital_fossa_1
OTU_97.39590,Stool
OTU_97.39590,Right_Antecubital_fossa_1
OTU_97.39596,Saliva
OTU_97.39596,Stool_1
OTU_97.39596,Anterior_nares
OTU_97.39596,Right_Antecubital_fossa_1
OTU_97.39598,Hard_palate
OTU_97.39598,Stool
OTU_97.39598,Saliva_1
OTU_97.39598,Palatine_Tonsils
OTU_97.39598,Attached_Keratinized_gingiva
OTU_97.396,Hard_palate
OTU_97.396,Attached_Keratinized_gingiva
OTU_97.396,Left_Antecubital_fossa
OTU_97.39601,Buccal_mucosa
OTU_97.39603,Buccal_mucosa
OTU_97.39603,Right_Antecubital_fossa_1
OTU_97.39605,Throat
OTU_97.39608,Left_Retroauricular_crease
OTU_97.39609,Saliva
OTU_97.39609,Palatine_Tonsils
OTU_97.39609,Anterior_nares_1
OTU_97.39611,Right_Retroauricular_crease_1
OTU_97.39611,Anterior_nares
OTU_97.39611,Left_Antecubital_fossa
OTU_97.39618,Stool_1
OTU_97.39618,Subgingival_plaque_1
OTU_97.39625,Tongue_dorsum
OTU_97.39625,Buccal_mucosa_1
OTU_97.39625,Palatine_Tonsils_1
OTU_97.39627,Right_Antecubital_fossa
OTU_97.39627,Tongue_dorsum_1
OTU_97.39627,Throat_1
OTU_97.39633,Subgingival_plaque_1
OTU_97.39642,Left_Antecubital_fossa_1
OTU_97.39642,Right_Antecubital_fossa
OTU_97.39645,Right_Retroauricular_crease_1
OTU_97.39645,Left_Antecubital_fossa_1
OTU_97.39645,Hard_palate
OTU_97.39651,Attached_Keratinized_gingiva_1
OTU_97.39653,Left_Antecubital_fossa_1
OTU_97.39653,Buccal_mucosa_1
OTU_97.39653,Subgingival_plaque_1
OTU_97.39667,Supragingival_plaque
OTU_97.39667,Attached_Keratinized_gingiva
OTU_97.39676,Palatine_Tonsils_1
OTU_97.39676,Left_Retroauricular_crease_1
OTU_97.39677,Buccal_mucosa_1
OTU_97.39677,Palatine_Tonsils
OTU_97.39677,Anterior_nares
OTU_97.39678,Subgingival_plaque
OTU_97.39678,Supragingival_plaque
OTU_97.39678,Subgingival_plaque_1
OTU_97.39678,Palatine_Tonsils
OTU_97.39679,Stool
OTU_97.39679,Palatine_Tonsils
OTU_97.39679,Attached_Keratinized_gingiva
OTU_97.3968,Attached_Keratinized_gingiva_1
OTU_97.3968,Buccal_mucosa_1
OTU_97.3968,Palatine_Tonsils
OTU_97.39680,Left_Retroauricular_crease
OTU_97.39680,Anterior_nares_1
OTU_97.39681,Subgingival_plaque_1
OTU_97.39681,Saliva_1
OTU_97.39685,Left_Retroauricular_crease
OTU_97.39685,Throat
OTU_97.39692,Supragingival_plaque
OTU_97.39692,Left_Retroauricular_crease_1
OTU_97.39694,Left_Antecubital_fossa_1
OTU_97.39694,Palatine_Tonsils
OTU_97.39694,Throat
OTU_97.39699,Right_Antecubital_fossa
OTU_97.3970,Attached_Keratinized_gingiva
OTU_97.39711,Left_Antecubital_fossa_1
OTU_97.39711,Buccal_mucosa_1
OTU_97.39711,Stool_1
OTU_97.39720,Supragingival_plaque_1
OTU_97.39720,Anterior_nares
OTU_97.39731,Tongue_dorsum
OTU_97.39731,Buccal_mucosa
OTU_97.39733,Subgingival_plaque
OTU_97.39733,Buccal_mucosa_1
OTU_97.39734,Saliva
OTU_97.39734,Right_Antecubital_fossa
OTU_97.39738,Buccal_mucosa
OTU_97.39740,Right_Antecubital_fossa
OTU_97.39740,Saliva_1
OTU_97.39740,Right_Antecubital_fossa_1
OTU_97.39744,Throat
OTU_97.39744,Throat_1
OTU_97.39749,Right_Antecubital_fossa
OTU_97.39756,Right_Retroauricular_crease_1
OTU_97.39756,Supragingival_plaque_1
OTU_97.39757,Buccal_mucosa_1
OTU_97.39757,Left_Retroauricular_crease_1
OTU_97.39757,Left_Antecubital_fossa
OTU_97.3976,Saliva
OTU_97.3976,Buccal_mucosa_1
OTU_97.3976,Left_Antecubital_fossa
OTU_97.3976,Anterior_nares_1
OTU_97.39761,Left_Retroauricular_crease
OTU_97.39761,Hard_palate_1
OTU_97.39761,Left_Retroauricular_crease_1
OTU_97.39761,Anterior_nares_1
OTU_97.39762,Palatine_Tonsils
OTU_97.39762,Palatine_Tonsils_1
OTU_97.39767,Buccal_mucosa
OTU_97.39767,Left_Antecubital_fossa
OTU_97.39768,Left_Retroauricular_crease
OTU_97.39768,Stool
OTU_97.39768,Stool_1
OTU_97.3977,Subgingival_plaque
OTU_97.3977,Saliva
OTU_97.3977,Palatine_Tonsils_1
OTU_97.39775,Hard_palate
OTU_97.39775,Left_Retroauricular_crease_1
OTU_97.39778,Attached_Keratinized_gingiva_1
OTU_97.3978,Right_Retroauricular_crease_1
OTU_97.3978,Subgingival_plaque
OTU_97.3978,Saliva
OTU_97.3978,Palatine_Tonsils_1
OTU_97.39787,Supragingival_plaque
OTU_97.39787,Subgingival_plaque_1
OTU_97.39787,Attached_Keratinized_gingiva
OTU_97.39792,Left_Antecubital_fossa
OTU_97.39794,Tongue_dorsum
OTU_97.39794,Buccal_mucosa
OTU_97.39794,Saliva_1
OTU_97.39794,Anterior_nares
OTU_97.39795,Hard_palate_1
OTU_97.39795,Palatine_Tonsils
OTU_97.39795,Anterior_nares
OTU_97.39795,Anterior_nares_1
OTU_97.39796,Right_Retroauricular_crease
OTU_97.39796,Palatine_Tonsils
OTU_97.39796,Tongue_dorsum_1
OTU_97.39801,Subgingival_plaque
OTU_97.39803,Right_Retroauricular_crease_1
OTU_97.39803,Left_Retroauricular_crease
OTU_97.39803,Left_Antecubital_fossa
OTU_97.39805,Tongue_dorsum
OTU_97.39805,Right_Retroauricular_crease_1
OTU_97.39805,Buccal_mucosa
OTU_97.39805,Left_Retroauricular_crease_1
OTU_97.39808,Right_Retroauricular_crease_1
OTU_97.39808,Stool_1
OTU_97.39808,Throat
OTU_97.39808,Anterior_nares
OTU_97.39819,Supragingival_plaque_1
OTU_97.39819,Saliva
OTU_97.39819,Throat
OTU_97.39823,Supragingival_plaque_1
OTU_97.39823,Buccal_mucosa
OTU_97.39823,Stool
OTU_97.39823,Subgingival_plaque_1
OTU_97.39823,Tongue_dorsum_1
OTU_97.39824,Hard_palate
OTU_97.39824,Buccal_mucosa_1
OTU_97.39824,Left_Retroauricular_crease_1
OTU_97.39830,Right_Antecubital_fossa_1
OTU_97.39842,Supragingival_plaque_1
OTU_97.39845,Right_Antecubital_fossa_1
OTU_97.39846,Right_Retroauricular_crease_1
OTU_97.39846,Left_Antecubital_fossa_1
OTU_97.39846,Subgingival_plaque_1
OTU_97.39846,Saliva_1
OTU_97.39846,Left_Antecubital_fossa
OTU_97.39846,Throat_1
OTU_97.39848,Attached_Keratinized_gingiva
OTU_97.3985,Stool
OTU_97.3985,Stool_1
OTU_97.3985,Palatine_Tonsils
OTU_97.39852,Hard_palate_1
OTU_97.39852,Stool
OTU_97.39852,Throat
OTU_97.39852,Anterior_nares
OTU_97.39857,Buccal_mucosa_1
OTU_97.39857,Tongue_dorsum_1
OTU_97.3986,Hard_palate
OTU_97.39862,Supragingival_plaque
OTU_97.39862,Saliva
OTU_97.39862,Hard_palate_1
OTU_97.39865,Attached_Keratinized_gingiva_1
OTU_97.39871,Buccal_mucosa
OTU_97.39871,Right_Antecubital_fossa
OTU_97.39871,Hard_palate_1
OTU_97.39879,Saliva_1
OTU_97.39883,Anterior_nares_1
OTU_97.39887,Buccal_mucosa_1
OTU_97.39887,Throat_1
OTU_97.39888,Left_Antecubital_fossa_1
OTU_97.39888,Left_Retroauricular_crease
OTU_97.39888,Hard_palate
OTU_97.39888,Stool_1
OTU_97.39888,Left_Antecubital_fossa
OTU_97.39894,Throat_1
OTU_97.39898,Anterior_nares
OTU_97.39898,Tongue_dorsum_1
OTU_97.39902,Saliva
OTU_97.39902,Hard_palate
OTU_97.39902,Palatine_Tonsils
OTU_97.39902,Left_Antecubital_fossa
OTU_97.39904,Tongue_dorsum
OTU_97.39904,Supragingival_plaque
OTU_97.39904,Saliva
OTU_97.39904,Hard_palate
OTU_97.39904,Stool_1
OTU_97.39904,Palatine_Tonsils_1
OTU_97.39905,Right_Retroauricular_crease_1
OTU_97.39905,Subgingival_plaque
OTU_97.39905,Right_Antecubital_fossa_1
OTU_97.39906,Buccal_mucosa
OTU_97.39906,Supragingival_plaque
OTU_97.39906,Throat
OTU_97.39906,Right_Antecubital_fossa_1
OTU_97.39910,Right_Retroauricular_crease
OTU_97.39912,Supragingival_plaque
OTU_97.39912,Palatine_Tonsils_1
OTU_97.39913,Subgingival_plaque
OTU_97.39915,Right_Antecubital_fossa
OTU_97.39915,Hard_palate
OTU_97.39920,Right_Antecubital_fossa
OTU_97.39920,Attached_Keratinized_gingiva_1
OTU_97.39920,Subgingival_plaque_1
OTU_97.39920,Attached_Keratinized_gingiva
OTU_97.39925,Right_Retroauricular_crease_1
OTU_97.39925,Attached_Keratinized_gingiva_1
OTU_97.39925,Left_Retroauricular_crease_1
OTU_97.39925,Tongue_dorsum_1
OTU_97.39925,Right_Antecubital_fossa_1
OTU_97.39926,Right_Antecubital_fossa
OTU_97.39932,Left_Retroauricular_crease
OTU_97.39932,Right_Antecubital_fossa_1
OTU_97.39937,Right_Retroauricular_crease
OTU_97.39937,Palatine_Tonsils
OTU_97.39938,Tongue_dorsum
OTU_97.39938,Left_Antecubital_fossa_1
OTU_97.39942,Stool_1
OTU_97.39942,Tongue_dorsum_1
OTU_97.39942,Anterior_nares_1
OTU_97.39945,Supragingival_plaque_1
OTU_97.39945,Right_Antecubital_fossa
OTU_97.39945,Attached_Keratinized_gingiva_1
OTU_97.39950,Tongue_dorsum
OTU_97.39950,Right_Antecubital_fossa
OTU_97.39950,Subgingival_plaque_1
OTU_97.39950,Throat
OTU_97.39950,Right_Antecubital_fossa_1
OTU_97.39957,Supragingival_plaque
OTU_97.39957,Buccal_mucosa_1
OTU_97.39957,Throat_1
OTU_97.39958,Stool_1
OTU_97.39961,Buccal_mucosa
OTU_97.39961,Left_Antecubital_fossa_1
OTU_97.39970,Left_Antecubital_fossa_1
OTU_97.39970,Tongue_dorsum_1
OTU_97.39971,Right_Retroauricular_crease_1
OTU_97.39971,Right_Retroauricular_crease
OTU_97.39971,Stool
OTU_97.39974,Palatine_Tonsils
OTU_97.39974,Right_Antecubital_fossa_1
OTU_97.39977,Throat
OTU_97.39977,Anterior_nares_1
OTU_97.39978,Supragingival_plaque
OTU_97.39978,Palatine_Tonsils_1
OTU_97.39978,Tongue_dorsum_1
OTU_97.3998,Left_Retroauricular_crease
OTU_97.3998,Anterior_nares_1
OTU_97.39982,Right_Retroauricular_crease_1
OTU_97.39982,Supragingival_plaque_1
OTU_97.39982,Hard_palate
OTU_97.39982,Attached_Keratinized_gingiva
OTU_97.39982,Anterior_nares
OTU_97.39983,Buccal_mucosa
OTU_97.39983,Right_Antecubital_fossa_1
OTU_97.39988,Saliva
OTU_97.39988,Right_Retroauricular_crease
OTU_97.39989,Supragingival_plaque_1
OTU_97.39989,Hard_palate
OTU_97.39989,Buccal_mucosa_1
OTU_97.39989,Palatine_Tonsils
OTU_97.39989,Left_Retroauricular_crease_1
OTU_97.39989,Anterior_nares
OTU_97.39989,Throat_1
OTU_97.3999,Supragingival_plaque
OTU_97.3999,Stool_1
OTU_97.3999,Saliva_1
OTU_97.39992,Tongue_dorsum
OTU_97.39992,Anterior_nares
OTU_97.39993,Left_Retroauricular_crease_1
OTU_97.39993,Throat_1
OTU_97.39995,Supragingival_plaque_1
OTU_97.39995,Right_Retroauricular_crease
OTU_97.39995,Right_Antecubital_fossa
OTU_97.39998,Subgingival_plaque
OTU_97.39998,Saliva
OTU_97.39998,Left_Retroauricular_crease_1
OTU_97.39998,Anterior_nares_1
OTU_97.40,Right_Retroauricular_crease
OTU_97.40,Hard_palate
OTU_97.40,Buccal_mucosa_1
OTU_97.40,Stool_1
OTU_97.40,Palatine_Tonsils_1
OTU_97.4000,Tongue_dorsum
OTU_97.4000,Right_Retroauricular_crease
OTU_97.40002,Right_Retroauricular_crease_1
OTU_97.40002,Supragingival_plaque
OTU_97.40002,Anterior_nares
OTU_97.40003,Right_Retroauricular_crease_1
OTU_97.40003,Attached_Keratinized_gingiva_1
OTU_97.40003,Subgingival_plaque_1
OTU_97.40004,Hard_palate
OTU_97.40004,Hard_palate_1
OTU_97.40004,Stool_1
OTU_97.40004,Anterior_nares_1
OTU_97.40005,Left_Retroauricular_crease
OTU_97.40008,Right_Retroauricular_crease_1
OTU_97.40008,Hard_palate_1
OTU_97.40008,Subgingival_plaque_1
OTU_97.40008,Left_Antecubital_fossa
OTU_97.40011,Supragingival_plaque_1
OTU_97.40011,Left_Antecubital_fossa_1
OTU_97.40011,Saliva_1
OTU_97.40011,Attached_Keratinized_gingiva
OTU_97.40011,Tongue_dorsum_1
OTU_97.40025,Left_Antecubital_fossa_1
OTU_97.40025,Throat
OTU_97.40025,Palatine_Tonsils_1
OTU_97.40028,Hard_palate_1
OTU_97.40028,Throat
OTU_97.40028,Left_Retroauricular_crease_1
OTU_97.40028,Throat_1
OTU_97.40033,Supragingival_plaque_1
OTU_97.40033,Throat_1
OTU_97.40053,Right_Retroauricular_crease_1
OTU_97.40053,Stool
OTU_97.40053,Left_Antecubital_fossa
OTU_97.40055,Palatine_Tonsils_1
OTU_97.40059,Left_Antecubital_fossa_1
OTU_97.40059,Palatine_Tonsils_1
OTU_97.40062,Supragingival_plaque_1
OTU_97.40062,Hard_palate
OTU_97.40065,Left_Antecubital_fossa_1
OTU_97.40065,Hard_palate_1
OTU_97.40065,Palatine_Tonsils
OTU_97.40065,Palatine_Tonsils_1
OTU_97.4008,Tongue_dorsum
OTU_97.4008,Left_Retroauricular_crease
OTU_97.4008,Attached_Keratinized_gingiva_1
OTU_97.4008,Throat_1
OTU_97.4009,Left_Retroauricular_crease_1
OTU_97.40090,Hard_palate
OTU_97.40090,Stool_1
OTU_97.40090,Attached_Keratinized_gingiva
OTU_97.40090,Left_Retroauricular_crease_1
OTU_97.40090,Tongue_dorsum_1
OTU_97.40092,Subgingival_plaque
OTU_97.40097,Right_Retroauricular_crease_1
OTU_97.40097,Right_Retroauricular_crease
OTU_97.40104,Saliva
OTU_97.40104,Left_Antecubital_fossa_1
OTU_97.40104,Attached_Keratinized_gingiva_1
OTU_97.40104,Hard_palate
OTU_97.40104,Palatine_Tonsils_1
OTU_97.40105,Buccal_mucosa_1
OTU_97.40119,Left_Antecubital_fossa
OTU_97.40121,Tongue_dorsum_1
OTU_97.40125,Buccal_mucosa
OTU_97.40126,Right_Retroauricular_crease_1
OTU_97.40126,Subgingival_plaque
OTU_97.40126,Left_Antecubital_fossa_1
OTU_97.40126,Palatine_Tonsils
OTU_97.40128,Subgingival_plaque
OTU_97.40136,Right_Antecubital_fossa_1
OTU_97.40142,Supragingival_plaque
OTU_97.40142,Saliva_1
OTU_97.40142,Attached_Keratinized_gingiva
OTU_97.40142,Anterior_nares_1
OTU_97.40159,Attached_Keratinized_gingiva_1
OTU_97.40159,Hard_palate_1
OTU_97.40159,Left_Antecubital_fossa
OTU_97.40165,Saliva
OTU_97.40165,Left_Antecubital_fossa_1
OTU_97.40165,Left_Retroauricular_crease
OTU_97.40170,Hard_palate_1
OTU_97.40170,Stool_1
OTU_97.40170,Palatine_Tonsils_1
OTU_97.40170,Right_Antecubital_fossa_1
OTU_97.40176,Anterior_nares
OTU_97.40176,Tongue_dorsum_1
OTU_97.40176,Right_Antecubital_fossa_1
OTU_97.40180,Buccal_mucosa_1
OTU_97.40180,Subgingival_plaque_1
OTU_97.40180,Saliva_1
OTU_97.40180,Palatine_Tonsils_1
OTU_97.40182,Right_Retroauricular_crease_1
OTU_97.40182,Saliva
OTU_97.40182,Anterior_nares_1
OTU_97.40186,Hard_palate
OTU_97.40186,Stool
OTU_97.40186,Palatine_Tonsils
OTU_97.40186,Throat
OTU_97.4019,Supragingival_plaque
OTU_97.4019,Throat
OTU_97.4019,Tongue_dorsum_1
OTU_97.4019,Throat_1
OTU_97.40190,Palatine_Tonsils
OTU_97.40190,Throat
OTU_97.40190,Right_Antecubital_fossa_1
OTU_97.40196,Palatine_Tonsils
OTU_97.40196,Tongue_dorsum_1
OTU_97.40202,Subgingival_plaque
OTU_97.40202,Palatine_Tonsils
OTU_97.40202,Throat_1
OTU_97.40207,Tongue_dorsum
OTU_97.40207,Subgingival_plaque
OTU_97.40207,Hard_palate
OTU_97.40207,Throat
OTU_97.40207,Palatine_Tonsils_1
OTU_97.40207,Left_Retroauricular_crease_1
OTU_97.4021,Right_Retroauricular_crease_1
OTU_97.4021,Hard_palate
OTU_97.4021,Subgingival_plaque_1
OTU_97.4021,Left_Antecubital_fossa
OTU_97.40210,Supragingival_plaque
OTU_97.40210,Left_Retroauricular_crease
OTU_97.40210,Hard_palate_1
OTU_97.40210,Throat_1
OTU_97.40217,Supragingival_plaque
OTU_97.40217,Palatine_Tonsils
OTU_97.40217,Anterior_nares
OTU_97.4022,Saliva
OTU_97.4022,Throat_1
OTU_97.40221,Left_Antecubital_fossa
OTU_97.40223,Right_Retroauricular_crease_1
OTU_97.40223,Right_Retroauricular_crease
OTU_97.40223,Anterior_nares_1
OTU_97.40225,Palatine_Tonsils
OTU_97.40225,Left_Antecubital_fossa
OTU_97.40225,Anterior_nares_1
OTU_97.40226,Subgingival_plaque
OTU_97.40226,Stool_1
OTU_97.40229,Throat
OTU_97.40229,Anterior_nares
OTU_97.40229,Throat_1
OTU_97.40239,Saliva
OTU_97.40239,Subgingival_plaque_1
OTU_97.40239,Saliva_1
OTU_97.40244,Right_Retroauricular_crease
OTU_97.40245,Supragingival_plaque_1
OTU_97.40245,Attached_Keratinized_gingiva_1
OTU_97.40245,Throat_1
OTU_97.4025,Right_Antecubital_fossa
OTU_97.4025,Hard_palate
OTU_97.4025,Buccal_mucosa_1
OTU_97.4025,Saliva_1
OTU_97.40251,Right_Retroauricular_crease_1
OTU_97.40251,Saliva
OTU_97.40253,Throat
OTU_97.40261,Tongue_dorsum
OTU_97.40261,Subgingival_plaque_1
OTU_97.40261,Saliva_1
OTU_97.40261,Throat
OTU_97.40264,Right_Antecubital_fossa_1
OTU_97.4027,Left_Antecubital_fossa_1
OTU_97.40274,Hard_palate_1
OTU_97.40274,Palatine_Tonsils
OTU_97.40276,Buccal_mucosa
OTU_97.40276,Left_Antecubital_fossa
OTU_97.40276,Anterior_nares_1
OTU_97.40277,Buccal_mucosa_1
OTU_97.40277,Left_Antecubital_fossa
OTU_97.40279,Buccal_mucosa_1
OTU_97.40279,Palatine_Tonsils_1
OTU_97.40279,Anterior_nares_1
OTU_97.40283,Stool
OTU_97.40283,Left_Antecubital_fossa
OTU_97.40285,Subgingival_plaque
OTU_97.40285,Saliva
OTU_97.40285,Left_Antecubital_fossa_1
OTU_97.40285,Throat_1
OTU_97.40288,Right_Retroauricular_crease
OTU_97.40288,Stool
OTU_97.40288,Left_Retroauricular_crease_1
OTU_97.40289,Attached_Keratinized_gingiva_1
OTU_97.40289,Subgingival_plaque_1
OTU_97.40292,Subgingival_plaque
OTU_97.40292,Buccal_mucosa_1
OTU_97.40292,Right_Antecubital_fossa_1
OTU_97.40295,Right_Antecubital_fossa
OTU_97.40295,Hard_palate_1
OTU_97.40297,Palatine_Tonsils_1
OTU_97.40299,Saliva_1
OTU_97.403,Right_Retroauricular_crease
OTU_97.403,Anterior_nares
OTU_97.40301,Attached_Keratinized_gingiva_1
OTU_97.40301,Anterior_nares
OTU_97.40307,Buccal_mucosa
OTU_97.40307,Saliva_1
OTU_97.40308,Right_Antecubital_fossa
OTU_97.40308,Left_Retroauricular_crease
OTU_97.40308,Tongue_dorsum_1
OTU_97.40312,Right_Retroauricular_crease
OTU_97.40312,Left_Retroauricular_crease
OTU_97.40312,Attached_Keratinized_gingiva
OTU_97.40312,Right_Antecubital_fossa_1
OTU_97.40316,Buccal_mucosa_1
OTU_97.40316,Throat
OTU_97.40319,Hard_palate
OTU_97.40319,Palatine_Tonsils
OTU_97.40325,Tongue_dorsum
OTU_97.40325,Hard_palate_1
OTU_97.40325,Subgingival_plaque_1
OTU_97.40326,Tongue_dorsum
OTU_97.40326,Supragingival_plaque
OTU_97.40326,Subgingival_plaque_1
OTU_97.40326,Palatine_Tonsils
OTU_97.40326,Throat_1
OTU_97.40329,Subgingival_plaque_1
OTU_97.40329,Attached_Keratinized_gingiva
OTU_97.40329,Throat_1
OTU_97.40331,Supragingival_plaque_1
OTU_97.40331,Right_Antecubital_fossa
OTU_97.40331,Subgingival_plaque_1
OTU_97.40331,Right_Antecubital_fossa_1
OTU_97.40333,Attached_Keratinized_gingiva_1
OTU_97.40333,Stool_1
OTU_97.40333,Attached_Keratinized_gingiva
OTU_97.40334,Saliva
OTU_97.40334,Tongue_dorsum_1
OTU_97.40335,Throat_1
OTU_97.40336,Attached_Keratinized_gingiva_1
OTU_97.4034,Stool
OTU_97.40341,Supragingival_plaque_1
OTU_97.40341,Right_Antecubital_fossa
OTU_97.40341,Anterior_nares
OTU_97.40354,Saliva
OTU_97.40354,Subgingival_plaque_1
OTU_97.40356,Attached_Keratinized_gingiva_1
OTU_97.40356,Subgingival_plaque_1
OTU_97.40359,Palatine_Tonsils
OTU_97.40359,Anterior_nares_1
OTU_97.4036,Right_Retroauricular_crease_1
OTU_97.4036,Subgingival_plaque
OTU_97.4036,Saliva
OTU_97.40362,Subgingival_plaque
OTU_97.40362,Hard_palate_1
OTU_97.40362,Right_Antecubital_fossa_1
OTU_97.40363,Right_Retroauricular_crease
OTU_97.40363,Stool_1
OTU_97.40363,Palatine_Tonsils_1
OTU_97.40363,Right_Antecubital_fossa_1
OTU_97.40367,Saliva
OTU_97.40372,Supragingival_plaque_1
OTU_97.40372,Throat_1
OTU_97.40378,Attached_Keratinized_gingiva
OTU_97.40378,Tongue_dorsum_1
OTU_97.4038,Tongue_dorsum
OTU_97.4038,Anterior_nares
OTU_97.40384,Hard_palate_1
OTU_97.40384,Anterior_nares_1
OTU_97.40387,Tongue_dorsum
OTU_97.40387,Left_Antecubital_fossa_1
OTU_97.40387,Throat
OTU_97.40389,Buccal_mucosa_1
OTU_97.40390,Subgingival_plaque
OTU_97.40390,Subgingival_plaque_1
OTU_97.40390,Anterior_nares
OTU_97.40390,Tongue_dorsum_1
OTU_97.40390,Right_Antecubital_fossa_1
OTU_97.40390,Throat_1
OTU_97.40396,Buccal_mucosa
OTU_97.40396,Palatine_Tonsils
OTU_97.40396,Palatine_Tonsils_1
OTU_97.40396,Right_Antecubital_fossa_1
OTU_97.40399,Stool_1
OTU_97.40399,Palatine_Tonsils_1
OTU_97.40399,Tongue_dorsum_1
OTU_97.4040,Palatine_Tonsils
OTU_97.4040,Left_Retroauricular_crease_1
OTU_97.4040,Left_Antecubital_fossa
OTU_97.40405,Tongue_dorsum
OTU_97.40405,Right_Retroauricular_crease_1
OTU_97.40405,Left_Antecubital_fossa_1
OTU_97.40405,Attached_Keratinized_gingiva_1
OTU_97.40406,Subgingival_plaque
OTU_97.40406,Supragingival_plaque
OTU_97.40406,Hard_palate
OTU_97.40406,Left_Antecubital_fossa
OTU_97.40407,Buccal_mucosa
OTU_97.40407,Supragingival_plaque
OTU_97.40410,Left_Antecubital_fossa_1
OTU_97.40410,Left_Retroauricular_crease_1
OTU_97.40415,Subgingival_plaque_1
OTU_97.40417,Right_Antecubital_fossa
OTU_97.40429,Throat_1
OTU_97.40434,Buccal_mucosa
OTU_97.40434,Buccal_mucosa_1
OTU_97.40434,Stool_1
OTU_97.40434,Tongue_dorsum_1
OTU_97.40443,Left_Retroauricular_crease_1
OTU_97.40443,Right_Antecubital_fossa_1
OTU_97.40443,Throat_1
OTU_97.40443,Anterior_nares_1
OTU_97.40445,Throat_1
OTU_97.40445,Anterior_nares_1
OTU_97.4045,Palatine_Tonsils_1
OTU_97.4045,Throat_1
OTU_97.40451,Attached_Keratinized_gingiva_1
OTU_97.40451,Left_Antecubital_fossa
OTU_97.40451,Throat_1
OTU_97.40455,Stool_1
OTU_97.40455,Left_Retroauricular_crease_1
OTU_97.40455,Right_Antecubital_fossa_1
OTU_97.40457,Palatine_Tonsils
OTU_97.40457,Anterior_nares
OTU_97.4046,Tongue_dorsum
OTU_97.4046,Supragingival_plaque_1
OTU_97.4046,Subgingival_plaque_1
OTU_97.4046,Palatine_Tonsils_1
OTU_97.4046,Left_Antecubital_fossa
OTU_97.40463,Right_Retroauricular_crease
OTU_97.40463,Subgingival_plaque_1
OTU_97.40463,Tongue_dorsum_1
OTU_97.40468,Supragingival_plaque
OTU_97.40468,Left_Antecubital_fossa_1
OTU_97.40468,Right_Retroauricular_crease
OTU_97.40468,Saliva_1
OTU_97.40469,Attached_Keratinized_gingiva_1
OTU_97.40469,Stool
OTU_97.40469,Palatine_Tonsils_1
OTU_97.40470,Saliva_1
OTU_97.40470,Right_Antecubital_fossa_1
OTU_97.4048,Right_Retroauricular_crease_1
OTU_97.4048,Buccal_mucosa
OTU_97.4048,Tongue_dorsum_1
OTU_97.4048,Throat_1
OTU_97.40494,Attached_Keratinized_gingiva_1
OTU_97.40494,Left_Antecubital_fossa
OTU_97.40495,Saliva_1
OTU_97.405,Stool_1
OTU_97.40500,Hard_palate_1
OTU_97.40500,Throat
OTU_97.40512,Supragingival_plaque_1
OTU_97.40512,Right_Retroauricular_crease
OTU_97.40520,Supragingival_plaque
OTU_97.40520,Saliva
OTU_97.40525,Left_Retroauricular_crease
OTU_97.40528,Right_Retroauricular_crease
OTU_97.40528,Subgingival_plaque_1
OTU_97.40529,Tongue_dorsum
OTU_97.40529,Saliva
OTU_97.40529,Hard_palate
OTU_97.40529,Attached_Keratinized_gingiva
OTU_97.40530,Supragingival_plaque_1
OTU_97.40530,Buccal_mucosa
OTU_97.40530,Stool_1
OTU_97.40530,Palatine_Tonsils_1
OTU_97.40532,Attached_Keratinized_gingiva
OTU_97.40535,Saliva
OTU_97.40535,Anterior_nares
OTU_97.40535,Tongue_dorsum_1
OTU_97.40536,Stool
OTU_97.40536,Throat
OTU_97.40536,Left_Retroauricular_crease_1
OTU_97.40539,Buccal_mucosa
OTU_97.40539,Anterior_nares
OTU_97.40539,Right_Antecubital_fossa_1
OTU_97.40545,Left_Antecubital_fossa_1
OTU_97.40545,Left_Retroauricular_crease
OTU_97.40545,Anterior_nares_1
OTU_97.40548,Buccal_mucosa_1
OTU_97.40548,Palatine_Tonsils_1
OTU_97.40548,Anterior_nares_1
OTU_97.40550,Left_Antecubital_fossa
OTU_97.40551,Stool
OTU_97.40551,Throat
OTU_97.40554,Left_Antecubital_fossa_1
OTU_97.4056,Supragingival_plaque_1
OTU_97.4056,Throat_1
OTU_97.40560,Supragingival_plaque
OTU_97.40560,Hard_palate_1
OTU_97.40560,Tongue_dorsum_1
OTU_97.40567,Supragingival_plaque_1
OTU_97.40567,Buccal_mucosa_1
OTU_97.40567,Palatine_Tonsils_1
OTU_97.40570,Stool
OTU_97.40571,Supragingival_plaque
OTU_97.40571,Right_Antecubital_fossa
OTU_97.40571,Subgingival_plaque_1
OTU_97.40571,Palatine_Tonsils
OTU_97.40571,Left_Retroauricular_crease_1
OTU_97.40575,Stool_1
OTU_97.40575,Anterior_nares_1
OTU_97.40576,Supragingival_plaque
OTU_97.40576,Palatine_Tonsils_1
OTU_97.40580,Right_Retroauricular_crease
OTU_97.40580,Tongue_dorsum_1
OTU_97.40584,Right_Antecubital_fossa
OTU_97.40584,Right_Antecubital_fossa_1
OTU_97.40587,Tongue_dorsum
OTU_97.40587,Right_Retroauricular_crease_1
OTU_97.40587,Buccal_mucosa
OTU_97.40587,Right_Retroauricular_crease
OTU_97.40587,Saliva_1
OTU_97.4059,Tongue_dorsum_1
OTU_97.40593,Tongue_dorsum
OTU_97.40593,Throat_1
OTU_97.40598,Stool
OTU_97.40598,Right_Antecubital_fossa_1
OTU_97.4060,Saliva
OTU_97.4060,Right_Antecubital_fossa_1
OTU_97.40601,Hard_palate_1
OTU_97.40601,Left_Retroauricular_crease_1
OTU_97.40601,Throat_1
OTU_97.40601,Anterior_nares_1
OTU_97.40605,Tongue_dorsum
OTU_97.40605,Stool
OTU_97.40605,Saliva_1
OTU_97.40605,Throat_1
OTU_97.40607,Tongue_dorsum
OTU_97.40607,Supragingival_plaque_1
OTU_97.40607,Buccal_mucosa
OTU_97.40607,Attached_Keratinized_gingiva_1
OTU_97.40608,Saliva
OTU_97.40608,Buccal_mucosa_1
OTU_97.40608,Anterior_nares
OTU_97.40612,Right_Antecubital_fossa
OTU_97.40612,Saliva_1
OTU_97.40621,Tongue_dorsum
OTU_97.40621,Left_Retroauricular_crease
OTU_97.40621,Throat
OTU_97.40624,Right_Retroauricular_crease
OTU_97.40624,Palatine_Tonsils
OTU_97.40625,Right_Retroauricular_crease_1
OTU_97.40625,Attached_Keratinized_gingiva_1
OTU_97.40625,Saliva_1
OTU_97.40625,Palatine_Tonsils_1
OTU_97.40625,Anterior_nares
OTU_97.40627,Subgingival_plaque
OTU_97.40627,Anterior_nares
OTU_97.40629,Right_Retroauricular_crease_1
OTU_97.40629,Right_Retroauricular_crease
OTU_97.40629,Buccal_mucosa_1
OTU_97.40629,Anterior_nares
OTU_97.40629,Right_Antecubital_fossa_1
OTU_97.40631,Buccal_mucosa
OTU_97.40631,Throat
OTU_97.40631,Left_Antecubital_fossa
OTU_97.40633,Right_Retroauricular_crease_1
OTU_97.40633,Hard_palate
OTU_97.40634,Stool_1
OTU_97.40637,Buccal_mucosa_1
OTU_97.40637,Stool
OTU_97.40637,Tongue_dorsum_1
OTU_97.40639,Stool_1
OTU_97.40639,Attached_Keratinized_gingiva
OTU_97.40639,Anterior_nares_1
OTU_97.40642,Left_Retroauricular_crease
OTU_97.40642,Tongue_dorsum_1
OTU_97.40642,Anterior_nares_1
OTU_97.40646,Tongue_dorsum
OTU_97.40646,Buccal_mucosa
OTU_97.40646,Left_Retroauricular_crease
OTU_97.40646,Attached_Keratinized_gingiva_1
OTU_97.40646,Subgingival_plaque_1
OTU_97.40646,Anterior_nares
OTU_97.40647,Right_Antecubital_fossa
OTU_97.40647,Left_Retroauricular_crease
OTU_97.40647,Stool
OTU_97.40649,Supragingival_plaque_1
OTU_97.40649,Supragingival_plaque
OTU_97.40649,Saliva
OTU_97.40649,Right_Antecubital_fossa
OTU_97.40649,Left_Retroauricular_crease
OTU_97.40649,Throat_1
OTU_97.40650,Left_Retroauricular_crease
OTU_97.40650,Attached_Keratinized_gingiva_1
OTU_97.40650,Saliva_1
OTU_97.40652,Stool
OTU_97.40652,Left_Antecubital_fossa
OTU_97.40658,Buccal_mucosa
OTU_97.40658,Supragingival_plaque
OTU_97.40658,Saliva
OTU_97.40658,Stool
OTU_97.40658,Anterior_nares_1
OTU_97.40665,Anterior_nares
OTU_97.40667,Supragingival_plaque
OTU_97.4067,Stool_1
OTU_97.4067,Left_Retroauricular_crease_1
OTU_97.4067,Left_Antecubital_fossa
OTU_97.4067,Tongue_dorsum_1
OTU_97.40671,Buccal_mucosa
OTU_97.40671,Stool_1
OTU_97.40676,Saliva_1
OTU_97.40676,Throat
OTU_97.40681,Right_Retroauricular_crease
OTU_97.40681,Right_Antecubital_fossa
OTU_97.40681,Left_Retroauricular_crease_1
OTU_97.40683,Buccal_mucosa
OTU_97.40683,Right_Antecubital_fossa
OTU_97.40683,Buccal_mucosa_1
OTU_97.40683,Stool
OTU_97.40683,Stool_1
OTU_97.40683,Left_Antecubital_fossa
OTU_97.40685,Supragingival_plaque
OTU_97.4069,Throat
OTU_97.40691,Right_Retroauricular_crease_1
OTU_97.40691,Supragingival_plaque_1
OTU_97.40694,Tongue_dorsum
OTU_97.40694,Buccal_mucosa_1
OTU_97.40694,Palatine_Tonsils
OTU_97.40694,Left_Retroauricular_crease_1
OTU_97.40695,Right_Retroauricular_crease
OTU_97.40698,Supragingival_plaque_1
OTU_97.40699,Left_Retroauricular_crease
OTU_97.40699,Buccal_mucosa_1
OTU_97.40699,Stool_1
OTU_97.40699,Saliva_1
OTU_97.40699,Anterior_nares_1
OTU_97.4070,Supragingival_plaque_1
OTU_97.4070,Left_Antecubital_fossa_1
OTU_97.4070,Stool
OTU_97.40700,Subgingival_plaque
OTU_97.40700,Supragingival_plaque_1
OTU_97.40700,Buccal_mucosa
OTU_97.40714,Saliva
OTU_97.40714,Attached_Keratinized_gingiva_1
OTU_97.40714,Saliva_1
OTU_97.40714,Throat
OTU_97.40715,Left_Antecubital_fossa_1
OTU_97.40718,Supragingival_plaque
OTU_97.40718,Saliva
OTU_97.40718,Left_Retroauricular_crease
OTU_97.40718,Buccal_mucosa_1
OTU_97.40720,Attached_Keratinized_gingiva
OTU_97.40720,Anterior_nares
OTU_97.40720,Right_Antecubital_fossa_1
OTU_97.40722,Tongue_dorsum
OTU_97.40722,Right_Retroauricular_crease_1
OTU_97.40722,Left_Antecubital_fossa
OTU_97.40723,Left_Antecubital_fossa_1
OTU_97.40723,Palatine_Tonsils_1
OTU_97.40726,Stool
OTU_97.40726,Subgingival_plaque_1
OTU_97.4073,Tongue_dorsum
OTU_97.4073,Saliva_1
OTU_97.40742,Tongue_dorsum
OTU_97.40742,Hard_palate
OTU_97.40742,Right_Antecubital_fossa_1
OTU_97.40747,Right_Retroauricular_crease_1
OTU_97.40747,Supragingival_plaque_1
OTU_97.40747,Buccal_mucosa_1
OTU_97.40748,Tongue_dorsum
OTU_97.40748,Subgingival_plaque
OTU_97.40748,Supragingival_plaque_1
OTU_97.40748,Throat_1
OTU_97.4075,Saliva_1
OTU_97.4075,Right_Antecubital_fossa_1
OTU_97.40751,Throat
OTU_97.40760,Supragingival_plaque_1
OTU_97.40760,Hard_palate
OTU_97.40760,Buccal_mucosa_1
OTU_97.40760,Stool_1
OTU_97.40760,Right_Antecubital_fossa_1
OTU_97.40760,Anterior_nares_1
OTU_97.40763,Buccal_mucosa
OTU_97.40763,Left_Antecubital_fossa_1
OTU_97.40763,Subgingival_plaque_1
OTU_97.40765,Right_Retroauricular_crease_1
OTU_97.40765,Palatine_Tonsils
OTU_97.40765,Anterior_nares_1
OTU_97.40779,Supragingival_plaque
OTU_97.40779,Palatine_Tonsils_1
OTU_97.40779,Tongue_dorsum_1
OTU_97.40782,Right_Retroauricular_crease_1
OTU_97.40782,Anterior_nares
OTU_97.40786,Supragingival_plaque
OTU_97.40786,Left_Antecubital_fossa_1
OTU_97.40786,Palatine_Tonsils_1
OTU_97.40788,Left_Antecubital_fossa_1
OTU_97.40788,Throat_1
OTU_97.40788,Anterior_nares_1
OTU_97.4079,Supragingival_plaque
OTU_97.4079,Attached_Keratinized_gingiva_1
OTU_97.4079,Palatine_Tonsils_1
OTU_97.40792,Tongue_dorsum
OTU_97.40797,Right_Retroauricular_crease_1
OTU_97.40797,Supragingival_plaque
OTU_97.40797,Anterior_nares_1
OTU_97.40799,Left_Antecubital_fossa_1
OTU_97.40799,Stool_1
OTU_97.40799,Right_Antecubital_fossa_1
OTU_97.408,Attached_Keratinized_gingiva_1
OTU_97.408,Left_Retroauricular_crease_1
OTU_97.4080,Saliva_1
OTU_97.4080,Throat
OTU_97.4080,Left_Antecubital_fossa
OTU_97.40800,Left_Retroauricular_crease
OTU_97.40800,Attached_Keratinized_gingiva_1
OTU_97.40800,Hard_palate
OTU_97.40802,Right_Retroauricular_crease_1
OTU_97.40802,Left_Antecubital_fossa_1
OTU_97.40802,Left_Retroauricular_crease
OTU_97.40802,Stool_1
OTU_97.40811,Palatine_Tonsils
OTU_97.40813,Tongue_dorsum
OTU_97.40813,Supragingival_plaque_1
OTU_97.40813,Left_Antecubital_fossa
OTU_97.40813,Right_Antecubital_fossa_1
OTU_97.40815,Right_Antecubital_fossa_1
OTU_97.40822,Hard_palate_1
OTU_97.40822,Stool
OTU_97.40825,Palatine_Tonsils_1
OTU_97.40825,Throat_1
OTU_97.40827,Supragingival_plaque_1
OTU_97.40827,Left_Antecubital_fossa_1
OTU_97.40828,Buccal_mucosa
OTU_97.40828,Right_Retroauricular_crease
OTU_97.40828,Hard_palate
OTU_97.40828,Right_Antecubital_fossa_1
OTU_97.40834,Supragingival_plaque_1
OTU_97.40834,Left_Retroauricular_crease
OTU_97.40836,Anterior_nares_1
OTU_97.40838,Left_Antecubital_fossa_1
OTU_97.40838,Right_Retroauricular_crease
OTU_97.40854,Left_Retroauricular_crease
OTU_97.40854,Hard_palate_1
OTU_97.40854,Throat
OTU_97.40854,Palatine_Tonsils_1
OTU_97.40854,Anterior_nares
OTU_97.40856,Tongue_dorsum
OTU_97.40856,Attached_Keratinized_gingiva
OTU_97.40859,Attached_Keratinized_gingiva_1
OTU_97.40859,Buccal_mucosa_1
OTU_97.40859,Anterior_nares
OTU_97.4086,Supragingival_plaque
OTU_97.4086,Right_Retroauricular_crease
OTU_97.4086,Stool
OTU_97.4086,Subgingival_plaque_1
OTU_97.4086,Throat_1
OTU_97.40860,Supragingival_plaque_1
OTU_97.40860,Right_Retroauricular_crease
OTU_97.40860,Stool_1
OTU_97.40871,Stool
OTU_97.40871,Right_Antecubital_fossa_1
OTU_97.40877,Supragingival_plaque_1
OTU_97.40877,Stool_1
OTU_97.40877,Palatine_Tonsils
OTU_97.40877,Anterior_nares_1
OTU_97.40878,Right_Retroauricular_crease_1
OTU_97.40878,Supragingival_plaque_1
OTU_97.40878,Hard_palate
OTU_97.40878,Tongue_dorsum_1
OTU_97.40892,Throat
OTU_97.40892,Left_Antecubital_fossa
OTU_97.40892,Anterior_nares_1
OTU_97.40893,Supragingival_plaque_1
OTU_97.40893,Buccal_mucosa
OTU_97.40893,Hard_palate
OTU_97.40893,Left_Antecubital_fossa
OTU_97.40894,Subgingival_plaque
OTU_97.40894,Buccal_mucosa
OTU_97.40894,Right_Retroauricular_crease
OTU_97.40894,Attached_Keratinized_gingiva
OTU_97.40894,Throat_1
OTU_97.40897,Buccal_mucosa
OTU_97.40897,Throat_1
OTU_97.409,Palatine_Tonsils
OTU_97.409,Anterior_nares_1
OTU_97.40900,Left_Antecubital_fossa_1
OTU_97.40900,Anterior_nares
OTU_97.40900,Throat_1
OTU_97.40901,Left_Retroauricular_crease
OTU_97.40903,Attached_Keratinized_gingiva
OTU_97.40908,Subgingival_plaque
OTU_97.40908,Subgingival_plaque_1
OTU_97.40908,Left_Antecubital_fossa
OTU_97.4091,Buccal_mucosa
OTU_97.4091,Left_Retroauricular_crease
OTU_97.4091,Anterior_nares_1
OTU_97.40922,Anterior_nares
OTU_97.40923,Throat
OTU_97.40923,Tongue_dorsum_1
OTU_97.40923,Right_Antecubital_fossa_1
OTU_97.40923,Throat_1
OTU_97.40927,Right_Retroauricular_crease_1
OTU_97.40927,Hard_palate
OTU_97.40927,Throat
OTU_97.40927,Throat_1
OTU_97.40929,Right_Antecubital_fossa
OTU_97.4093,Subgingival_plaque
OTU_97.40931,Tongue_dorsum
OTU_97.40931,Hard_palate
OTU_97.40931,Palatine_Tonsils
OTU_97.40931,Throat
OTU_97.40932,Right_Retroauricular_crease_1
OTU_97.40932,Anterior_nares
OTU_97.40934,Supragingival_plaque
OTU_97.40934,Palatine_Tonsils_1
OTU_97.40943,Right_Antecubital_fossa
OTU_97.40943,Subgingival_plaque_1
OTU_97.40943,Anterior_nares
OTU_97.40946,Saliva
OTU_97.40948,Left_Retroauricular_crease
OTU_97.40948,Subgingival_plaque_1
OTU_97.40949,Tongue_dorsum
OTU_97.40949,Saliva_1
OTU_97.40949,Anterior_nares_1
OTU_97.40956,Hard_palate_1
OTU_97.40957,Hard_palate
OTU_97.40957,Right_Antecubital_fossa_1
OTU_97.4096,Right_Retroauricular_crease_1
OTU_97.4096,Subgingival_plaque
OTU_97.4096,Buccal_mucosa
OTU_97.4096,Left_Antecubital_fossa_1
OTU_97.4096,Left_Retroauricular_crease_1
OTU_97.40962,Left_Retroauricular_crease_1
OTU_97.40963,Subgingival_plaque_1
OTU_97.40968,Attached_Keratinized_gingiva_1
OTU_97.40977,Buccal_mucosa_1
OTU_97.40978,Left_Retroauricular_crease
OTU_97.40978,Attached_Keratinized_gingiva_1
OTU_97.40979,Supragingival_plaque_1
OTU_97.40979,Right_Retroauricular_crease
OTU_97.40979,Throat
OTU_97.40980,Supragingival_plaque_1
OTU_97.40980,Attached_Keratinized_gingiva_1
OTU_97.40984,Subgingival_plaque
OTU_97.40984,Palatine_Tonsils
OTU_97.40985,Left_Antecubital_fossa_1
OTU_97.40985,Attached_Keratinized_gingiva
OTU_97.40991,Palatine_Tonsils_1
OTU_97.40998,Tongue_dorsum
OTU_97.40998,Left_Antecubital_fossa_1
OTU_97.40998,Right_Antecubital_fossa_1
OTU_97.40999,Saliva
OTU_97.40999,Saliva_1
OTU_97.40999,Tongue_dorsum_1
OTU_97.41000,Right_Retroauricular_crease_1
OTU_97.41000,Saliva
OTU_97.41000,Right_Antecubital_fossa
OTU_97.41000,Stool_1
OTU_97.41000,Left_Antecubital_fossa
OTU_97.41000,Throat_1
OTU_97.41001,Throat_1
OTU_97.41007,Right_Antecubital_fossa_1
OTU_97.41010,Tongue_dorsum
OTU_97.41010,Anterior_nares_1
OTU_97.41011,Saliva
OTU_97.41011,Anterior_nares
OTU_97.41011,Left_Antecubital_fossa
OTU_97.41011,Tongue_dorsum_1
OTU_97.41014,Right_Retroauricular_crease_1
OTU_97.41014,Subgingival_plaque
OTU_97.41014,Saliva
OTU_97.41014,Right_Retroauricular_crease
OTU_97.41014,Anterior_nares
OTU_97.41014,Throat_1
OTU_97.41016,Tongue_dorsum
OTU_97.41016,Saliva
OTU_97.41016,Attached_Keratinized_gingiva
OTU_97.41016,Left_Antecubital_fossa
OTU_97.41017,Right_Retroauricular_crease_1
OTU_97.41017,Right_Antecubital_fossa
OTU_97.41017,Hard_palate_1
OTU_97.41017,Throat
OTU_97.41017,Attached_Keratinized_gingiva
OTU_97.41020,Subgingival_plaque
OTU_97.41022,Right_Retroauricular_crease
OTU_97.41022,Anterior_nares
OTU_97.41022,Right_Antecubital_fossa_1
OTU_97.41025,Supragingival_plaque
OTU_97.41025,Hard_palate
OTU_97.41025,Palatine_Tonsils
OTU_97.41027,Left_Antecubital_fossa_1
OTU_97.41027,Anterior_nares_1
OTU_97.41032,Supragingival_plaque_1
OTU_97.41032,Stool_1
OTU_97.41032,Saliva_1
OTU_97.41034,Right_Retroauricular_crease
OTU_97.41034,Subgingival_plaque_1
OTU_97.41041,Subgingival_plaque
OTU_97.41041,Hard_palate
OTU_97.41041,Palatine_Tonsils_1
OTU_97.41041,Left_Antecubital_fossa
OTU_97.41042,Attached_Keratinized_gingiva_1
OTU_97.41042,Stool
OTU_97.41042,Saliva_1
OTU_97.41043,Hard_palate_1
OTU_97.41045,Left_Antecubital_fossa
OTU_97.41048,Tongue_dorsum
OTU_97.41048,Left_Antecubital_fossa_1
OTU_97.41050,Subgingival_plaque
OTU_97.41050,Left_Antecubital_fossa
OTU_97.41051,Subgingival_plaque
OTU_97.41051,Right_Antecubital_fossa
OTU_97.41051,Tongue_dorsum_1
OTU_97.41052,Subgingival_plaque_1
OTU_97.41052,Saliva_1
OTU_97.41058,Supragingival_plaque_1
OTU_97.41058,Hard_palate_1
OTU_97.41058,Stool
OTU_97.41058,Throat_1
OTU_97.41060,Right_Antecubital_fossa
OTU_97.41060,Stool
OTU_97.41060,Throat
OTU_97.41060,Anterior_nares
OTU_97.41062,Right_Antecubital_fossa
OTU_97.41062,Tongue_dorsum_1
OTU_97.41062,Anterior_nares_1
OTU_97.41064,Tongue_dorsum
OTU_97.41064,Right_Retroauricular_crease
OTU_97.41064,Right_Antecubital_fossa
OTU_97.41064,Attached_Keratinized_gingiva_1
OTU_97.41064,Subgingival_plaque_1
OTU_97.41064,Tongue_dorsum_1
OTU_97.41067,Supragingival_plaque_1
OTU_97.41067,Attached_Keratinized_gingiva_1
OTU_97.41067,Throat_1
OTU_97.41071,Buccal_mucosa
OTU_97.41072,Hard_palate
OTU_97.41072,Anterior_nares
OTU_97.41083,Saliva_1
OTU_97.41083,Left_Antecubital_fossa
OTU_97.41084,Buccal_mucosa
OTU_97.41084,Hard_palate
OTU_97.41087,Right_Retroauricular_crease
OTU_97.41087,Hard_palate
OTU_97.41087,Left_Retroauricular_crease_1
OTU_97.41089,Right_Retroauricular_crease_1
OTU_97.41089,Buccal_mucosa
OTU_97.41089,Tongue_dorsum_1
OTU_97.41094,Left_Retroauricular_crease
OTU_97.41094,Stool
OTU_97.41094,Anterior_nares
OTU_97.41096,Attached_Keratinized_gingiva
OTU_97.41096,Left_Retroauricular_crease_1
OTU_97.41096,Right_Antecubital_fossa_1
OTU_97.41097,Buccal_mucosa
OTU_97.41097,Left_Retroauricular_crease
OTU_97.4111,Left_Antecubital_fossa
OTU_97.4111,Throat_1
OTU_97.41117,Saliva
OTU_97.41117,Hard_palate
OTU_97.41117,Subgingival_plaque_1
OTU_97.41117,Left_Retroauricular_crease_1
OTU_97.41117,Throat_1
OTU_97.41118,Throat_1
OTU_97.41121,Subgingival_plaque
OTU_97.41121,Left_Retroauricular_crease_1
OTU_97.41121,Throat_1
OTU_97.41127,Right_Antecubital_fossa
OTU_97.41127,Hard_palate
OTU_97.41127,Left_Retroauricular_crease_1
OTU_97.41127,Tongue_dorsum_1
OTU_97.41134,Left_Antecubital_fossa
OTU_97.41136,Right_Retroauricular_crease
OTU_97.41136,Subgingival_plaque_1
OTU_97.41137,Hard_palate
OTU_97.41137,Hard_palate_1
OTU_97.41137,Stool
OTU_97.41137,Left_Retroauricular_crease_1
OTU_97.41140,Tongue_dorsum
OTU_97.41140,Attached_Keratinized_gingiva_1
OTU_97.41140,Subgingival_plaque_1
OTU_97.41140,Palatine_Tonsils
OTU_97.41140,Tongue_dorsum_1
OTU_97.41143,Right_Retroauricular_crease_1
OTU_97.41143,Right_Antecubital_fossa
OTU_97.41143,Buccal_mucosa_1
OTU_97.41143,Stool_1
OTU_97.41143,Left_Retroauricular_crease_1
OTU_97.41150,Right_Retroauricular_crease_1
OTU_97.41150,Palatine_Tonsils
OTU_97.41151,Supragingival_plaque_1
OTU_97.41151,Buccal_mucosa
OTU_97.41151,Left_Antecubital_fossa_1
OTU_97.41151,Hard_palate
OTU_97.41151,Palatine_Tonsils
OTU_97.41151,Throat
OTU_97.41153,Subgingival_plaque
OTU_97.41153,Left_Antecubital_fossa_1
OTU_97.41153,Right_Antecubital_fossa
OTU_97.41153,Subgingival_plaque_1
OTU_97.41153,Left_Retroauricular_crease_1
OTU_97.41166,Throat_1
OTU_97.41178,Subgingival_plaque
OTU_97.41178,Stool_1
OTU_97.41178,Palatine_Tonsils_1
OTU_97.41178,Anterior_nares_1
OTU_97.41181,Tongue_dorsum
OTU_97.41181,Tongue_dorsum_1
OTU_97.41188,Right_Antecubital_fossa
OTU_97.41188,Left_Retroauricular_crease
OTU_97.41189,Attached_Keratinized_gingiva_1
OTU_97.41189,Hard_palate
OTU_97.41189,Saliva_1
OTU_97.41189,Right_Antecubital_fossa_1
OTU_97.41201,Buccal_mucosa
OTU_97.41201,Right_Antecubital_fossa
OTU_97.41202,Buccal_mucosa_1
OTU_97.41202,Throat_1
OTU_97.41207,Right_Retroauricular_crease_1
OTU_97.41207,Left_Antecubital_fossa_1
OTU_97.41207,Stool_1
OTU_97.41207,Palatine_Tonsils
OTU_97.41209,Left_Antecubital_fossa_1
OTU_97.41209,Left_Retroauricular_crease
OTU_97.41209,Left_Retroauricular_crease_1
OTU_97.41218,Subgingival_plaque
OTU_97.41218,Saliva_1
OTU_97.41218,Palatine_Tonsils
OTU_97.41223,Right_Retroauricular_crease
OTU_97.41223,Right_Antecubital_fossa
OTU_97.41223,Left_Retroauricular_crease
OTU_97.41223,Hard_palate_1
OTU_97.41224,Buccal_mucosa
OTU_97.41224,Hard_palate
OTU_97.41224,Anterior_nares
OTU_97.41229,Tongue_dorsum
OTU_97.41229,Stool
OTU_97.41229,Palatine_Tonsils_1
OTU_97.41229,Anterior_nares
OTU_97.4123,Supragingival_plaque_1
OTU_97.4123,Hard_palate_1
OTU_97.41230,Right_Retroauricular_crease_1
OTU_97.41230,Right_Retroauricular_crease
OTU_97.41230,Left_Retroauricular_crease
OTU_97.41231,Right_Retroauricular_crease
OTU_97.41231,Anterior_nares_1
OTU_97.41233,Throat
OTU_97.4124,Left_Antecubital_fossa
OTU_97.4124,Right_Antecubital_fossa_1
OTU_97.4124,Throat_1
OTU_97.41241,Left_Retroauricular_crease_1
OTU_97.41241,Anterior_nares
OTU_97.41241,Right_Antecubital_fossa_1
OTU_97.41243,Left_Retroauricular_crease
OTU_97.41243,Anterior_nares
OTU_97.41248,Hard_palate
OTU_97.41248,Right_Antecubital_fossa_1
OTU_97.41251,Tongue_dorsum
OTU_97.41251,Anterior_nares_1
OTU_97.41252,Left_Retroauricular_crease
OTU_97.41252,Palatine_Tonsils
OTU_97.41252,Tongue_dorsum_1
OTU_97.41255,Saliva
OTU_97.41255,Buccal_mucosa_1
OTU_97.41255,Stool
OTU_97.41255,Throat
OTU_97.41256,Stool_1
OTU_97.41260,Right_Retroauricular_crease_1
OTU_97.41260,Right_Retroauricular_crease
OTU_97.41260,Saliva_1
OTU_97.41260,Left_Antecubital_fossa
OTU_97.41261,Anterior_nares_1
OTU_97.41268,Subgingival_plaque
OTU_97.41268,Right_Retroauricular_crease
OTU_97.41268,Hard_palate_1
OTU_97.41268,Subgingival_plaque_1
OTU_97.41273,Supragingival_plaque
OTU_97.41273,Right_Antecubital_fossa
OTU_97.41273,Left_Retroauricular_crease
OTU_97.41273,Tongue_dorsum_1
OTU_97.41275,Left_Antecubital_fossa
OTU_97.41279,Saliva_1
OTU_97.41281,Buccal_mucosa
OTU_97.41283,Right_Retroauricular_crease_1
OTU_97.41283,Anterior_nares_1
OTU_97.41286,Saliva
OTU_97.41286,Right_Antecubital_fossa
OTU_97.41286,Attached_Keratinized_gingiva_1
OTU_97.41288,Saliva
OTU_97.41288,Left_Antecubital_fossa_1
OTU_97.41288,Subgingival_plaque_1
OTU_97.41292,Right_Retroauricular_crease_1
OTU_97.41292,Buccal_mucosa
OTU_97.41293,Saliva
OTU_97.41293,Left_Antecubital_fossa_1
OTU_97.41293,Saliva_1
OTU_97.41295,Supragingival_plaque_1
OTU_97.41295,Stool_1
OTU_97.41298,Tongue_dorsum
OTU_97.41298,Buccal_mucosa_1
OTU_97.4130,Tongue_dorsum
OTU_97.4130,Supragingival_plaque_1
OTU_97.4130,Throat
OTU_97.4130,Left_Antecubital_fossa
OTU_97.41300,Supragingival_plaque
OTU_97.41300,Attached_Keratinized_gingiva_1
OTU_97.41300,Hard_palate
OTU_97.41300,Stool
OTU_97.41305,Left_Antecubital_fossa
OTU_97.41307,Stool_1
OTU_97.41308,Supragingival_plaque_1
OTU_97.41308,Left_Retroauricular_crease
OTU_97.41308,Hard_palate
OTU_97.41308,Throat
OTU_97.41309,Left_Antecubital_fossa
OTU_97.41310,Supragingival_plaque_1
OTU_97.41311,Tongue_dorsum
OTU_97.41311,Hard_palate_1
OTU_97.41311,Buccal_mucosa_1
OTU_97.41311,Palatine_Tonsils
OTU_97.41312,Supragingival_plaque_1
OTU_97.41312,Left_Antecubital_fossa_1
OTU_97.41312,Right_Retroauricular_crease
OTU_97.41312,Stool_1
OTU_97.41323,Tongue_dorsum
OTU_97.41323,Right_Antecubital_fossa_1
OTU_97.41323,Anterior_nares_1
OTU_97.41324,Attached_Keratinized_gingiva_1
OTU_97.41324,Stool
OTU_97.41324,Saliva_1
OTU_97.41324,Palatine_Tonsils_1
OTU_97.41324,Anterior_nares_1
OTU_97.41329,Buccal_mucosa
OTU_97.41329,Left_Antecubital_fossa_1
OTU_97.41329,Saliva_1
OTU_97.41330,Left_Antecubital_fossa_1
OTU_97.41331,Stool
OTU_97.41331,Palatine_Tonsils
OTU_97.41331,Anterior_nares
OTU_97.41334,Left_Retroauricular_crease
OTU_97.41334,Attached_Keratinized_gingiva_1
OTU_97.41334,Stool
OTU_97.41340,Stool
OTU_97.41340,Anterior_nares
OTU_97.41341,Anterior_nares_1
OTU_97.41351,Tongue_dorsum
OTU_97.41351,Left_Antecubital_fossa_1
OTU_97.41351,Left_Retroauricular_crease_1
OTU_97.41351,Throat_1
OTU_97.41354,Saliva
OTU_97.41354,Right_Retroauricular_crease
OTU_97.41354,Stool
OTU_97.41354,Throat
OTU_97.41354,Attached_Keratinized_gingiva
OTU_97.41358,Stool_1
OTU_97.41358,Anterior_nares_1
OTU_97.41361,Buccal_mucosa_1
OTU_97.41361,Left_Antecubital_fossa
OTU_97.41363,Right_Retroauricular_crease_1
OTU_97.41366,Left_Antecubital_fossa_1
OTU_97.41366,Saliva_1
OTU_97.41366,Throat
OTU_97.41367,Buccal_mucosa
OTU_97.41369,Throat
OTU_97.41369,Left_Antecubital_fossa
OTU_97.41369,Tongue_dorsum_1
OTU_97.41370,Palatine_Tonsils_1
OTU_97.41370,Anterior_nares_1
OTU_97.41372,Attached_Keratinized_gingiva
OTU_97.41372,Palatine_Tonsils_1
OTU_97.41378,Right_Antecubital_fossa
OTU_97.41388,Buccal_mucosa
OTU_97.41388,Palatine_Tonsils_1
OTU_97.41390,Tongue_dorsum
OTU_97.41390,Stool
OTU_97.41392,Right_Antecubital_fossa
OTU_97.41392,Stool
OTU_97.41394,Saliva
OTU_97.41394,Attached_Keratinized_gingiva_1
OTU_97.41394,Subgingival_plaque_1
OTU_97.41395,Right_Antecubital_fossa
OTU_97.41395,Attached_Keratinized_gingiva
OTU_97.41397,Hard_palate_1
OTU_97.41397,Stool
OTU_97.41398,Buccal_mucosa_1
OTU_97.41398,Subgingival_plaque_1
OTU_97.41398,Anterior_nares_1
OTU_97.41401,Supragingival_plaque
OTU_97.41401,Hard_palate_1
OTU_97.41401,Attached_Keratinized_gingiva
OTU_97.41401,Left_Retroauricular_crease_1
OTU_97.41401,Right_Antecubital_fossa_1
OTU_97.41404,Subgingival_plaque
OTU_97.41404,Left_Antecubital_fossa_1
OTU_97.41404,Right_Retroauricular_crease
OTU_97.41404,Hard_palate
OTU_97.41404,Buccal_mucosa_1
OTU_97.41404,Left_Retroauricular_crease_1
OTU_97.41409,Saliva
OTU_97.41419,Right_Retroauricular_crease
OTU_97.41419,Hard_palate
OTU_97.41419,Right_Antecubital_fossa_1
OTU_97.41419,Anterior_nares_1
OTU_97.41422,Saliva_1
OTU_97.41425,Right_Retroauricular_crease
OTU_97.41425,Left_Retroauricular_crease_1
OTU_97.41426,Left_Retroauricular_crease
OTU_97.41426,Saliva_1
OTU_97.41431,Saliva
OTU_97.41431,Subgingival_plaque_1
OTU_97.41432,Stool
OTU_97.41432,Palatine_Tonsils
OTU_97.41432,Palatine_Tonsils_1
OTU_97.41432,Right_Antecubital_fossa_1
OTU_97.41433,Subgingival_plaque
OTU_97.41433,Left_Retroauricular_crease
OTU_97.41433,Hard_palate
OTU_97.41433,Subgingival_plaque_1
OTU_97.41440,Tongue_dorsum
OTU_97.41440,Left_Antecubital_fossa_1
OTU_97.41440,Right_Antecubital_fossa
OTU_97.41441,Left_Antecubital_fossa_1
OTU_97.41441,Right_Retroauricular_crease
OTU_97.41441,Subgingival_plaque_1
OTU_97.41441,Attached_Keratinized_gingiva
OTU_97.41444,Left_Antecubital_fossa_1
OTU_97.41444,Anterior_nares
OTU_97.41447,Right_Retroauricular_crease_1
OTU_97.41447,Supragingival_plaque
OTU_97.41447,Right_Retroauricular_crease
OTU_97.41447,Right_Antecubital_fossa
OTU_97.41447,Hard_palate_1
OTU_97.41448,Right_Retroauricular_crease_1
OTU_97.41448,Left_Antecubital_fossa_1
OTU_97.41448,Palatine_Tonsils
OTU_97.41448,Throat
OTU_97.41448,Anterior_nares_1
OTU_97.41449,Right_Retroauricular_crease
OTU_97.41449,Right_Antecubital_fossa
OTU_97.41449,Palatine_Tonsils
OTU_97.4145,Supragingival_plaque
OTU_97.4145,Hard_palate_1
OTU_97.4145,Buccal_mucosa_1
OTU_97.41450,Buccal_mucosa
OTU_97.41450,Supragingival_plaque
OTU_97.41450,Hard_palate
OTU_97.41450,Palatine_Tonsils
OTU_97.41451,Subgingival_plaque
OTU_97.41451,Hard_palate
OTU_97.41451,Tongue_dorsum_1
OTU_97.41452,Buccal_mucosa_1
OTU_97.41452,Stool_1
OTU_97.41452,Attached_Keratinized_gingiva
OTU_97.41452,Palatine_Tonsils_1
OTU_97.41452,Right_Antecubital_fossa_1
OTU_97.41453,Right_Antecubital_fossa
OTU_97.41453,Stool
OTU_97.41453,Anterior_nares_1
OTU_97.41455,Supragingival_plaque_1
OTU_97.41455,Buccal_mucosa
OTU_97.41455,Left_Retroauricular_crease_1
OTU_97.41456,Attached_Keratinized_gingiva_1
OTU_97.41458,Supragingival_plaque_1
OTU_97.41458,Hard_palate
OTU_97.4146,Saliva
OTU_97.4146,Tongue_dorsum_1
OTU_97.41462,Supragingival_plaque
OTU_97.41462,Stool
OTU_97.41462,Attached_Keratinized_gingiva
OTU_97.41466,Tongue_dorsum
OTU_97.41466,Right_Retroauricular_crease_1
OTU_97.41466,Anterior_nares_1
OTU_97.41469,Saliva
OTU_97.41469,Right_Retroauricular_crease
OTU_97.41469,Stool
OTU_97.41469,Anterior_nares_1
OTU_97.4147,Anterior_nares_1
OTU_97.41470,Right_Antecubital_fossa_1
OTU_97.41470,Anterior_nares_1
OTU_97.41471,Saliva
OTU_97.41471,Attached_Keratinized_gingiva_1
OTU_97.41471,Saliva_1
OTU_97.41473,Hard_palate_1
OTU_97.41474,Tongue_dorsum
OTU_97.41474,Supragingival_plaque
OTU_97.41474,Attached_Keratinized_gingiva_1
OTU_97.41474,Subgingival_plaque_1
OTU_97.41480,Tongue_dorsum
OTU_97.41480,Hard_palate
OTU_97.41480,Hard_palate_1
OTU_97.41480,Saliva_1
OTU_97.41482,Left_Antecubital_fossa_1
OTU_97.41482,Hard_palate_1
OTU_97.41482,Anterior_nares
OTU_97.41484,Supragingival_plaque
OTU_97.41484,Right_Antecubital_fossa
OTU_97.41485,Buccal_mucosa
OTU_97.41485,Buccal_mucosa_1
OTU_97.41485,Saliva_1
OTU_97.41485,Left_Antecubital_fossa
OTU_97.41489,Tongue_dorsum
OTU_97.41489,Throat
OTU_97.4149,Throat
OTU_97.4149,Right_Antecubital_fossa_1
OTU_97.41491,Hard_palate_1
OTU_97.41491,Tongue_dorsum_1
OTU_97.41495,Supragingival_plaque_1
OTU_97.41498,Subgingival_plaque
OTU_97.41498,Saliva
OTU_97.41498,Saliva_1
OTU_97.41498,Anterior_nares
OTU_97.41499,Right_Retroauricular_crease
OTU_97.41499,Anterior_nares
OTU_97.41501,Subgingival_plaque
OTU_97.41501,Left_Retroauricular_crease
OTU_97.41501,Left_Retroauricular_crease_1
OTU_97.41503,Subgingival_plaque
OTU_97.41503,Left_Antecubital_fossa_1
OTU_97.41503,Hard_palate
OTU_97.41503,Tongue_dorsum_1
OTU_97.41506,Right_Retroauricular_crease
OTU_97.41506,Buccal_mucosa_1
OTU_97.41506,Tongue_dorsum_1
OTU_97.41506,Right_Antecubital_fossa_1
OTU_97.41506,Anterior_nares_1
OTU_97.4151,Saliva_1
OTU_97.4151,Left_Retroauricular_crease_1
OTU_97.4151,Tongue_dorsum_1
OTU_97.41513,Hard_palate
OTU_97.41513,Anterior_nares_1
OTU_97.41514,Throat
OTU_97.41517,Throat
OTU_97.41517,Attached_Keratinized_gingiva
OTU_97.41517,Palatine_Tonsils_1
OTU_97.41519,Right_Antecubital_fossa
OTU_97.41519,Left_Retroauricular_crease
OTU_97.41519,Anterior_nares_1
OTU_97.41521,Right_Retroauricular_crease_1
OTU_97.41521,Left_Retroauricular_crease
OTU_97.41521,Hard_palate_1
OTU_97.41521,Attached_Keratinized_gingiva
OTU_97.4153,Right_Retroauricular_crease_1
OTU_97.4153,Subgingival_plaque
OTU_97.4153,Supragingival_plaque
OTU_97.4153,Tongue_dorsum_1
OTU_97.41539,Left_Antecubital_fossa_1
OTU_97.41539,Attached_Keratinized_gingiva_1
OTU_97.41544,Right_Retroauricular_crease_1
OTU_97.41544,Right_Retroauricular_crease
OTU_97.41544,Saliva_1
OTU_97.41544,Palatine_Tonsils_1
OTU_97.41549,Throat
OTU_97.41551,Hard_palate
OTU_97.41551,Subgingival_plaque_1
OTU_97.41551,Palatine_Tonsils
OTU_97.41551,Left_Antecubital_fossa
OTU_97.41557,Left_Retroauricular_crease
OTU_97.41557,Stool
OTU_97.41558,Right_Antecubital_fossa
OTU_97.41558,Left_Retroauricular_crease
OTU_97.41558,Attached_Keratinized_gingiva_1
OTU_97.41558,Stool
OTU_97.41558,Stool_1
OTU_97.41564,Subgingival_plaque
OTU_97.41564,Throat
OTU_97.41565,Supragingival_plaque_1
OTU_97.41566,Subgingival_plaque_1
OTU_97.41571,Subgingival_plaque
OTU_97.41571,Attached_Keratinized_gingiva_1
OTU_97.41572,Right_Retroauricular_crease
OTU_97.41578,Left_Retroauricular_crease
OTU_97.41578,Attached_Keratinized_gingiva_1
OTU_97.41578,Throat
OTU_97.41578,Anterior_nares_1
OTU_97.41580,Saliva
OTU_97.41580,Right_Retroauricular_crease
OTU_97.41580,Left_Retroauricular_crease
OTU_97.41580,Stool
OTU_97.41584,Tongue_dorsum
OTU_97.41584,Palatine_Tonsils
OTU_97.41584,Attached_Keratinized_gingiva
OTU_97.41589,Attached_Keratinized_gingiva_1
OTU_97.41591,Left_Antecubital_fossa_1
OTU_97.41591,Hard_palate_1
OTU_97.41591,Subgingival_plaque_1
OTU_97.41591,Right_Antecubital_fossa_1
OTU_97.41593,Left_Retroauricular_crease
OTU_97.41593,Right_Antecubital_fossa_1
OTU_97.41599,Anterior_nares
OTU_97.416,Stool
OTU_97.41606,Subgingival_plaque
OTU_97.41606,Supragingival_plaque_1
OTU_97.41606,Hard_palate_1
OTU_97.41606,Attached_Keratinized_gingiva
OTU_97.41608,Right_Retroauricular_crease_1
OTU_97.41608,Supragingival_plaque_1
OTU_97.41612,Subgingival_plaque
OTU_97.41612,Anterior_nares
OTU_97.41617,Supragingival_plaque
OTU_97.41617,Buccal_mucosa_1
OTU_97.41617,Left_Antecubital_fossa
OTU_97.41618,Stool_1
OTU_97.4162,Tongue_dorsum_1
OTU_97.41621,Saliva
OTU_97.41621,Hard_palate_1
OTU_97.41628,Left_Antecubital_fossa_1
OTU_97.41628,Right_Retroauricular_crease
OTU_97.41628,Hard_palate_1
OTU_97.41628,Palatine_Tonsils
OTU_97.41628,Right_Antecubital_fossa_1
OTU_97.41631,Stool_1
OTU_97.41631,Palatine_Tonsils_1
OTU_97.41631,Anterior_nares
OTU_97.41631,Anterior_nares_1
OTU_97.41639,Hard_palate
OTU_97.4164,Supragingival_plaque
OTU_97.4164,Left_Retroauricular_crease
OTU_97.4164,Hard_palate_1
OTU_97.41643,Right_Antecubital_fossa
OTU_97.41648,Tongue_dorsum
OTU_97.41649,Right_Retroauricular_crease_1
OTU_97.41649,Right_Antecubital_fossa
OTU_97.41655,Subgingival_plaque
OTU_97.41655,Anterior_nares_1
OTU_97.41656,Right_Retroauricular_crease_1
OTU_97.41659,Supragingival_plaque_1
OTU_97.41659,Throat_1
OTU_97.4166,Left_Retroauricular_crease
OTU_97.4166,Attached_Keratinized_gingiva_1
OTU_97.4166,Attached_Keratinized_gingiva
OTU_97.4166,Left_Retroauricular_crease_1
OTU_97.41660,Supragingival_plaque_1
OTU_97.41660,Buccal_mucosa
OTU_97.41660,Left_Antecubital_fossa_1
OTU_97.41660,Attached_Keratinized_gingiva_1
OTU_97.41660,Right_Antecubital_fossa_1
OTU_97.41663,Buccal_mucosa_1
OTU_97.41663,Left_Antecubital_fossa
OTU_97.41663,Anterior_nares_1
OTU_97.41666,Hard_palate_1
OTU_97.41666,Subgingival_plaque_1
OTU_97.41668,Tongue_dorsum
OTU_97.41668,Left_Antecubital_fossa_1
OTU_97.41668,Attached_Keratinized_gingiva_1
OTU_97.41668,Left_Retroauricular_crease_1
OTU_97.41668,Tongue_dorsum_1
OTU_97.41669,Supragingival_plaque
OTU_97.41669,Left_Antecubital_fossa
OTU_97.41669,Right_Antecubital_fossa_1
OTU_97.41674,Buccal_mucosa_1
OTU_97.41674,Attached_Keratinized_gingiva
OTU_97.41679,Left_Retroauricular_crease
OTU_97.41685,Subgingival_plaque
OTU_97.41685,Buccal_mucosa
OTU_97.41685,Buccal_mucosa_1
OTU_97.41685,Saliva_1
OTU_97.41685,Palatine_Tonsils
OTU_97.41687,Saliva_1
OTU_97.41687,Throat
OTU_97.4169,Palatine_Tonsils
OTU_97.4169,Anterior_nares_1
OTU_97.41694,Saliva_1
OTU_97.41694,Tongue_dorsum_1
OTU_97.41694,Right_Antecubital_fossa_1
OTU_97.41695,Left_Retroauricular_crease
OTU_97.41695,Left_Retroauricular_crease_1
OTU_97.41699,Tongue_dorsum
OTU_97.41699,Throat_1
OTU_97.41700,Right_Retroauricular_crease
OTU_97.41700,Attached_Keratinized_gingiva_1
OTU_97.41700,Hard_palate
OTU_97.41700,Right_Antecubital_fossa_1
OTU_97.41701,Left_Retroauricular_crease
OTU_97.41701,Tongue_dorsum_1
OTU_97.41705,Supragingival_plaque
OTU_97.41705,Subgingival_plaque_1
OTU_97.41711,Right_Retroauricular_crease_1
OTU_97.41711,Attached_Keratinized_gingiva_1
OTU_97.41711,Stool
OTU_97.41711,Left_Antecubital_fossa
OTU_97.41713,Buccal_mucosa
OTU_97.41713,Attached_Keratinized_gingiva_1
OTU_97.41713,Anterior_nares_1
OTU_97.41716,Right_Retroauricular_crease_1
OTU_97.41716,Subgingival_plaque
OTU_97.41716,Right_Retroauricular_crease
OTU_97.41716,Stool_1
OTU_97.41716,Right_Antecubital_fossa_1
OTU_97.41730,Left_Retroauricular_crease
OTU_97.41730,Attached_Keratinized_gingiva_1
OTU_97.41731,Saliva_1
OTU_97.41731,Palatine_Tonsils
OTU_97.41731,Tongue_dorsum_1
OTU_97.41732,Subgingival_plaque
OTU_97.41732,Left_Retroauricular_crease
OTU_97.41732,Saliva_1
OTU_97.41732,Throat_1
OTU_97.41734,Buccal_mucosa
OTU_97.41734,Throat
OTU_97.4174,Supragingival_plaque
OTU_97.4174,Saliva
OTU_97.4174,Attached_Keratinized_gingiva_1
OTU_97.4174,Palatine_Tonsils
OTU_97.4174,Left_Antecubital_fossa
OTU_97.4174,Throat_1
OTU_97.41740,Hard_palate_1
OTU_97.41740,Stool_1
OTU_97.41742,Right_Retroauricular_crease
OTU_97.41742,Palatine_Tonsils_1
OTU_97.41748,Supragingival_plaque_1
OTU_97.41748,Saliva
OTU_97.41748,Throat
OTU_97.41748,Attached_Keratinized_gingiva
OTU_97.41749,Buccal_mucosa
OTU_97.41749,Throat_1
OTU_97.4175,Tongue_dorsum
OTU_97.4175,Buccal_mucosa_1
OTU_97.41750,Attached_Keratinized_gingiva_1
OTU_97.41750,Left_Retroauricular_crease_1
OTU_97.41755,Attached_Keratinized_gingiva
OTU_97.41757,Supragingival_plaque_1
OTU_97.41757,Hard_palate_1
OTU_97.41757,Left_Retroauricular_crease_1
OTU_97.41758,Saliva_1
OTU_97.41761,Right_Retroauricular_crease_1
OTU_97.41766,Hard_palate_1
OTU_97.41766,Anterior_nares_1
OTU_97.41769,Saliva
OTU_97.41769,Subgingival_plaque_1
OTU_97.4177,Attached_Keratinized_gingiva_1
OTU_97.4177,Left_Antecubital_fossa
OTU_97.41770,Right_Retroauricular_crease_1
OTU_97.41770,Throat_1
OTU_97.41773,Right_Retroauricular_crease_1
OTU_97.41773,Stool
OTU_97.41773,Palatine_Tonsils_1
OTU_97.41773,Anterior_nares_1
OTU_97.41785,Stool_1
OTU_97.41785,Anterior_nares
OTU_97.41785,Anterior_nares_1
OTU_97.41788,Supragingival_plaque
OTU_97.41789,Supragingival_plaque
OTU_97.41789,Tongue_dorsum_1
OTU_97.41794,Left_Retroauricular_crease
OTU_97.41794,Attached_Keratinized_gingiva
OTU_97.41795,Left_Retroauricular_crease
OTU_97.41795,Palatine_Tonsils_1
OTU_97.41795,Throat_1
OTU_97.418,Saliva
OTU_97.418,Throat_1
OTU_97.41800,Subgingival_plaque
OTU_97.41800,Saliva
OTU_97.41800,Right_Retroauricular_crease
OTU_97.41800,Left_Retroauricular_crease
OTU_97.41800,Left_Retroauricular_crease_1
OTU_97.41805,Anterior_nares
OTU_97.41805,Left_Antecubital_fossa
OTU_97.41809,Left_Antecubital_fossa_1
OTU_97.41809,Left_Antecubital_fossa
OTU_97.41809,Anterior_nares_1
OTU_97.41810,Right_Retroauricular_crease_1
OTU_97.41810,Right_Antecubital_fossa
OTU_97.41810,Buccal_mucosa_1
OTU_97.41815,Supragingival_plaque
OTU_97.41815,Right_Antecubital_fossa
OTU_97.41815,Buccal_mucosa_1
OTU_97.41818,Right_Retroauricular_crease_1
OTU_97.41818,Supragingival_plaque
OTU_97.41818,Right_Antecubital_fossa_1
OTU_97.4182,Supragingival_plaque_1
OTU_97.41820,Buccal_mucosa
OTU_97.41820,Supragingival_plaque
OTU_97.41820,Attached_Keratinized_gingiva
OTU_97.41822,Hard_palate_1
OTU_97.41822,Stool
OTU_97.41822,Stool_1
OTU_97.41825,Left_Antecubital_fossa_1
OTU_97.41825,Saliva_1
OTU_97.41825,Anterior_nares
OTU_97.41828,Right_Retroauricular_crease
OTU_97.41828,Hard_palate
OTU_97.41828,Hard_palate_1
OTU_97.41828,Subgingival_plaque_1
OTU_97.41831,Stool
OTU_97.41831,Attached_Keratinized_gingiva
OTU_97.41839,Hard_palate
OTU_97.41839,Buccal_mucosa_1
OTU_97.41839,Subgingival_plaque_1
OTU_97.41840,Tongue_dorsum
OTU_97.41840,Right_Antecubital_fossa
OTU_97.41840,Throat
OTU_97.41842,Buccal_mucosa
OTU_97.41842,Anterior_nares_1
OTU_97.41843,Left_Antecubital_fossa_1
OTU_97.41843,Saliva_1
OTU_97.41843,Right_Antecubital_fossa_1
OTU_97.41845,Hard_palate
OTU_97.41845,Left_Antecubital_fossa
OTU_97.41845,Throat_1
OTU_97.41846,Supragingival_plaque
OTU_97.41846,Attached_Keratinized_gingiva_1
OTU_97.41846,Throat
OTU_97.41846,Attached_Keratinized_gingiva
OTU_97.41847,Throat
OTU_97.41849,Saliva
OTU_97.41849,Left_Retroauricular_crease
OTU_97.41849,Stool_1
OTU_97.41853,Buccal_mucosa
OTU_97.41853,Attached_Keratinized_gingiva_1
OTU_97.41853,Throat
OTU_97.41856,Saliva
OTU_97.41856,Palatine_Tonsils
OTU_97.41856,Attached_Keratinized_gingiva
OTU_97.4186,Buccal_mucosa_1
OTU_97.4186,Right_Antecubital_fossa_1
OTU_97.41867,Supragingival_plaque_1
OTU_97.41867,Attached_Keratinized_gingiva_1
OTU_97.41867,Throat_1
OTU_97.41870,Attached_Keratinized_gingiva_1
OTU_97.41870,Palatine_Tonsils
OTU_97.41871,Tongue_dorsum
OTU_97.41873,Left_Antecubital_fossa
OTU_97.41874,Supragingival_plaque_1
OTU_97.41874,Throat
OTU_97.41875,Stool
OTU_97.41875,Anterior_nares_1
OTU_97.41877,Subgingival_plaque
OTU_97.41877,Buccal_mucosa
OTU_97.41877,Saliva
OTU_97.41877,Throat
OTU_97.41877,Left_Antecubital_fossa
OTU_97.41878,Supragingival_plaque_1
OTU_97.41878,Stool_1
OTU_97.4188,Buccal_mucosa_1
OTU_97.4188,Throat_1
OTU_97.41881,Tongue_dorsum_1
OTU_97.41889,Left_Antecubital_fossa_1
OTU_97.41889,Buccal_mucosa_1
OTU_97.41889,Throat
OTU_97.4189,Left_Retroauricular_crease
OTU_97.4189,Hard_palate_1
OTU_97.4189,Saliva_1
OTU_97.4189,Left_Retroauricular_crease_1
OTU_97.41890,Palatine_Tonsils_1
OTU_97.41893,Right_Antecubital_fossa
OTU_97.41893,Left_Retroauricular_crease_1
OTU_97.41893,Anterior_nares_1
OTU_97.41897,Stool
OTU_97.41897,Left_Antecubital_fossa
OTU_97.41898,Stool
OTU_97.41898,Throat
OTU_97.419,Supragingival_plaque
OTU_97.419,Right_Antecubital_fossa
OTU_97.41900,Right_Retroauricular_crease
OTU_97.41900,Buccal_mucosa_1
OTU_97.41909,Right_Retroauricular_crease_1
OTU_97.41913,Right_Antecubital_fossa
OTU_97.41913,Left_Retroauricular_crease
OTU_97.41913,Palatine_Tonsils
OTU_97.41913,Throat
OTU_97.41917,Buccal_mucosa
OTU_97.41922,Tongue_dorsum
OTU_97.41922,Right_Retroauricular_crease_1
OTU_97.41922,Tongue_dorsum_1
OTU_97.41923,Saliva
OTU_97.41923,Left_Antecubital_fossa_1
OTU_97.41923,Subgingival_plaque_1
OTU_97.41923,Left_Retroauricular_crease_1
OTU_97.41926,Saliva
OTU_97.41926,Right_Antecubital_fossa_1
OTU_97.41934,Tongue_dorsum
OTU_97.41934,Left_Antecubital_fossa
OTU_97.41935,Saliva
OTU_97.41935,Tongue_dorsum_1
OTU_97.41935,Right_Antecubital_fossa_1
OTU_97.41936,Hard_palate_1
OTU_97.41936,Left_Antecubital_fossa
OTU_97.41936,Throat_1
OTU_97.41937,Left_Retroauricular_crease
OTU_97.41937,Attached_Keratinized_gingiva
OTU_97.41938,Buccal_mucosa
OTU_97.41938,Throat
OTU_97.41938,Palatine_Tonsils_1
OTU_97.41941,Left_Antecubital_fossa_1
OTU_97.41941,Left_Retroauricular_crease
OTU_97.41941,Left_Antecubital_fossa
OTU_97.41941,Tongue_dorsum_1
OTU_97.41942,Palatine_Tonsils_1
OTU_97.41942,Left_Retroauricular_crease_1
OTU_97.41947,Tongue_dorsum
OTU_97.41947,Buccal_mucosa_1
OTU_97.41947,Left_Retroauricular_crease_1
OTU_97.41950,Right_Retroauricular_crease
OTU_97.41950,Throat
OTU_97.41952,Right_Antecubital_fossa
OTU_97.41952,Hard_palate_1
OTU_97.41955,Tongue_dorsum
OTU_97.41956,Subgingival_plaque_1
OTU_97.41956,Palatine_Tonsils_1
OTU_97.41956,Tongue_dorsum_1
OTU_97.41964,Tongue_dorsum
OTU_97.41964,Hard_palate_1
OTU_97.41964,Attached_Keratinized_gingiva
OTU_97.41964,Anterior_nares
OTU_97.41965,Hard_palate_1
OTU_97.41965,Anterior_nares
OTU_97.41969,Right_Antecubital_fossa_1
OTU_97.41970,Left_Retroauricular_crease
OTU_97.41970,Hard_palate_1
OTU_97.41970,Palatine_Tonsils
OTU_97.41970,Throat
OTU_97.41970,Palatine_Tonsils_1
OTU_97.41970,Anterior_nares
OTU_97.41971,Supragingival_plaque
OTU_97.41971,Hard_palate
OTU_97.41971,Attached_Keratinized_gingiva
OTU_97.41973,Subgingival_plaque_1
OTU_97.41973,Palatine_Tonsils_1
OTU_97.41973,Left_Retroauricular_crease_1
OTU_97.41974,Supragingival_plaque_1
OTU_97.41977,Left_Retroauricular_crease_1
OTU_97.41977,Anterior_nares_1
OTU_97.41978,Supragingival_plaque
OTU_97.41978,Left_Antecubital_fossa_1
OTU_97.41978,Saliva_1
OTU_97.41980,Saliva
OTU_97.41980,Right_Antecubital_fossa
OTU_97.41980,Palatine_Tonsils
OTU_97.41980,Tongue_dorsum_1
OTU_97.41987,Throat
OTU_97.41987,Right_Antecubital_fossa_1
OTU_97.41988,Hard_palate_1
OTU_97.41988,Stool_1
OTU_97.41988,Palatine_Tonsils
OTU_97.41988,Left_Antecubital_fossa
OTU_97.41988,Right_Antecubital_fossa_1
OTU_97.41988,Throat_1
OTU_97.41993,Attached_Keratinized_gingiva
OTU_97.41993,Tongue_dorsum_1
OTU_97.42,Supragingival_plaque_1
OTU_97.42,Hard_palate_1
OTU_97.420,Subgingival_plaque
OTU_97.420,Supragingival_plaque
OTU_97.420,Saliva
OTU_97.420,Attached_Keratinized_gingiva_1
OTU_97.42000,Right_Retroauricular_crease
OTU_97.42000,Saliva_1
OTU_97.42004,Supragingival_plaque_1
OTU_97.42004,Left_Antecubital_fossa_1
OTU_97.42004,Stool_1
OTU_97.42006,Palatine_Tonsils
OTU_97.42006,Palatine_Tonsils_1
OTU_97.42006,Tongue_dorsum_1
OTU_97.42008,Hard_palate
OTU_97.42008,Throat
OTU_97.42008,Attached_Keratinized_gingiva
OTU_97.42008,Left_Retroauricular_crease_1
OTU_97.42010,Left_Retroauricular_crease_1
OTU_97.42010,Anterior_nares_1
OTU_97.42013,Subgingival_plaque
OTU_97.42013,Left_Antecubital_fossa_1
OTU_97.42015,Buccal_mucosa_1
OTU_97.42015,Stool
OTU_97.42015,Left_Antecubital_fossa
OTU_97.42016,Buccal_mucosa_1
OTU_97.42017,Tongue_dorsum
OTU_97.42017,Buccal_mucosa
OTU_97.42017,Attached_Keratinized_gingiva_1
OTU_97.42017,Attached_Keratinized_gingiva
OTU_97.42017,Anterior_nares
OTU_97.42019,Subgingival_plaque
OTU_97.42019,Subgingival_plaque_1
OTU_97.42019,Left_Retroauricular_crease_1
OTU_97.42019,Left_Antecubital_fossa
OTU_97.42019,Tongue_dorsum_1
OTU_97.42020,Right_Retroauricular_crease
OTU_97.42020,Attached_Keratinized_gingiva_1
OTU_97.42021,Left_Antecubital_fossa_1
OTU_97.42021,Right_Antecubital_fossa
OTU_97.42022,Buccal_mucosa_1
OTU_97.42022,Subgingival_plaque_1
OTU_97.42023,Supragingival_plaque_1
OTU_97.42023,Anterior_nares_1
OTU_97.42029,Right_Retroauricular_crease
OTU_97.42029,Palatine_Tonsils
OTU_97.42029,Left_Antecubital_fossa
OTU_97.42029,Right_Antecubital_fossa_1
OTU_97.42031,Left_Retroauricular_crease
OTU_97.42031,Buccal_mucosa_1
OTU_97.42031,Left_Retroauricular_crease_1
OTU_97.42038,Right_Retroauricular_crease
OTU_97.42038,Anterior_nares
OTU_97.42039,Supragingival_plaque_1
OTU_97.42039,Anterior_nares
OTU_97.42039,Tongue_dorsum_1
OTU_97.42039,Right_Antecubital_fossa_1
OTU_97.42041,Stool_1
OTU_97.42046,Supragingival_plaque_1
OTU_97.42056,Right_Antecubital_fossa
OTU_97.42056,Attached_Keratinized_gingiva_1
OTU_97.42056,Hard_palate
OTU_97.42056,Throat
OTU_97.42056,Attached_Keratinized_gingiva
OTU_97.42056,Left_Retroauricular_crease_1
OTU_97.42057,Subgingival_plaque_1
OTU_97.42057,Anterior_nares
OTU_97.42059,Supragingival_plaque_1
OTU_97.42059,Right_Retroauricular_crease
OTU_97.42059,Left_Retroauricular_crease_1
OTU_97.42059,Tongue_dorsum_1
OTU_97.42059,Anterior_nares_1
OTU_97.4206,Stool_1
OTU_97.4206,Tongue_dorsum_1
OTU_97.42062,Right_Retroauricular_crease_1
OTU_97.42062,Right_Retroauricular_crease
OTU_97.42062,Left_Retroauricular_crease_1
OTU_97.42062,Anterior_nares
OTU_97.42065,Buccal_mucosa
OTU_97.42065,Anterior_nares
OTU_97.42065,Throat_1
OTU_97.42067,Left_Antecubital_fossa_1
OTU_97.42067,Left_Retroauricular_crease
OTU_97.42068,Right_Antecubital_fossa
OTU_97.42068,Subgingival_plaque_1
OTU_97.42071,Supragingival_plaque_1
OTU_97.42071,Hard_palate
OTU_97.42071,Stool
OTU_97.42071,Anterior_nares
OTU_97.42072,Hard_palate
OTU_97.42072,Stool_1
OTU_97.42074,Palatine_Tonsils_1
OTU_97.42074,Right_Antecubital_fossa_1
OTU_97.42075,Buccal_mucosa
OTU_97.42075,Anterior_nares_1
OTU_97.42076,Hard_palate_1
OTU_97.4208,Right_Retroauricular_crease
OTU_97.4208,Saliva_1
OTU_97.42080,Right_Antecubital_fossa
OTU_97.42080,Left_Retroauricular_crease
OTU_97.42080,Palatine_Tonsils_1
OTU_97.42085,Right_Retroauricular_crease
OTU_97.42088,Saliva_1
OTU_97.42088,Palatine_Tonsils
OTU_97.42088,Palatine_Tonsils_1
OTU_97.4209,Right_Retroauricular_crease_1
OTU_97.4209,Left_Antecubital_fossa_1
OTU_97.42092,Supragingival_plaque_1
OTU_97.42095,Tongue_dorsum
OTU_97.42095,Right_Retroauricular_crease
OTU_97.42098,Right_Retroauricular_crease
OTU_97.42098,Hard_palate_1
OTU_97.42099,Right_Retroauricular_crease
OTU_97.42099,Buccal_mucosa_1
OTU_97.42101,Left_Antecubital_fossa_1
OTU_97.42101,Right_Antecubital_fossa_1
OTU_97.42103,Supragingival_plaque_1
OTU_97.42106,Tongue_dorsum
OTU_97.42106,Throat
OTU_97.42107,Subgingival_plaque
OTU_97.42107,Palatine_Tonsils_1
OTU_97.42107,Tongue_dorsum_1
OTU_97.42110,Supragingival_plaque
OTU_97.42110,Subgingival_plaque_1
OTU_97.42110,Palatine_Tonsils_1
OTU_97.42112,Palatine_Tonsils
OTU_97.42112,Left_Antecubital_fossa
OTU_97.42113,Right_Retroauricular_crease_1
OTU_97.42113,Supragingival_plaque_1
OTU_97.42113,Stool_1
OTU_97.42113,Right_Antecubital_fossa_1
OTU_97.42114,Right_Antecubital_fossa
OTU_97.42114,Throat
OTU_97.42115,Supragingival_plaque
OTU_97.42115,Left_Retroauricular_crease
OTU_97.42115,Hard_palate_1
OTU_97.42118,Subgingival_plaque
OTU_97.42118,Supragingival_plaque
OTU_97.42118,Left_Antecubital_fossa_1
OTU_97.42118,Throat_1
OTU_97.4212,Saliva
OTU_97.4212,Left_Retroauricular_crease
OTU_97.4212,Attached_Keratinized_gingiva_1
OTU_97.42121,Saliva_1
OTU_97.42121,Left_Antecubital_fossa
OTU_97.42121,Anterior_nares_1
OTU_97.42125,Saliva
OTU_97.42125,Tongue_dorsum_1
OTU_97.42127,Subgingival_plaque
OTU_97.42127,Right_Retroauricular_crease
OTU_97.42127,Stool
OTU_97.42127,Anterior_nares_1
OTU_97.42128,Saliva
OTU_97.42128,Left_Retroauricular_crease
OTU_97.42128,Hard_palate_1
OTU_97.42132,Hard_palate_1
OTU_97.42132,Throat
OTU_97.42132,Attached_Keratinized_gingiva
OTU_97.42136,Left_Antecubital_fossa_1
OTU_97.42136,Right_Retroauricular_crease
OTU_97.42136,Anterior_nares_1
OTU_97.42137,Hard_palate
OTU_97.42137,Anterior_nares
OTU_97.42138,Tongue_dorsum
OTU_97.42138,Palatine_Tonsils_1
OTU_97.42138,Right_Antecubital_fossa_1
OTU_97.42140,Supragingival_plaque_1
OTU_97.42140,Buccal_mucosa
OTU_97.42140,Attached_Keratinized_gingiva_1
OTU_97.42145,Left_Antecubital_fossa_1
OTU_97.42145,Subgingival_plaque_1
OTU_97.42145,Throat_1
OTU_97.42146,Throat_1
OTU_97.42148,Palatine_Tonsils_1
OTU_97.42148,Left_Retroauricular_crease_1
OTU_97.42148,Left_Antecubital_fossa
OTU_97.42151,Left_Retroauricular_crease
OTU_97.42151,Right_Antecubital_fossa_1
OTU_97.42152,Stool_1
OTU_97.42152,Throat
OTU_97.42152,Anterior_nares
OTU_97.42154,Right_Retroauricular_crease
OTU_97.42154,Hard_palate
OTU_97.42155,Right_Retroauricular_crease_1
OTU_97.42155,Buccal_mucosa_1
OTU_97.42155,Subgingival_plaque_1
OTU_97.42155,Saliva_1
OTU_97.42155,Throat_1
OTU_97.42156,Attached_Keratinized_gingiva_1
OTU_97.42156,Palatine_Tonsils
OTU_97.42156,Palatine_Tonsils_1
OTU_97.42156,Anterior_nares
OTU_97.42156,Throat_1
OTU_97.42157,Saliva
OTU_97.42157,Left_Retroauricular_crease_1
OTU_97.42158,Right_Antecubital_fossa_1
OTU_97.42164,Right_Retroauricular_crease
OTU_97.42164,Tongue_dorsum_1
OTU_97.42164,Throat_1
OTU_97.42164,Anterior_nares_1
OTU_97.42169,Right_Retroauricular_crease_1
OTU_97.42170,Right_Retroauricular_crease_1
OTU_97.42170,Subgingival_plaque_1
OTU_97.42171,Left_Antecubital_fossa_1
OTU_97.42171,Stool_1
OTU_97.42171,Left_Antecubital_fossa
OTU_97.42171,Tongue_dorsum_1
OTU_97.42173,Subgingival_plaque
OTU_97.42173,Left_Antecubital_fossa_1
OTU_97.42173,Hard_palate
OTU_97.42173,Stool_1
OTU_97.42173,Palatine_Tonsils
OTU_97.42177,Buccal_mucosa
OTU_97.42177,Supragingival_plaque
OTU_97.42177,Subgingival_plaque_1
OTU_97.42178,Tongue_dorsum_1
OTU_97.42181,Anterior_nares_1
OTU_97.42183,Buccal_mucosa
OTU_97.42185,Right_Retroauricular_crease
OTU_97.42185,Saliva_1
OTU_97.42189,Subgingival_plaque_1
OTU_97.42189,Tongue_dorsum_1
OTU_97.42190,Right_Antecubital_fossa_1
OTU_97.42190,Throat_1
OTU_97.42190,Anterior_nares_1
OTU_97.42191,Right_Antecubital_fossa
OTU_97.42191,Stool
OTU_97.42192,Stool_1
OTU_97.42192,Anterior_nares
OTU_97.42192,Throat_1
OTU_97.42194,Supragingival_plaque
OTU_97.42194,Left_Retroauricular_crease_1
OTU_97.42194,Left_Antecubital_fossa
OTU_97.42196,Right_Antecubital_fossa
OTU_97.42196,Stool_1
OTU_97.42196,Left_Antecubital_fossa
OTU_97.42197,Subgingival_plaque
OTU_97.42197,Supragingival_plaque
OTU_97.42197,Left_Antecubital_fossa_1
OTU_97.42197,Stool
OTU_97.42197,Subgingival_plaque_1
OTU_97.42198,Tongue_dorsum
OTU_97.42198,Saliva_1
OTU_97.422,Attached_Keratinized_gingiva_1
OTU_97.422,Right_Antecubital_fossa_1
OTU_97.422,Anterior_nares_1
OTU_97.42200,Right_Antecubital_fossa_1
OTU_97.42200,Anterior_nares_1
OTU_97.42203,Left_Antecubital_fossa
OTU_97.42203,Tongue_dorsum_1
OTU_97.42206,Left_Antecubital_fossa_1
OTU_97.42207,Supragingival_plaque_1
OTU_97.42207,Left_Antecubital_fossa_1
OTU_97.42207,Right_Antecubital_fossa_1
OTU_97.42209,Hard_palate_1
OTU_97.42209,Buccal_mucosa_1
OTU_97.42209,Palatine_Tonsils
OTU_97.4221,Hard_palate_1
OTU_97.42210,Right_Antecubital_fossa
OTU_97.42210,Palatine_Tonsils_1
OTU_97.42213,Supragingival_plaque
OTU_97.42213,Hard_palate
OTU_97.42213,Right_Antecubital_fossa_1
OTU_97.42216,Right_Antecubital_fossa
OTU_97.42216,Subgingival_plaque_1
OTU_97.42216,Saliva_1
OTU_97.42217,Hard_palate_1
OTU_97.42217,Throat
OTU_97.42219,Tongue_dorsum
OTU_97.42219,Supragingival_plaque
OTU_97.42219,Saliva
OTU_97.4222,Left_Antecubital_fossa_1
OTU_97.4222,Buccal_mucosa_1
OTU_97.4222,Stool
OTU_97.4222,Throat
OTU_97.4222,Attached_Keratinized_gingiva
OTU_97.4222,Right_Antecubital_fossa_1
OTU_97.42220,Attached_Keratinized_gingiva_1
OTU_97.42220,Hard_palate_1
OTU_97.42220,Anterior_nares_1
OTU_97.42221,Right_Retroauricular_crease_1
OTU_97.42221,Supragingival_plaque_1
OTU_97.42221,Left_Retroauricular_crease
OTU_97.4223,Right_Retroauricular_crease_1
OTU_97.4223,Attached_Keratinized_gingiva
OTU_97.42235,Anterior_nares
OTU_97.42235,Tongue_dorsum_1
OTU_97.42235,Throat_1
OTU_97.42236,Subgingival_plaque_1
OTU_97.4224,Right_Retroauricular_crease
OTU_97.4224,Throat
OTU_97.42241,Stool_1
OTU_97.42241,Left_Retroauricular_crease_1
OTU_97.42241,Right_Antecubital_fossa_1
OTU_97.42242,Hard_palate_1
OTU_97.42242,Subgingival_plaque_1
OTU_97.42243,Buccal_mucosa
OTU_97.42245,Left_Retroauricular_crease
OTU_97.42245,Hard_palate
OTU_97.42245,Left_Antecubital_fossa
OTU_97.42246,Buccal_mucosa
OTU_97.42246,Anterior_nares
OTU_97.42248,Palatine_Tonsils_1
OTU_97.42248,Tongue_dorsum_1
OTU_97.4225,Saliva
OTU_97.4225,Stool_1
OTU_97.4225,Subgingival_plaque_1
OTU_97.4225,Tongue_dorsum_1
OTU_97.42251,Hard_palate
OTU_97.42251,Stool
OTU_97.42251,Saliva_1
OTU_97.42251,Left_Retroauricular_crease_1
OTU_97.42254,Anterior_nares
OTU_97.42256,Tongue_dorsum
OTU_97.42256,Hard_palate_1
OTU_97.42257,Tongue_dorsum
OTU_97.42259,Anterior_nares
OTU_97.42261,Right_Retroauricular_crease_1
OTU_97.42261,Subgingival_plaque
OTU_97.42261,Left_Antecubital_fossa_1
OTU_97.42261,Right_Antecubital_fossa
OTU_97.42264,Left_Retroauricular_crease
OTU_97.42264,Left_Antecubital_fossa
OTU_97.42266,Supragingival_plaque_1
OTU_97.42266,Saliva
OTU_97.42267,Tongue_dorsum
OTU_97.42267,Right_Antecubital_fossa
OTU_97.42268,Tongue_dorsum
OTU_97.42268,Stool
OTU_97.42268,Stool_1
OTU_97.42268,Left_Retroauricular_crease_1
OTU_97.42268,Tongue_dorsum_1
OTU_97.42269,Tongue_dorsum
OTU_97.42269,Tongue_dorsum_1
OTU_97.42271,Right_Antecubital_fossa
OTU_97.42275,Tongue_dorsum
OTU_97.42275,Subgingival_plaque
OTU_97.42275,Throat
OTU_97.42276,Supragingival_plaque
OTU_97.42276,Left_Retroauricular_crease_1
OTU_97.42277,Supragingival_plaque
OTU_97.42277,Left_Retroauricular_crease
OTU_97.42277,Buccal_mucosa_1
OTU_97.42277,Saliva_1
OTU_97.42277,Tongue_dorsum_1
OTU_97.42278,Tongue_dorsum
OTU_97.42278,Supragingival_plaque
OTU_97.42278,Palatine_Tonsils
OTU_97.42278,Anterior_nares
OTU_97.42278,Throat_1
OTU_97.42283,Throat
OTU_97.42283,Left_Antecubital_fossa
OTU_97.42283,Tongue_dorsum_1
OTU_97.42285,Right_Retroauricular_crease
OTU_97.42285,Hard_palate
OTU_97.42285,Buccal_mucosa_1
OTU_97.42288,Right_Retroauricular_crease
OTU_97.42288,Hard_palate_1
OTU_97.42288,Throat_1
OTU_97.42294,Hard_palate_1
OTU_97.42294,Throat_1
OTU_97.42296,Left_Antecubital_fossa
OTU_97.423,Subgingival_plaque
OTU_97.423,Buccal_mucosa
OTU_97.423,Saliva
OTU_97.423,Right_Retroauricular_crease
OTU_97.423,Subgingival_plaque_1
OTU_97.42300,Right_Retroauricular_crease_1
OTU_97.42300,Buccal_mucosa_1
OTU_97.42300,Palatine_Tonsils_1
OTU_97.42301,Left_Antecubital_fossa
OTU_97.42305,Hard_palate_1
OTU_97.42305,Left_Antecubital_fossa
OTU_97.42306,Right_Retroauricular_crease_1
OTU_97.42306,Left_Retroauricular_crease
OTU_97.42313,Throat
OTU_97.42315,Left_Antecubital_fossa_1
OTU_97.42315,Tongue_dorsum_1
OTU_97.42315,Anterior_nares_1
OTU_97.42317,Tongue_dorsum
OTU_97.42317,Saliva_1
OTU_97.42318,Supragingival_plaque_1
OTU_97.42318,Attached_Keratinized_gingiva
OTU_97.42318,Left_Retroauricular_crease_1
OTU_97.42319,Left_Antecubital_fossa_1
OTU_97.42319,Stool
OTU_97.42319,Left_Retroauricular_crease_1
OTU_97.42321,Stool
OTU_97.42321,Tongue_dorsum_1
OTU_97.42334,Buccal_mucosa_1
OTU_97.42334,Anterior_nares_1
OTU_97.42335,Hard_palate_1
OTU_97.42338,Right_Retroauricular_crease
OTU_97.42338,Palatine_Tonsils_1
OTU_97.42339,Left_Antecubital_fossa
OTU_97.42342,Right_Antecubital_fossa
OTU_97.42345,Subgingival_plaque
OTU_97.42346,Hard_palate_1
OTU_97.42346,Throat_1
OTU_97.42349,Attached_Keratinized_gingiva_1
OTU_97.42349,Buccal_mucosa_1
OTU_97.42350,Buccal_mucosa
OTU_97.42350,Saliva_1
OTU_97.42350,Right_Antecubital_fossa_1
OTU_97.42351,Attached_Keratinized_gingiva_1
OTU_97.42352,Subgingival_plaque
OTU_97.42352,Hard_palate
OTU_97.42352,Left_Retroauricular_crease_1
OTU_97.42355,Saliva
OTU_97.42355,Tongue_dorsum_1
OTU_97.42356,Attached_Keratinized_gingiva
OTU_97.42356,Palatine_Tonsils_1
OTU_97.42361,Subgingival_plaque_1
OTU_97.42361,Throat
OTU_97.42361,Anterior_nares
OTU_97.42366,Buccal_mucosa
OTU_97.42366,Tongue_dorsum_1
OTU_97.42368,Buccal_mucosa
OTU_97.42368,Supragingival_plaque
OTU_97.42368,Right_Antecubital_fossa
OTU_97.42368,Attached_Keratinized_gingiva_1
OTU_97.42368,Stool
OTU_97.42368,Saliva_1
OTU_97.42373,Right_Retroauricular_crease_1
OTU_97.42373,Left_Retroauricular_crease
OTU_97.42373,Attached_Keratinized_gingiva_1
OTU_97.42374,Saliva
OTU_97.42374,Hard_palate
OTU_97.42374,Hard_palate_1
OTU_97.42375,Buccal_mucosa
OTU_97.42375,Left_Antecubital_fossa_1
OTU_97.42382,Buccal_mucosa
OTU_97.42382,Right_Antecubital_fossa
OTU_97.42383,Subgingival_plaque
OTU_97.42384,Tongue_dorsum
OTU_97.42384,Left_Retroauricular_crease_1
OTU_97.42384,Left_Antecubital_fossa
OTU_97.42384,Throat_1
OTU_97.42386,Saliva
OTU_97.42386,Attached_Keratinized_gingiva_1
OTU_97.42386,Left_Retroauricular_crease_1
OTU_97.42390,Hard_palate
OTU_97.42391,Stool_1
OTU_97.42391,Attached_Keratinized_gingiva
OTU_97.42391,Left_Antecubital_fossa
OTU_97.42393,Saliva
OTU_97.42393,Right_Retroauricular_crease
OTU_97.42393,Hard_palate
OTU_97.42393,Left_Retroauricular_crease_1
OTU_97.42399,Subgingival_plaque
OTU_97.42399,Hard_palate
OTU_97.42399,Subgingival_plaque_1
OTU_97.42404,Stool_1
OTU_97.42405,Tongue_dorsum
OTU_97.42405,Supragingival_plaque
OTU_97.42405,Attached_Keratinized_gingiva
OTU_97.42406,Buccal_mucosa
OTU_97.42406,Hard_palate_1
OTU_97.42406,Saliva_1
OTU_97.42406,Palatine_Tonsils_1
OTU_97.42406,Tongue_dorsum_1
OTU_97.42406,Right_Antecubital_fossa_1
OTU_97.42408,Left_Antecubital_fossa_1
OTU_97.42409,Buccal_mucosa_1
OTU_97.42409,Anterior_nares_1
OTU_97.42410,Attached_Keratinized_gingiva_1
OTU_97.42410,Hard_palate_1
OTU_97.42410,Palatine_Tonsils_1
OTU_97.42412,Buccal_mucosa_1
OTU_97.42412,Attached_Keratinized_gingiva
OTU_97.42412,Right_Antecubital_fossa_1
OTU_97.42412,Throat_1
OTU_97.42413,Right_Retroauricular_crease
OTU_97.42413,Left_Retroauricular_crease
OTU_97.42413,Stool
OTU_97.42413,Subgingival_plaque_1
OTU_97.42414,Hard_palate
OTU_97.42414,Stool
OTU_97.42417,Right_Retroauricular_crease_1
OTU_97.42419,Right_Retroauricular_crease_1
OTU_97.42419,Left_Antecubital_fossa_1
OTU_97.42419,Anterior_nares
OTU_97.42419,Throat_1
OTU_97.42420,Supragingival_plaque_1
OTU_97.42420,Left_Antecubital_fossa_1
OTU_97.42420,Buccal_mucosa_1
OTU_97.42421,Subgingival_plaque_1
OTU_97.42421,Throat
OTU_97.42421,Left_Retroauricular_crease_1
OTU_97.42421,Throat_1
OTU_97.42422,Subgingival_plaque_1
OTU_97.42422,Tongue_dorsum_1
OTU_97.42423,Throat
OTU_97.42423,Tongue_dorsum_1
OTU_97.42424,Right_Retroauricular_crease_1
OTU_97.42424,Left_Antecubital_fossa
OTU_97.42424,Right_Antecubital_fossa_1
OTU_97.42424,Throat_1
OTU_97.42425,Left_Antecubital_fossa_1
OTU_97.42425,Right_Antecubital_fossa
OTU_97.42425,Left_Retroauricular_crease
OTU_97.42425,Stool_1
OTU_97.42427,Right_Antecubital_fossa
OTU_97.42428,Buccal_mucosa
OTU_97.42428,Palatine_Tonsils
OTU_97.42428,Throat_1
OTU_97.4243,Supragingival_plaque
OTU_97.4243,Attached_Keratinized_gingiva
OTU_97.4243,Tongue_dorsum_1
OTU_97.42430,Saliva
OTU_97.42430,Throat
OTU_97.42431,Right_Retroauricular_crease
OTU_97.42431,Palatine_Tonsils_1
OTU_97.42432,Right_Retroauricular_crease
OTU_97.42432,Saliva_1
OTU_97.42432,Anterior_nares
OTU_97.42432,Right_Antecubital_fossa_1
OTU_97.42435,Attached_Keratinized_gingiva_1
OTU_97.42435,Hard_palate
OTU_97.42435,Tongue_dorsum_1
OTU_97.42437,Right_Retroauricular_crease_1
OTU_97.42437,Palatine_Tonsils_1
OTU_97.42437,Right_Antecubital_fossa_1
OTU_97.42440,Left_Antecubital_fossa_1
OTU_97.42440,Stool_1
OTU_97.42440,Palatine_Tonsils_1
OTU_97.42441,Subgingival_plaque_1
OTU_97.42441,Right_Antecubital_fossa_1
OTU_97.42441,Throat_1
OTU_97.42444,Anterior_nares_1
OTU_97.42447,Right_Antecubital_fossa
OTU_97.42447,Tongue_dorsum_1
OTU_97.42450,Anterior_nares
OTU_97.42450,Left_Antecubital_fossa
OTU_97.42451,Buccal_mucosa_1
OTU_97.42451,Saliva_1
OTU_97.42451,Palatine_Tonsils
OTU_97.42452,Right_Retroauricular_crease
OTU_97.42452,Subgingival_plaque_1
OTU_97.42454,Supragingival_plaque_1
OTU_97.42454,Saliva
OTU_97.42454,Subgingival_plaque_1
OTU_97.42454,Tongue_dorsum_1
OTU_97.42456,Tongue_dorsum
OTU_97.42456,Anterior_nares
OTU_97.42456,Anterior_nares_1
OTU_97.42457,Subgingival_plaque
OTU_97.42457,Saliva
OTU_97.42457,Right_Antecubital_fossa
OTU_97.42461,Right_Antecubital_fossa
OTU_97.42461,Palatine_Tonsils
OTU_97.42462,Tongue_dorsum
OTU_97.42468,Right_Retroauricular_crease_1
OTU_97.42469,Hard_palate
OTU_97.42469,Saliva_1
OTU_97.42470,Right_Antecubital_fossa_1
OTU_97.42476,Supragingival_plaque
OTU_97.42476,Buccal_mucosa_1
OTU_97.42476,Throat
OTU_97.42478,Tongue_dorsum
OTU_97.42478,Palatine_Tonsils
OTU_97.42478,Attached_Keratinized_gingiva
OTU_97.42480,Right_Retroauricular_crease
OTU_97.42480,Throat_1
OTU_97.42480,Anterior_nares_1
OTU_97.42481,Subgingival_plaque
OTU_97.42481,Right_Antecubital_fossa
OTU_97.42481,Anterior_nares_1
OTU_97.42482,Left_Retroauricular_crease
OTU_97.42482,Palatine_Tonsils
OTU_97.42482,Attached_Keratinized_gingiva
OTU_97.42483,Subgingival_plaque_1
OTU_97.42483,Throat
OTU_97.42487,Left_Antecubital_fossa_1
OTU_97.42487,Right_Retroauricular_crease
OTU_97.42487,Palatine_Tonsils
OTU_97.42487,Attached_Keratinized_gingiva
OTU_97.42490,Tongue_dorsum
OTU_97.42490,Supragingival_plaque_1
OTU_97.42492,Right_Retroauricular_crease
OTU_97.42492,Left_Retroauricular_crease
OTU_97.42492,Tongue_dorsum_1
OTU_97.42494,Left_Antecubital_fossa_1
OTU_97.42494,Saliva_1
OTU_97.42494,Attached_Keratinized_gingiva
OTU_97.42495,Supragingival_plaque_1
OTU_97.42495,Palatine_Tonsils_1
OTU_97.42495,Anterior_nares
OTU_97.42498,Saliva
OTU_97.42498,Attached_Keratinized_gingiva
OTU_97.42498,Anterior_nares_1
OTU_97.42499,Saliva_1
OTU_97.42499,Attached_Keratinized_gingiva
OTU_97.42499,Left_Antecubital_fossa
OTU_97.425,Buccal_mucosa
OTU_97.425,Saliva
OTU_97.425,Left_Antecubital_fossa_1
OTU_97.425,Hard_palate
OTU_97.425,Palatine_Tonsils
OTU_97.425,Throat_1
OTU_97.42500,Left_Antecubital_fossa_1
OTU_97.42500,Right_Retroauricular_crease
OTU_97.42500,Stool_1
OTU_97.42500,Attached_Keratinized_gingiva
OTU_97.42500,Throat_1
OTU_97.42502,Right_Antecubital_fossa_1
OTU_97.42502,Anterior_nares_1
OTU_97.42504,Supragingival_plaque
OTU_97.42504,Hard_palate_1
OTU_97.42504,Buccal_mucosa_1
OTU_97.42504,Right_Antecubital_fossa_1
OTU_97.42506,Buccal_mucosa
OTU_97.42506,Saliva
OTU_97.42506,Throat
OTU_97.42506,Palatine_Tonsils_1
OTU_97.42507,Buccal_mucosa
OTU_97.42507,Buccal_mucosa_1
OTU_97.42507,Stool
OTU_97.42507,Saliva_1
OTU_97.42507,Palatine_Tonsils_1
OTU_97.42507,Throat_1
OTU_97.42511,Buccal_mucosa
OTU_97.42511,Hard_palate
OTU_97.42512,Tongue_dorsum
OTU_97.42512,Palatine_Tonsils
OTU_97.42512,Anterior_nares_1
OTU_97.42517,Subgingival_plaque
OTU_97.42517,Attached_Keratinized_gingiva_1
OTU_97.42517,Left_Retroauricular_crease_1
OTU_97.42519,Supragingival_plaque
OTU_97.42519,Attached_Keratinized_gingiva
OTU_97.42520,Left_Retroauricular_crease
OTU_97.42523,Tongue_dorsum
OTU_97.42523,Right_Retroauricular_crease_1
OTU_97.42523,Right_Retroauricular_crease
OTU_97.42527,Saliva
OTU_97.42527,Attached_Keratinized_gingiva_1
OTU_97.42527,Right_Antecubital_fossa_1
OTU_97.42529,Subgingival_plaque
OTU_97.42529,Supragingival_plaque_1
OTU_97.42529,Buccal_mucosa_1
OTU_97.42529,Attached_Keratinized_gingiva
OTU_97.42530,Left_Retroauricular_crease
OTU_97.42530,Hard_palate
OTU_97.42530,Palatine_Tonsils_1
OTU_97.42530,Left_Antecubital_fossa
OTU_97.42532,Hard_palate
OTU_97.42532,Buccal_mucosa_1
OTU_97.42532,Anterior_nares
OTU_97.42535,Tongue_dorsum
OTU_97.42535,Supragingival_plaque
OTU_97.42535,Right_Antecubital_fossa
OTU_97.42536,Buccal_mucosa
OTU_97.42536,Attached_Keratinized_gingiva_1
OTU_97.42538,Tongue_dorsum
OTU_97.42538,Subgingival_plaque
OTU_97.42538,Left_Retroauricular_crease
OTU_97.42538,Subgingival_plaque_1
OTU_97.42539,Tongue_dorsum
OTU_97.42539,Buccal_mucosa
OTU_97.42539,Left_Retroauricular_crease
OTU_97.42539,Stool
OTU_97.42539,Palatine_Tonsils
OTU_97.42542,Saliva_1
OTU_97.42543,Supragingival_plaque_1
OTU_97.42544,Right_Antecubital_fossa
OTU_97.42544,Stool_1
OTU_97.42544,Subgingival_plaque_1
OTU_97.42544,Left_Retroauricular_crease_1
OTU_97.42548,Subgingival_plaque
OTU_97.42548,Attached_Keratinized_gingiva_1
OTU_97.42548,Hard_palate
OTU_97.42548,Throat
OTU_97.42548,Attached_Keratinized_gingiva
OTU_97.4255,Supragingival_plaque_1
OTU_97.4255,Left_Antecubital_fossa_1
OTU_97.42550,Tongue_dorsum
OTU_97.42550,Supragingival_plaque
OTU_97.42550,Left_Antecubital_fossa_1
OTU_97.42550,Left_Retroauricular_crease
OTU_97.42550,Attached_Keratinized_gingiva_1
OTU_97.42550,Buccal_mucosa_1
OTU_97.42550,Palatine_Tonsils
OTU_97.42551,Left_Retroauricular_crease
OTU_97.42554,Attached_Keratinized_gingiva
OTU_97.42554,Palatine_Tonsils_1
OTU_97.42556,Left_Antecubital_fossa_1
OTU_97.42556,Attached_Keratinized_gingiva
OTU_97.42556,Left_Retroauricular_crease_1
OTU_97.42556,Left_Antecubital_fossa
OTU_97.42557,Left_Retroauricular_crease
OTU_97.42558,Left_Retroauricular_crease
OTU_97.42558,Hard_palate_1
OTU_97.42558,Tongue_dorsum_1
OTU_97.42559,Throat
OTU_97.42560,Supragingival_plaque
OTU_97.42562,Hard_palate
OTU_97.42563,Right_Retroauricular_crease_1
OTU_97.42563,Anterior_nares_1
OTU_97.42564,Tongue_dorsum
OTU_97.42564,Right_Retroauricular_crease_1
OTU_97.42564,Supragingival_plaque_1
OTU_97.42564,Left_Antecubital_fossa_1
OTU_97.42564,Right_Retroauricular_crease
OTU_97.42564,Right_Antecubital_fossa
OTU_97.42564,Stool_1
OTU_97.42565,Buccal_mucosa_1
OTU_97.42565,Subgingival_plaque_1
OTU_97.42565,Left_Retroauricular_crease_1
OTU_97.42565,Anterior_nares
OTU_97.42566,Right_Retroauricular_crease
OTU_97.42566,Stool_1
OTU_97.42569,Left_Antecubital_fossa
OTU_97.42572,Left_Retroauricular_crease
OTU_97.42572,Saliva_1
OTU_97.42572,Throat_1
OTU_97.42573,Supragingival_plaque_1
OTU_97.42573,Right_Retroauricular_crease
OTU_97.42573,Tongue_dorsum_1
OTU_97.42574,Supragingival_plaque_1
OTU_97.42574,Stool_1
OTU_97.42575,Saliva
OTU_97.42576,Left_Antecubital_fossa_1
OTU_97.42576,Stool
OTU_97.42577,Tongue_dorsum
OTU_97.42577,Attached_Keratinized_gingiva_1
OTU_97.42577,Subgingival_plaque_1
OTU_97.42577,Palatine_Tonsils
OTU_97.42582,Left_Antecubital_fossa_1
OTU_97.42582,Hard_palate
OTU_97.42582,Hard_palate_1
OTU_97.42582,Left_Retroauricular_crease_1
OTU_97.42584,Tongue_dorsum
OTU_97.42584,Buccal_mucosa
OTU_97.42584,Hard_palate
OTU_97.42584,Stool
OTU_97.42584,Palatine_Tonsils
OTU_97.42584,Anterior_nares_1
OTU_97.42589,Left_Antecubital_fossa_1
OTU_97.42589,Buccal_mucosa_1
OTU_97.42589,Attached_Keratinized_gingiva
OTU_97.42589,Left_Retroauricular_crease_1
OTU_97.42589,Tongue_dorsum_1
OTU_97.4259,Supragingival_plaque
OTU_97.4259,Right_Antecubital_fossa
OTU_97.4259,Attached_Keratinized_gingiva_1
OTU_97.4259,Stool
OTU_97.42590,Hard_palate
OTU_97.42590,Hard_palate_1
OTU_97.42592,Right_Retroauricular_crease_1
OTU_97.42592,Left_Retroauricular_crease
OTU_97.42593,Tongue_dorsum
OTU_97.42593,Supragingival_plaque_1
OTU_97.42593,Attached_Keratinized_gingiva_1
OTU_97.42593,Hard_palate
OTU_97.426,Stool_1
OTU_97.42601,Supragingival_plaque_1
OTU_97.42601,Attached_Keratinized_gingiva_1
OTU_97.42601,Buccal_mucosa_1
OTU_97.42602,Left_Retroauricular_crease
OTU_97.42602,Attached_Keratinized_gingiva
OTU_97.42603,Right_Retroauricular_crease_1
OTU_97.42603,Saliva_1
OTU_97.42605,Tongue_dorsum
OTU_97.42605,Left_Antecubital_fossa_1
OTU_97.42605,Left_Retroauricular_crease_1
OTU_97.42605,Throat_1
OTU_97.42606,Subgingival_plaque
OTU_97.42606,Right_Retroauricular_crease
OTU_97.42606,Stool
OTU_97.42606,Right_Antecubital_fossa_1
OTU_97.42608,Right_Retroauricular_crease_1
OTU_97.42608,Hard_palate_1
OTU_97.42608,Left_Antecubital_fossa
OTU_97.42609,Tongue_dorsum
OTU_97.42609,Subgingival_plaque
OTU_97.42610,Left_Antecubital_fossa
OTU_97.42613,Left_Retroauricular_crease_1
OTU_97.42613,Tongue_dorsum_1
OTU_97.42615,Left_Retroauricular_crease
OTU_97.42615,Palatine_Tonsils
OTU_97.42618,Hard_palate
OTU_97.42618,Stool
OTU_97.42619,Supragingival_plaque_1
OTU_97.42619,Hard_palate_1
OTU_97.42619,Palatine_Tonsils_1
OTU_97.4262,Palatine_Tonsils
OTU_97.42621,Subgingival_plaque_1
OTU_97.42621,Left_Antecubital_fossa
OTU_97.42624,Right_Retroauricular_crease_1
OTU_97.42624,Palatine_Tonsils_1
OTU_97.42624,Right_Antecubital_fossa_1
OTU_97.42625,Right_Antecubital_fossa_1
OTU_97.42626,Saliva
OTU_97.42626,Stool
OTU_97.42626,Left_Antecubital_fossa
OTU_97.42628,Anterior_nares_1
OTU_97.42632,Saliva
OTU_97.42632,Stool
OTU_97.42632,Throat
OTU_97.42632,Palatine_Tonsils_1
OTU_97.42632,Right_Antecubital_fossa_1
OTU_97.42633,Tongue_dorsum
OTU_97.42633,Left_Retroauricular_crease
OTU_97.42633,Anterior_nares_1
OTU_97.42634,Tongue_dorsum
OTU_97.42634,Hard_palate
OTU_97.42634,Stool_1
OTU_97.42634,Left_Retroauricular_crease_1
OTU_97.42635,Supragingival_plaque
OTU_97.42635,Hard_palate
OTU_97.42636,Saliva_1
OTU_97.42636,Anterior_nares
OTU_97.42636,Left_Antecubital_fossa
OTU_97.42640,Subgingival_plaque
OTU_97.42640,Throat
OTU_97.42644,Hard_palate
OTU_97.42644,Palatine_Tonsils_1
OTU_97.42647,Right_Retroauricular_crease_1
OTU_97.42647,Buccal_mucosa
OTU_97.42648,Left_Antecubital_fossa_1
OTU_97.42648,Throat_1
OTU_97.42648,Anterior_nares_1
OTU_97.42649,Right_Antecubital_fossa
OTU_97.42649,Subgingival_plaque_1
OTU_97.42649,Left_Antecubital_fossa
OTU_97.42650,Attached_Keratinized_gingiva_1
OTU_97.42650,Anterior_nares
OTU_97.42658,Hard_palate_1
OTU_97.42658,Tongue_dorsum_1
OTU_97.42659,Supragingival_plaque
OTU_97.42659,Stool
OTU_97.42659,Throat
OTU_97.42659,Tongue_dorsum_1
OTU_97.42659,Throat_1
OTU_97.42661,Supragingival_plaque
OTU_97.42661,Right_Retroauricular_crease
OTU_97.42661,Left_Retroauricular_crease
OTU_97.42661,Attached_Keratinized_gingiva_1
OTU_97.42661,Tongue_dorsum_1
OTU_97.42662,Left_Antecubital_fossa_1
OTU_97.42662,Left_Retroauricular_crease
OTU_97.42662,Anterior_nares_1
OTU_97.42663,Left_Antecubital_fossa_1
OTU_97.42663,Buccal_mucosa_1
OTU_97.42663,Subgingival_plaque_1
OTU_97.42663,Right_Antecubital_fossa_1
OTU_97.42665,Buccal_mucosa
OTU_97.42665,Subgingival_plaque_1
OTU_97.4267,Hard_palate
OTU_97.4267,Buccal_mucosa_1
OTU_97.4267,Throat_1
OTU_97.4267,Anterior_nares_1
OTU_97.42672,Buccal_mucosa_1
OTU_97.42674,Left_Antecubital_fossa_1
OTU_97.42674,Attached_Keratinized_gingiva_1
OTU_97.42674,Stool
OTU_97.42674,Subgingival_plaque_1
OTU_97.42674,Palatine_Tonsils
OTU_97.42674,Right_Antecubital_fossa_1
OTU_97.42676,Attached_Keratinized_gingiva_1
OTU_97.42676,Saliva_1
OTU_97.42676,Throat_1
OTU_97.42678,Palatine_Tonsils
OTU_97.42678,Anterior_nares
OTU_97.42678,Right_Antecubital_fossa_1
OTU_97.4268,Attached_Keratinized_gingiva_1
OTU_97.4268,Stool
OTU_97.42688,Tongue_dorsum
OTU_97.42688,Saliva_1
OTU_97.42688,Throat_1
OTU_97.42691,Attached_Keratinized_gingiva_1
OTU_97.42691,Stool
OTU_97.42695,Palatine_Tonsils_1
OTU_97.4270,Saliva
OTU_97.4270,Hard_palate_1
OTU_97.4270,Subgingival_plaque_1
OTU_97.4270,Anterior_nares
OTU_97.42706,Right_Antecubital_fossa
OTU_97.42706,Palatine_Tonsils
OTU_97.42706,Left_Antecubital_fossa
OTU_97.42706,Anterior_nares_1
OTU_97.4271,Subgingival_plaque
OTU_97.4271,Right_Retroauricular_crease
OTU_97.4271,Stool_1
OTU_97.4271,Left_Antecubital_fossa
OTU_97.42713,Subgingival_plaque
OTU_97.42713,Subgingival_plaque_1
OTU_97.42713,Attached_Keratinized_gingiva
OTU_97.42713,Left_Retroauricular_crease_1
OTU_97.42717,Left_Antecubital_fossa
OTU_97.4273,Left_Retroauricular_crease
OTU_97.4273,Right_Antecubital_fossa_1
OTU_97.42741,Right_Retroauricular_crease_1
OTU_97.42742,Subgingival_plaque
OTU_97.42742,Hard_palate_1
OTU_97.42746,Right_Retroauricular_crease_1
OTU_97.42751,Left_Retroauricular_crease
OTU_97.42751,Attached_Keratinized_gingiva_1
OTU_97.42751,Throat_1
OTU_97.42753,Anterior_nares
OTU_97.42761,Subgingival_plaque
OTU_97.42761,Anterior_nares
OTU_97.42761,Anterior_nares_1
OTU_97.42762,Buccal_mucosa_1
OTU_97.42762,Palatine_Tonsils
OTU_97.4278,Tongue_dorsum
OTU_97.4278,Supragingival_plaque
OTU_97.4278,Throat
OTU_97.4278,Anterior_nares_1
OTU_97.42783,Supragingival_plaque_1
OTU_97.42783,Saliva_1
OTU_97.42789,Tongue_dorsum
OTU_97.42789,Left_Antecubital_fossa
OTU_97.42801,Tongue_dorsum
OTU_97.42801,Left_Antecubital_fossa_1
OTU_97.42801,Right_Antecubital_fossa_1
OTU_97.42801,Throat_1
OTU_97.42803,Right_Antecubital_fossa
OTU_97.42803,Hard_palate_1
OTU_97.42805,Subgingival_plaque
OTU_97.42805,Left_Antecubital_fossa_1
OTU_97.42805,Stool
OTU_97.42805,Palatine_Tonsils
OTU_97.42805,Palatine_Tonsils_1
OTU_97.42805,Left_Retroauricular_crease_1
OTU_97.42805,Right_Antecubital_fossa_1
OTU_97.42813,Right_Retroauricular_crease
OTU_97.42813,Saliva_1
OTU_97.42813,Left_Retroauricular_crease_1
OTU_97.42815,Tongue_dorsum
OTU_97.42815,Supragingival_plaque_1
OTU_97.42815,Left_Antecubital_fossa_1
OTU_97.42816,Saliva
OTU_97.42816,Anterior_nares
OTU_97.42817,Tongue_dorsum_1
OTU_97.42819,Supragingival_plaque_1
OTU_97.42819,Supragingival_plaque
OTU_97.42819,Palatine_Tonsils
OTU_97.42819,Anterior_nares_1
OTU_97.42820,Subgingival_plaque
OTU_97.42820,Right_Antecubital_fossa_1
OTU_97.42820,Anterior_nares_1
OTU_97.42821,Buccal_mucosa
OTU_97.42821,Left_Retroauricular_crease
OTU_97.42821,Stool
OTU_97.42821,Stool_1
OTU_97.42824,Left_Antecubital_fossa_1
OTU_97.42824,Hard_palate_1
OTU_97.42825,Subgingival_plaque
OTU_97.42825,Right_Antecubital_fossa
OTU_97.42825,Hard_palate_1
OTU_97.42825,Buccal_mucosa_1
OTU_97.42825,Stool
OTU_97.42825,Attached_Keratinized_gingiva
OTU_97.42825,Anterior_nares
OTU_97.42827,Palatine_Tonsils_1
OTU_97.42827,Left_Antecubital_fossa
OTU_97.42828,Buccal_mucosa
OTU_97.42828,Palatine_Tonsils
OTU_97.42828,Tongue_dorsum_1
OTU_97.42835,Left_Retroauricular_crease
OTU_97.42838,Tongue_dorsum
OTU_97.4284,Stool_1
OTU_97.4284,Left_Retroauricular_crease_1
OTU_97.42842,Left_Antecubital_fossa_1
OTU_97.42844,Buccal_mucosa_1
OTU_97.42844,Left_Retroauricular_crease_1
OTU_97.42844,Tongue_dorsum_1
OTU_97.42852,Saliva_1
OTU_97.42852,Anterior_nares_1
OTU_97.42854,Tongue_dorsum
OTU_97.42854,Right_Retroauricular_crease_1
OTU_97.42854,Buccal_mucosa_1
OTU_97.42854,Stool
OTU_97.42854,Palatine_Tonsils_1
OTU_97.42854,Anterior_nares_1
OTU_97.42855,Right_Retroauricular_crease_1
OTU_97.42855,Subgingival_plaque_1
OTU_97.42855,Left_Retroauricular_crease_1
OTU_97.42855,Tongue_dorsum_1
OTU_97.42856,Tongue_dorsum
OTU_97.42859,Supragingival_plaque
OTU_97.42859,Attached_Keratinized_gingiva_1
OTU_97.42859,Hard_palate_1
OTU_97.42859,Palatine_Tonsils
OTU_97.42860,Hard_palate
OTU_97.42862,Buccal_mucosa_1
OTU_97.42864,Left_Antecubital_fossa_1
OTU_97.42864,Attached_Keratinized_gingiva_1
OTU_97.42864,Anterior_nares_1
OTU_97.42865,Supragingival_plaque_1
OTU_97.42865,Buccal_mucosa
OTU_97.42865,Hard_palate_1
OTU_97.42865,Buccal_mucosa_1
OTU_97.42865,Left_Retroauricular_crease_1
OTU_97.42866,Right_Retroauricular_crease
OTU_97.42866,Palatine_Tonsils_1
OTU_97.42869,Saliva
OTU_97.42869,Left_Antecubital_fossa
OTU_97.4287,Attached_Keratinized_gingiva
OTU_97.4287,Palatine_Tonsils_1
OTU_97.4287,Throat_1
OTU_97.42870,Supragingival_plaque
OTU_97.42870,Left_Antecubital_fossa_1
OTU_97.42870,Throat
OTU_97.42870,Left_Antecubital_fossa
OTU_97.42878,Saliva
OTU_97.42878,Right_Retroauricular_crease
OTU_97.42878,Hard_palate_1
OTU_97.42879,Saliva_1
OTU_97.42879,Left_Retroauricular_crease_1
OTU_97.42879,Right_Antecubital_fossa_1
OTU_97.4288,Hard_palate_1
OTU_97.4288,Saliva_1
OTU_97.42880,Stool_1
OTU_97.42880,Attached_Keratinized_gingiva
OTU_97.42880,Anterior_nares_1
OTU_97.42882,Saliva
OTU_97.42882,Stool_1
OTU_97.42882,Subgingival_plaque_1
OTU_97.42886,Supragingival_plaque
OTU_97.42886,Attached_Keratinized_gingiva_1
OTU_97.42887,Subgingival_plaque
OTU_97.42887,Supragingival_plaque_1
OTU_97.42887,Attached_Keratinized_gingiva
OTU_97.42891,Tongue_dorsum
OTU_97.42891,Palatine_Tonsils
OTU_97.42893,Left_Retroauricular_crease
OTU_97.42893,Stool
OTU_97.42893,Stool_1
OTU_97.42895,Right_Retroauricular_crease_1
OTU_97.42895,Saliva
OTU_97.42895,Anterior_nares_1
OTU_97.42901,Right_Retroauricular_crease_1
OTU_97.42901,Subgingival_plaque
OTU_97.42901,Hard_palate_1
OTU_97.42901,Stool
OTU_97.42901,Throat_1
OTU_97.42902,Buccal_mucosa
OTU_97.42902,Hard_palate_1
OTU_97.42903,Buccal_mucosa_1
OTU_97.42903,Subgingival_plaque_1
OTU_97.42905,Supragingival_plaque_1
OTU_97.42905,Right_Retroauricular_crease
OTU_97.42905,Left_Antecubital_fossa
OTU_97.42908,Supragingival_plaque_1
OTU_97.42908,Right_Antecubital_fossa_1
OTU_97.42910,Supragingival_plaque
OTU_97.42910,Hard_palate_1
OTU_97.42910,Anterior_nares
OTU_97.42915,Right_Antecubital_fossa
OTU_97.42917,Buccal_mucosa
OTU_97.42917,Left_Antecubital_fossa_1
OTU_97.42918,Subgingival_plaque
OTU_97.42918,Supragingival_plaque_1
OTU_97.42918,Left_Retroauricular_crease
OTU_97.42918,Stool_1
OTU_97.42920,Right_Retroauricular_crease
OTU_97.42920,Anterior_nares_1
OTU_97.42924,Left_Antecubital_fossa_1
OTU_97.42924,Right_Antecubital_fossa_1
OTU_97.42924,Throat_1
OTU_97.42925,Supragingival_plaque
OTU_97.42928,Subgingival_plaque
OTU_97.42928,Right_Retroauricular_crease
OTU_97.42928,Left_Retroauricular_crease
OTU_97.42928,Hard_palate_1
OTU_97.42929,Buccal_mucosa_1
OTU_97.42929,Stool_1
OTU_97.42930,Right_Retroauricular_crease
OTU_97.42930,Attached_Keratinized_gingiva
OTU_97.42930,Throat_1
OTU_97.42933,Supragingival_plaque_1
OTU_97.42933,Left_Retroauricular_crease
OTU_97.42933,Stool
OTU_97.42933,Stool_1
OTU_97.42934,Buccal_mucosa
OTU_97.42934,Left_Antecubital_fossa_1
OTU_97.42934,Right_Antecubital_fossa
OTU_97.42934,Left_Retroauricular_crease_1
OTU_97.42934,Anterior_nares_1
OTU_97.42938,Left_Antecubital_fossa
OTU_97.42938,Tongue_dorsum_1
OTU_97.42938,Anterior_nares_1
OTU_97.42941,Right_Antecubital_fossa
OTU_97.42941,Attached_Keratinized_gingiva
OTU_97.42942,Attached_Keratinized_gingiva
OTU_97.42942,Right_Antecubital_fossa_1
OTU_97.42946,Left_Retroauricular_crease
OTU_97.42946,Stool_1
OTU_97.42946,Saliva_1
OTU_97.42946,Throat
OTU_97.42947,Tongue_dorsum
OTU_97.42947,Saliva_1
OTU_97.42947,Left_Antecubital_fossa
OTU_97.42947,Right_Antecubital_fossa_1
OTU_97.42947,Throat_1
OTU_97.42948,Buccal_mucosa
OTU_97.42948,Supragingival_plaque
OTU_97.42948,Stool
OTU_97.42948,Palatine_Tonsils_1
OTU_97.42952,Stool_1
OTU_97.42952,Palatine_Tonsils
OTU_97.42952,Tongue_dorsum_1
OTU_97.42956,Left_Retroauricular_crease
OTU_97.42956,Tongue_dorsum_1
OTU_97.42956,Anterior_nares_1
OTU_97.42959,Hard_palate
OTU_97.42959,Throat
OTU_97.4296,Right_Retroauricular_crease
OTU_97.4296,Left_Retroauricular_crease
OTU_97.4296,Hard_palate
OTU_97.4296,Tongue_dorsum_1
OTU_97.42961,Supragingival_plaque
OTU_97.42961,Stool
OTU_97.42961,Attached_Keratinized_gingiva
OTU_97.42961,Left_Retroauricular_crease_1
OTU_97.42962,Subgingival_plaque
OTU_97.42962,Left_Antecubital_fossa_1
OTU_97.42962,Throat
OTU_97.42963,Left_Retroauricular_crease
OTU_97.42963,Attached_Keratinized_gingiva_1
OTU_97.42963,Hard_palate_1
OTU_97.42964,Right_Retroauricular_crease_1
OTU_97.42964,Supragingival_plaque_1
OTU_97.42964,Stool
OTU_97.42964,Stool_1
OTU_97.42965,Stool
OTU_97.42965,Stool_1
OTU_97.42966,Saliva
OTU_97.42966,Left_Antecubital_fossa_1
OTU_97.42966,Tongue_dorsum_1
OTU_97.42967,Saliva
OTU_97.42967,Left_Retroauricular_crease
OTU_97.42967,Stool
OTU_97.42968,Subgingival_plaque
OTU_97.42968,Right_Antecubital_fossa_1
OTU_97.42969,Subgingival_plaque_1
OTU_97.42969,Attached_Keratinized_gingiva
OTU_97.42969,Palatine_Tonsils_1
OTU_97.42969,Anterior_nares_1
OTU_97.42971,Tongue_dorsum
OTU_97.42971,Saliva
OTU_97.42973,Tongue_dorsum_1
OTU_97.42974,Hard_palate
OTU_97.42974,Throat_1
OTU_97.42977,Left_Antecubital_fossa_1
OTU_97.42977,Palatine_Tonsils
OTU_97.42977,Anterior_nares_1
OTU_97.42980,Palatine_Tonsils
OTU_97.42980,Throat_1
OTU_97.42981,Subgingival_plaque
OTU_97.42981,Supragingival_plaque_1
OTU_97.42981,Right_Retroauricular_crease
OTU_97.42981,Hard_palate
OTU_97.42981,Buccal_mucosa_1
OTU_97.42981,Stool
OTU_97.42982,Hard_palate
OTU_97.42984,Subgingival_plaque
OTU_97.42984,Anterior_nares
OTU_97.42986,Left_Antecubital_fossa
OTU_97.42987,Supragingival_plaque
OTU_97.42987,Hard_palate
OTU_97.42989,Subgingival_plaque
OTU_97.42989,Buccal_mucosa
OTU_97.42989,Left_Antecubital_fossa_1
OTU_97.42990,Supragingival_plaque
OTU_97.42990,Left_Antecubital_fossa_1
OTU_97.42990,Right_Retroauricular_crease
OTU_97.42991,Buccal_mucosa
OTU_97.42991,Right_Retroauricular_crease
OTU_97.42992,Right_Antecubital_fossa
OTU_97.42992,Buccal_mucosa_1
OTU_97.42993,Attached_Keratinized_gingiva_1
OTU_97.42993,Right_Antecubital_fossa_1
OTU_97.42996,Attached_Keratinized_gingiva_1
OTU_97.42996,Saliva_1
OTU_97.42997,Right_Antecubital_fossa
OTU_97.42997,Saliva_1
OTU_97.42997,Tongue_dorsum_1
OTU_97.43,Subgingival_plaque_1
OTU_97.43,Attached_Keratinized_gingiva
OTU_97.430,Right_Antecubital_fossa
OTU_97.430,Buccal_mucosa_1
OTU_97.430,Anterior_nares
OTU_97.430,Tongue_dorsum_1
OTU_97.43000,Palatine_Tonsils
OTU_97.43002,Right_Retroauricular_crease_1
OTU_97.43002,Right_Retroauricular_crease
OTU_97.43006,Buccal_mucosa
OTU_97.43006,Left_Retroauricular_crease_1
OTU_97.43008,Buccal_mucosa
OTU_97.43008,Stool
OTU_97.43008,Subgingival_plaque_1
OTU_97.43008,Throat
OTU_97.43008,Left_Antecubital_fossa
OTU_97.43009,Right_Retroauricular_crease_1
OTU_97.43009,Saliva
OTU_97.43009,Right_Antecubital_fossa
OTU_97.43009,Hard_palate
OTU_97.43010,Attached_Keratinized_gingiva_1
OTU_97.43011,Hard_palate_1
OTU_97.43011,Buccal_mucosa_1
OTU_97.43011,Attached_Keratinized_gingiva
OTU_97.43011,Left_Retroauricular_crease_1
OTU_97.43011,Anterior_nares
OTU_97.43011,Anterior_nares_1
OTU_97.43012,Right_Retroauricular_crease_1
OTU_97.43012,Supragingival_plaque_1
OTU_97.43012,Supragingival_plaque
OTU_97.43012,Buccal_mucosa_1
OTU_97.43012,Stool_1
OTU_97.43012,Throat
OTU_97.43013,Attached_Keratinized_gingiva_1
OTU_97.43014,Anterior_nares
OTU_97.43015,Attached_Keratinized_gingiva
OTU_97.43017,Attached_Keratinized_gingiva_1
OTU_97.43017,Anterior_nares
OTU_97.43017,Anterior_nares_1
OTU_97.43018,Stool
OTU_97.43019,Supragingival_plaque
OTU_97.43019,Left_Antecubital_fossa
OTU_97.43020,Hard_palate_1
OTU_97.43020,Stool
OTU_97.43020,Left_Antecubital_fossa
OTU_97.43020,Throat_1
OTU_97.43021,Tongue_dorsum
OTU_97.43021,Hard_palate_1
OTU_97.43023,Right_Antecubital_fossa
OTU_97.43023,Stool_1
OTU_97.43023,Saliva_1
OTU_97.43025,Left_Antecubital_fossa_1
OTU_97.43025,Saliva_1
OTU_97.43026,Right_Retroauricular_crease_1
OTU_97.43026,Buccal_mucosa
OTU_97.43026,Palatine_Tonsils_1
OTU_97.43027,Tongue_dorsum_1
OTU_97.43028,Stool
OTU_97.43028,Palatine_Tonsils
OTU_97.4303,Anterior_nares
OTU_97.4304,Buccal_mucosa_1
OTU_97.4304,Subgingival_plaque_1
OTU_97.4304,Throat_1
OTU_97.43040,Supragingival_plaque_1
OTU_97.43040,Left_Antecubital_fossa_1
OTU_97.43040,Right_Antecubital_fossa
OTU_97.43040,Hard_palate
OTU_97.43040,Anterior_nares
OTU_97.43046,Supragingival_plaque_1
OTU_97.43049,Stool_1
OTU_97.43049,Palatine_Tonsils
OTU_97.43052,Saliva
OTU_97.43052,Stool
OTU_97.43052,Anterior_nares_1
OTU_97.43055,Saliva_1
OTU_97.43056,Palatine_Tonsils_1
OTU_97.43056,Anterior_nares
OTU_97.43057,Subgingival_plaque_1
OTU_97.43057,Palatine_Tonsils_1
OTU_97.43057,Tongue_dorsum_1
OTU_97.43058,Supragingival_plaque_1
OTU_97.43058,Buccal_mucosa_1
OTU_97.43059,Right_Retroauricular_crease
OTU_97.43060,Supragingival_plaque_1
OTU_97.43060,Buccal_mucosa_1
OTU_97.43060,Attached_Keratinized_gingiva
OTU_97.43060,Left_Antecubital_fossa
OTU_97.43061,Tongue_dorsum
OTU_97.43061,Supragingival_plaque
OTU_97.43064,Hard_palate
OTU_97.43064,Throat_1
OTU_97.43066,Right_Antecubital_fossa
OTU_97.43066,Subgingival_plaque_1
OTU_97.43067,Subgingival_plaque
OTU_97.43067,Right_Antecubital_fossa
OTU_97.43067,Hard_palate_1
OTU_97.43067,Anterior_nares
OTU_97.43068,Left_Retroauricular_crease
OTU_97.43068,Hard_palate_1
OTU_97.43068,Saliva_1
OTU_97.43068,Throat
OTU_97.43068,Anterior_nares_1
OTU_97.43072,Right_Retroauricular_crease_1
OTU_97.43072,Subgingival_plaque
OTU_97.43072,Supragingival_plaque
OTU_97.43072,Attached_Keratinized_gingiva_1
OTU_97.43072,Attached_Keratinized_gingiva
OTU_97.43072,Left_Retroauricular_crease_1
OTU_97.43073,Subgingival_plaque
OTU_97.43073,Supragingival_plaque_1
OTU_97.43073,Supragingival_plaque
OTU_97.43073,Buccal_mucosa_1
OTU_97.43073,Saliva_1
OTU_97.43074,Tongue_dorsum_1
OTU_97.43075,Hard_palate_1
OTU_97.43076,Tongue_dorsum
OTU_97.43076,Stool
OTU_97.43076,Subgingival_plaque_1
OTU_97.43077,Saliva_1
OTU_97.43080,Right_Retroauricular_crease_1
OTU_97.43080,Buccal_mucosa
OTU_97.43080,Saliva
OTU_97.43080,Palatine_Tonsils_1
OTU_97.43081,Saliva
OTU_97.43084,Stool
OTU_97.43085,Saliva_1
OTU_97.43087,Palatine_Tonsils_1
OTU_97.43088,Subgingival_plaque
OTU_97.43088,Buccal_mucosa_1
OTU_97.43088,Throat_1
OTU_97.43089,Tongue_dorsum
OTU_97.43089,Right_Retroauricular_crease_1
OTU_97.43089,Hard_palate
OTU_97.43089,Subgingival_plaque_1
OTU_97.43092,Right_Antecubital_fossa
OTU_97.43092,Anterior_nares
OTU_97.43093,Saliva
OTU_97.43093,Left_Retroauricular_crease
OTU_97.43093,Attached_Keratinized_gingiva
OTU_97.43097,Palatine_Tonsils
OTU_97.43098,Right_Antecubital_fossa
OTU_97.43098,Stool_1
OTU_97.43098,Palatine_Tonsils
OTU_97.431,Tongue_dorsum
OTU_97.431,Attached_Keratinized_gingiva
OTU_97.431,Palatine_Tonsils_1
OTU_97.431,Left_Retroauricular_crease_1
OTU_97.43100,Supragingival_plaque_1
OTU_97.43100,Right_Antecubital_fossa
OTU_97.43100,Buccal_mucosa_1
OTU_97.43101,Tongue_dorsum
OTU_97.43101,Hard_palate_1
OTU_97.43101,Attached_Keratinized_gingiva
OTU_97.43102,Stool
OTU_97.43102,Right_Antecubital_fossa_1
OTU_97.43105,Hard_palate_1
OTU_97.43105,Stool
OTU_97.43105,Throat_1
OTU_97.43106,Saliva
OTU_97.43106,Right_Retroauricular_crease
OTU_97.43106,Throat
OTU_97.43106,Anterior_nares_1
OTU_97.43107,Buccal_mucosa
OTU_97.43107,Attached_Keratinized_gingiva
OTU_97.43107,Anterior_nares
OTU_97.43107,Throat_1
OTU_97.43108,Subgingival_plaque
OTU_97.43111,Supragingival_plaque_1
OTU_97.43111,Right_Retroauricular_crease
OTU_97.43111,Hard_palate_1
OTU_97.43111,Left_Retroauricular_crease_1
OTU_97.43111,Tongue_dorsum_1
OTU_97.43112,Left_Antecubital_fossa
OTU_97.43112,Anterior_nares_1
OTU_97.43115,Hard_palate
OTU_97.43115,Subgingival_plaque_1
OTU_97.43115,Attached_Keratinized_gingiva
OTU_97.43115,Left_Retroauricular_crease_1
OTU_97.43115,Left_Antecubital_fossa
OTU_97.43117,Supragingival_plaque_1
OTU_97.43118,Right_Retroauricular_crease_1
OTU_97.43118,Left_Retroauricular_crease
OTU_97.43118,Tongue_dorsum_1
OTU_97.43118,Throat_1
OTU_97.43120,Left_Retroauricular_crease_1
OTU_97.43121,Right_Retroauricular_crease
OTU_97.43121,Stool
OTU_97.43121,Left_Retroauricular_crease_1
OTU_97.43128,Attached_Keratinized_gingiva_1
OTU_97.43128,Hard_palate
OTU_97.43128,Stool_1
OTU_97.43128,Attached_Keratinized_gingiva
OTU_97.43133,Subgingival_plaque
OTU_97.43133,Stool_1
OTU_97.43133,Saliva_1
OTU_97.43137,Right_Retroauricular_crease
OTU_97.43137,Hard_palate_1
OTU_97.43137,Left_Retroauricular_crease_1
OTU_97.43143,Supragingival_plaque_1
OTU_97.43143,Hard_palate_1
OTU_97.43143,Palatine_Tonsils_1
OTU_97.43145,Tongue_dorsum_1
OTU_97.43147,Left_Retroauricular_crease
OTU_97.43147,Attached_Keratinized_gingiva_1
OTU_97.43147,Buccal_mucosa_1
OTU_97.43150,Tongue_dorsum
OTU_97.43150,Anterior_nares
OTU_97.43150,Right_Antecubital_fossa_1
OTU_97.43152,Subgingival_plaque
OTU_97.4316,Left_Antecubital_fossa
OTU_97.4316,Throat_1
OTU_97.43162,Right_Retroauricular_crease
OTU_97.43162,Left_Retroauricular_crease_1
OTU_97.43162,Anterior_nares
OTU_97.43166,Right_Antecubital_fossa
OTU_97.43166,Throat
OTU_97.43166,Palatine_Tonsils_1
OTU_97.43166,Left_Retroauricular_crease_1
OTU_97.43170,Tongue_dorsum
OTU_97.43170,Saliva
OTU_97.43170,Left_Antecubital_fossa
OTU_97.43173,Saliva
OTU_97.43173,Attached_Keratinized_gingiva_1
OTU_97.43173,Buccal_mucosa_1
OTU_97.43173,Subgingival_plaque_1
OTU_97.43175,Subgingival_plaque
OTU_97.43175,Throat
OTU_97.43177,Supragingival_plaque
OTU_97.43177,Saliva
OTU_97.43177,Subgingival_plaque_1
OTU_97.43177,Anterior_nares
OTU_97.43177,Left_Antecubital_fossa
OTU_97.43178,Attached_Keratinized_gingiva_1
OTU_97.43185,Left_Retroauricular_crease
OTU_97.43185,Attached_Keratinized_gingiva
OTU_97.43187,Stool_1
OTU_97.43187,Palatine_Tonsils_1
OTU_97.43188,Attached_Keratinized_gingiva_1
OTU_97.43188,Throat
OTU_97.43198,Buccal_mucosa
OTU_97.43198,Saliva
OTU_97.43198,Palatine_Tonsils
OTU_97.43198,Anterior_nares
OTU_97.43198,Throat_1
OTU_97.43201,Throat_1
OTU_97.43203,Left_Antecubital_fossa
OTU_97.43205,Supragingival_plaque
OTU_97.43205,Buccal_mucosa_1
OTU_97.43205,Palatine_Tonsils_1
OTU_97.43207,Right_Retroauricular_crease_1
OTU_97.43207,Left_Antecubital_fossa_1
OTU_97.43207,Palatine_Tonsils
OTU_97.43207,Left_Retroauricular_crease_1
OTU_97.43212,Saliva
OTU_97.43212,Tongue_dorsum_1
OTU_97.43214,Buccal_mucosa
OTU_97.43214,Attached_Keratinized_gingiva_1
OTU_97.43214,Left_Retroauricular_crease_1
OTU_97.4322,Buccal_mucosa_1
OTU_97.4322,Stool
OTU_97.4322,Palatine_Tonsils_1
OTU_97.4322,Tongue_dorsum_1
OTU_97.43233,Buccal_mucosa
OTU_97.43233,Supragingival_plaque
OTU_97.43233,Throat
OTU_97.43235,Left_Antecubital_fossa_1
OTU_97.43237,Anterior_nares
OTU_97.43238,Right_Retroauricular_crease_1
OTU_97.43238,Hard_palate_1
OTU_97.43239,Right_Retroauricular_crease_1
OTU_97.43239,Palatine_Tonsils_1
OTU_97.43240,Tongue_dorsum
OTU_97.43240,Supragingival_plaque_1
OTU_97.43240,Right_Retroauricular_crease
OTU_97.43240,Buccal_mucosa_1
OTU_97.43240,Throat
OTU_97.43245,Stool_1
OTU_97.43245,Left_Antecubital_fossa
OTU_97.43248,Right_Antecubital_fossa
OTU_97.43248,Left_Retroauricular_crease
OTU_97.43248,Subgingival_plaque_1
OTU_97.43248,Palatine_Tonsils
OTU_97.43250,Hard_palate_1
OTU_97.43250,Right_Antecubital_fossa_1
OTU_97.43255,Right_Retroauricular_crease
OTU_97.43255,Hard_palate_1
OTU_97.43258,Subgingival_plaque
OTU_97.43258,Right_Antecubital_fossa
OTU_97.43258,Left_Retroauricular_crease_1
OTU_97.43262,Right_Retroauricular_crease_1
OTU_97.43262,Buccal_mucosa
OTU_97.43262,Buccal_mucosa_1
OTU_97.43262,Subgingival_plaque_1
OTU_97.43265,Attached_Keratinized_gingiva
OTU_97.43265,Anterior_nares
OTU_97.43265,Throat_1
OTU_97.43265,Anterior_nares_1
OTU_97.43267,Supragingival_plaque
OTU_97.43267,Right_Antecubital_fossa
OTU_97.43272,Supragingival_plaque
OTU_97.43272,Left_Antecubital_fossa_1
OTU_97.43272,Attached_Keratinized_gingiva_1
OTU_97.43272,Hard_palate_1
OTU_97.43272,Throat
OTU_97.43272,Tongue_dorsum_1
OTU_97.43278,Left_Antecubital_fossa_1
OTU_97.4328,Left_Antecubital_fossa_1
OTU_97.4328,Left_Retroauricular_crease_1
OTU_97.4328,Left_Antecubital_fossa
OTU_97.43280,Right_Retroauricular_crease_1
OTU_97.43280,Stool
OTU_97.43280,Stool_1
OTU_97.43280,Attached_Keratinized_gingiva
OTU_97.43280,Palatine_Tonsils_1
OTU_97.43281,Right_Retroauricular_crease
OTU_97.43281,Right_Antecubital_fossa
OTU_97.43281,Left_Retroauricular_crease
OTU_97.43281,Saliva_1
OTU_97.43281,Anterior_nares_1
OTU_97.43286,Right_Retroauricular_crease_1
OTU_97.43286,Left_Retroauricular_crease
OTU_97.43286,Palatine_Tonsils
OTU_97.43297,Supragingival_plaque_1
OTU_97.43301,Right_Antecubital_fossa
OTU_97.43303,Buccal_mucosa
OTU_97.43303,Stool
OTU_97.43303,Stool_1
OTU_97.43303,Subgingival_plaque_1
OTU_97.43303,Attached_Keratinized_gingiva
OTU_97.43306,Right_Retroauricular_crease_1
OTU_97.43308,Buccal_mucosa
OTU_97.43308,Tongue_dorsum_1
OTU_97.4331,Supragingival_plaque
OTU_97.4331,Left_Antecubital_fossa_1
OTU_97.4331,Attached_Keratinized_gingiva_1
OTU_97.4331,Saliva_1
OTU_97.4331,Throat
OTU_97.43321,Tongue_dorsum
OTU_97.43321,Palatine_Tonsils
OTU_97.43321,Throat
OTU_97.43325,Right_Retroauricular_crease_1
OTU_97.43325,Buccal_mucosa
OTU_97.43325,Hard_palate
OTU_97.43325,Anterior_nares_1
OTU_97.43326,Attached_Keratinized_gingiva_1
OTU_97.43326,Buccal_mucosa_1
OTU_97.43326,Subgingival_plaque_1
OTU_97.43326,Throat_1
OTU_97.43331,Attached_Keratinized_gingiva
OTU_97.43331,Right_Antecubital_fossa_1
OTU_97.43332,Palatine_Tonsils
OTU_97.43333,Hard_palate
OTU_97.43333,Saliva_1
OTU_97.43333,Anterior_nares
OTU_97.43338,Subgingival_plaque
OTU_97.43338,Left_Retroauricular_crease
OTU_97.43338,Stool
OTU_97.43338,Palatine_Tonsils_1
OTU_97.43339,Right_Retroauricular_crease_1
OTU_97.43339,Supragingival_plaque
OTU_97.43339,Right_Antecubital_fossa
OTU_97.43343,Right_Retroauricular_crease_1
OTU_97.43343,Buccal_mucosa
OTU_97.43343,Hard_palate_1
OTU_97.43346,Right_Retroauricular_crease_1
OTU_97.43346,Buccal_mucosa
OTU_97.43346,Right_Retroauricular_crease
OTU_97.43350,Supragingival_plaque_1
OTU_97.43350,Saliva
OTU_97.43350,Hard_palate
OTU_97.43350,Throat_1
OTU_97.43351,Right_Antecubital_fossa_1
OTU_97.43355,Stool
OTU_97.43355,Tongue_dorsum_1
OTU_97.43355,Anterior_nares_1
OTU_97.43360,Left_Antecubital_fossa_1
OTU_97.43360,Attached_Keratinized_gingiva_1
OTU_97.43366,Left_Retroauricular_crease_1
OTU_97.43366,Throat_1
OTU_97.43368,Supragingival_plaque_1
OTU_97.43368,Buccal_mucosa
OTU_97.43368,Right_Antecubital_fossa
OTU_97.43368,Left_Retroauricular_crease
OTU_97.43368,Left_Retroauricular_crease_1
OTU_97.43373,Buccal_mucosa
OTU_97.43373,Attached_Keratinized_gingiva_1
OTU_97.43373,Throat
OTU_97.43373,Anterior_nares
OTU_97.4338,Attached_Keratinized_gingiva_1
OTU_97.4338,Saliva_1
OTU_97.4338,Palatine_Tonsils
OTU_97.43386,Right_Retroauricular_crease_1
OTU_97.43386,Buccal_mucosa
OTU_97.43386,Left_Retroauricular_crease
OTU_97.43386,Attached_Keratinized_gingiva
OTU_97.43388,Subgingival_plaque_1
OTU_97.43388,Left_Antecubital_fossa
OTU_97.43388,Tongue_dorsum_1
OTU_97.43388,Right_Antecubital_fossa_1
OTU_97.43393,Supragingival_plaque_1
OTU_97.43393,Stool_1
OTU_97.43393,Palatine_Tonsils
OTU_97.434,Saliva_1
OTU_97.434,Right_Antecubital_fossa_1
OTU_97.4340,Tongue_dorsum
OTU_97.4340,Supragingival_plaque_1
OTU_97.4340,Subgingival_plaque_1
OTU_97.4340,Saliva_1
OTU_97.43400,Buccal_mucosa
OTU_97.43411,Supragingival_plaque_1
OTU_97.43411,Supragingival_plaque
OTU_97.43411,Anterior_nares
OTU_97.43413,Left_Retroauricular_crease
OTU_97.43413,Stool_1
OTU_97.43417,Right_Retroauricular_crease_1
OTU_97.43421,Anterior_nares
OTU_97.43421,Throat_1
OTU_97.43424,Right_Retroauricular_crease
OTU_97.43424,Right_Antecubital_fossa
OTU_97.43424,Saliva_1
OTU_97.43424,Left_Retroauricular_crease_1
OTU_97.43424,Anterior_nares_1
OTU_97.43431,Subgingival_plaque
OTU_97.43431,Supragingival_plaque_1
OTU_97.43431,Stool_1
OTU_97.43435,Hard_palate
OTU_97.43435,Left_Antecubital_fossa
OTU_97.43436,Supragingival_plaque
OTU_97.43436,Left_Antecubital_fossa_1
OTU_97.43436,Throat
OTU_97.43436,Anterior_nares
OTU_97.43436,Throat_1
OTU_97.43438,Right_Retroauricular_crease
OTU_97.43438,Hard_palate
OTU_97.43438,Hard_palate_1
OTU_97.43442,Tongue_dorsum
OTU_97.43442,Right_Retroauricular_crease_1
OTU_97.43442,Supragingival_plaque_1
OTU_97.43442,Buccal_mucosa
OTU_97.43442,Palatine_Tonsils
OTU_97.43445,Supragingival_plaque_1
OTU_97.43445,Saliva_1
OTU_97.43445,Anterior_nares_1
OTU_97.43447,Throat
OTU_97.43447,Throat_1
OTU_97.43451,Buccal_mucosa_1
OTU_97.43451,Left_Retroauricular_crease_1
OTU_97.43452,Tongue_dorsum_1
OTU_97.43452,Anterior_nares_1
OTU_97.43454,Tongue_dorsum
OTU_97.43454,Right_Retroauricular_crease
OTU_97.43454,Palatine_Tonsils_1
OTU_97.43454,Tongue_dorsum_1
OTU_97.43466,Right_Retroauricular_crease_1
OTU_97.43466,Saliva
OTU_97.43466,Hard_palate_1
OTU_97.43466,Subgingival_plaque_1
OTU_97.43466,Left_Retroauricular_crease_1
OTU_97.43469,Palatine_Tonsils
OTU_97.43469,Palatine_Tonsils_1
OTU_97.4347,Tongue_dorsum
OTU_97.4347,Hard_palate_1
OTU_97.43481,Attached_Keratinized_gingiva_1
OTU_97.43481,Saliva_1
OTU_97.43481,Palatine_Tonsils_1
OTU_97.43481,Anterior_nares
OTU_97.43490,Subgingival_plaque
OTU_97.43490,Right_Retroauricular_crease
OTU_97.43490,Tongue_dorsum_1
OTU_97.43490,Anterior_nares_1
OTU_97.43495,Saliva_1
OTU_97.43495,Palatine_Tonsils
OTU_97.43495,Anterior_nares
OTU_97.43496,Supragingival_plaque_1
OTU_97.43496,Buccal_mucosa
OTU_97.43496,Saliva_1
OTU_97.43496,Palatine_Tonsils_1
OTU_97.43499,Tongue_dorsum
OTU_97.43499,Right_Retroauricular_crease_1
OTU_97.43499,Buccal_mucosa
OTU_97.43499,Right_Antecubital_fossa
OTU_97.43500,Left_Antecubital_fossa_1
OTU_97.43500,Right_Retroauricular_crease
OTU_97.43500,Buccal_mucosa_1
OTU_97.43503,Subgingival_plaque_1
OTU_97.43504,Tongue_dorsum
OTU_97.4351,Palatine_Tonsils_1
OTU_97.43513,Palatine_Tonsils_1
OTU_97.43513,Right_Antecubital_fossa_1
OTU_97.43515,Anterior_nares
OTU_97.43515,Anterior_nares_1
OTU_97.43518,Subgingival_plaque_1
OTU_97.43519,Right_Retroauricular_crease_1
OTU_97.43519,Saliva
OTU_97.43519,Stool_1
OTU_97.4352,Right_Retroauricular_crease_1
OTU_97.4352,Hard_palate_1
OTU_97.4352,Anterior_nares_1
OTU_97.43522,Right_Retroauricular_crease_1
OTU_97.43522,Right_Antecubital_fossa
OTU_97.43524,Supragingival_plaque
OTU_97.43524,Left_Retroauricular_crease
OTU_97.43524,Palatine_Tonsils
OTU_97.43528,Subgingival_plaque
OTU_97.43530,Buccal_mucosa
OTU_97.43530,Saliva
OTU_97.43533,Hard_palate
OTU_97.43533,Tongue_dorsum_1
OTU_97.43535,Left_Retroauricular_crease
OTU_97.43535,Attached_Keratinized_gingiva_1
OTU_97.43538,Left_Antecubital_fossa_1
OTU_97.4354,Stool_1
OTU_97.43542,Buccal_mucosa_1
OTU_97.43542,Attached_Keratinized_gingiva
OTU_97.43542,Left_Retroauricular_crease_1
OTU_97.43542,Anterior_nares_1
OTU_97.43543,Right_Antecubital_fossa
OTU_97.43543,Subgingival_plaque_1
OTU_97.43543,Saliva_1
OTU_97.43543,Left_Retroauricular_crease_1
OTU_97.43543,Throat_1
OTU_97.43545,Left_Antecubital_fossa_1
OTU_97.43545,Palatine_Tonsils
OTU_97.43545,Palatine_Tonsils_1
OTU_97.43547,Subgingival_plaque
OTU_97.43547,Buccal_mucosa_1
OTU_97.43547,Palatine_Tonsils
OTU_97.43547,Throat
OTU_97.43548,Buccal_mucosa_1
OTU_97.43548,Left_Antecubital_fossa
OTU_97.43549,Attached_Keratinized_gingiva
OTU_97.43549,Left_Retroauricular_crease_1
OTU_97.43551,Hard_palate_1
OTU_97.43551,Stool
OTU_97.43551,Palatine_Tonsils_1
OTU_97.43551,Left_Retroauricular_crease_1
OTU_97.43566,Subgingival_plaque
OTU_97.43566,Saliva
OTU_97.43570,Buccal_mucosa
OTU_97.43570,Saliva
OTU_97.43570,Buccal_mucosa_1
OTU_97.43570,Attached_Keratinized_gingiva
OTU_97.43570,Left_Retroauricular_crease_1
OTU_97.43570,Throat_1
OTU_97.43570,Anterior_nares_1
OTU_97.43573,Left_Antecubital_fossa
OTU_97.43574,Subgingival_plaque
OTU_97.43574,Saliva_1
OTU_97.43576,Palatine_Tonsils
OTU_97.43577,Saliva_1
OTU_97.43579,Right_Retroauricular_crease_1
OTU_97.43579,Right_Retroauricular_crease
OTU_97.43579,Stool_1
OTU_97.43579,Right_Antecubital_fossa_1
OTU_97.43580,Saliva
OTU_97.43580,Buccal_mucosa_1
OTU_97.43580,Saliva_1
OTU_97.43580,Palatine_Tonsils_1
OTU_97.43580,Right_Antecubital_fossa_1
OTU_97.43580,Throat_1
OTU_97.43583,Right_Retroauricular_crease
OTU_97.43583,Tongue_dorsum_1
OTU_97.43583,Right_Antecubital_fossa_1
OTU_97.43583,Anterior_nares_1
OTU_97.43585,Buccal_mucosa
OTU_97.43585,Left_Retroauricular_crease
OTU_97.43585,Saliva_1
OTU_97.43585,Palatine_Tonsils_1
OTU_97.43591,Right_Retroauricular_crease_1
OTU_97.43591,Subgingival_plaque
OTU_97.43591,Hard_palate_1
OTU_97.43593,Subgingival_plaque_1
OTU_97.43593,Attached_Keratinized_gingiva
OTU_97.43593,Left_Antecubital_fossa
OTU_97.43597,Tongue_dorsum_1
OTU_97.43601,Right_Retroauricular_crease_1
OTU_97.43601,Subgingival_plaque
OTU_97.43601,Left_Antecubital_fossa_1
OTU_97.43601,Buccal_mucosa_1
OTU_97.43601,Right_Antecubital_fossa_1
OTU_97.43606,Right_Antecubital_fossa
OTU_97.43606,Stool_1
OTU_97.43606,Left_Antecubital_fossa
OTU_97.43613,Tongue_dorsum
OTU_97.43613,Buccal_mucosa_1
OTU_97.43615,Supragingival_plaque_1
OTU_97.43615,Stool_1
OTU_97.43615,Right_Antecubital_fossa_1
OTU_97.43619,Subgingival_plaque
OTU_97.43619,Hard_palate_1
OTU_97.43619,Buccal_mucosa_1
OTU_97.43619,Anterior_nares_1
OTU_97.43627,Supragingival_plaque_1
OTU_97.43627,Buccal_mucosa
OTU_97.43627,Hard_palate_1
OTU_97.43627,Throat_1
OTU_97.43628,Buccal_mucosa
OTU_97.43628,Left_Antecubital_fossa_1
OTU_97.43628,Right_Antecubital_fossa
OTU_97.43628,Right_Antecubital_fossa_1
OTU_97.4364,Buccal_mucosa
OTU_97.4364,Saliva
OTU_97.4364,Attached_Keratinized_gingiva_1
OTU_97.4364,Attached_Keratinized_gingiva
OTU_97.4364,Anterior_nares
OTU_97.43648,Tongue_dorsum
OTU_97.43648,Left_Antecubital_fossa_1
OTU_97.43648,Left_Retroauricular_crease_1
OTU_97.43655,Left_Retroauricular_crease
OTU_97.43655,Attached_Keratinized_gingiva_1
OTU_97.43658,Right_Retroauricular_crease_1
OTU_97.43658,Attached_Keratinized_gingiva_1
OTU_97.43658,Left_Antecubital_fossa
OTU_97.43658,Tongue_dorsum_1
OTU_97.4366,Buccal_mucosa
OTU_97.4366,Throat
OTU_97.43660,Subgingival_plaque
OTU_97.43660,Supragingival_plaque
OTU_97.43660,Stool_1
OTU_97.43660,Tongue_dorsum_1
OTU_97.43665,Subgingival_plaque
OTU_97.43665,Attached_Keratinized_gingiva_1
OTU_97.43665,Left_Antecubital_fossa
OTU_97.43673,Right_Retroauricular_crease_1
OTU_97.43673,Stool
OTU_97.43673,Saliva_1
OTU_97.43673,Right_Antecubital_fossa_1
OTU_97.43676,Stool
OTU_97.43676,Attached_Keratinized_gingiva
OTU_97.43677,Right_Retroauricular_crease
OTU_97.43677,Palatine_Tonsils_1
OTU_97.43679,Attached_Keratinized_gingiva_1
OTU_97.43679,Attached_Keratinized_gingiva
OTU_97.43685,Supragingival_plaque
OTU_97.43685,Hard_palate_1
OTU_97.43686,Saliva_1
OTU_97.43686,Right_Antecubital_fossa_1
OTU_97.43687,Buccal_mucosa
OTU_97.43687,Saliva_1
OTU_97.43687,Anterior_nares
OTU_97.43688,Tongue_dorsum
OTU_97.43688,Right_Retroauricular_crease_1
OTU_97.437,Right_Retroauricular_crease_1
OTU_97.437,Supragingival_plaque_1
OTU_97.437,Hard_palate_1
OTU_97.43714,Left_Retroauricular_crease
OTU_97.43714,Palatine_Tonsils_1
OTU_97.43720,Palatine_Tonsils
OTU_97.43720,Throat
OTU_97.43720,Left_Retroauricular_crease_1
OTU_97.43728,Tongue_dorsum
OTU_97.43728,Right_Retroauricular_crease_1
OTU_97.43728,Stool
OTU_97.4373,Left_Antecubital_fossa
OTU_97.43735,Buccal_mucosa
OTU_97.43735,Tongue_dorsum_1
OTU_97.43743,Right_Retroauricular_crease
OTU_97.43743,Attached_Keratinized_gingiva_1
OTU_97.43743,Buccal_mucosa_1
OTU_97.43743,Attached_Keratinized_gingiva
OTU_97.43743,Left_Retroauricular_crease_1
OTU_97.43743,Tongue_dorsum_1
OTU_97.43744,Buccal_mucosa
OTU_97.43744,Left_Retroauricular_crease_1
OTU_97.43744,Anterior_nares_1
OTU_97.43749,Hard_palate_1
OTU_97.43749,Throat_1
OTU_97.43749,Anterior_nares_1
OTU_97.43750,Right_Antecubital_fossa_1
OTU_97.43750,Anterior_nares_1
OTU_97.43752,Subgingival_plaque
OTU_97.43752,Stool_1
OTU_97.43752,Left_Antecubital_fossa
OTU_97.43754,Hard_palate
OTU_97.43754,Palatine_Tonsils
OTU_97.43754,Throat
OTU_97.43754,Left_Retroauricular_crease_1
OTU_97.43758,Saliva
OTU_97.43758,Right_Retroauricular_crease
OTU_97.43758,Buccal_mucosa_1
OTU_97.43758,Anterior_nares
OTU_97.43758,Left_Antecubital_fossa
OTU_97.43758,Anterior_nares_1
OTU_97.43761,Buccal_mucosa_1
OTU_97.4379,Right_Retroauricular_crease_1
OTU_97.4379,Subgingival_plaque
OTU_97.4379,Left_Retroauricular_crease_1
OTU_97.4379,Right_Antecubital_fossa_1
OTU_97.438,Hard_palate
OTU_97.438,Throat
OTU_97.438,Anterior_nares
OTU_97.438,Anterior_nares_1
OTU_97.43802,Supragingival_plaque
OTU_97.43802,Hard_palate_1
OTU_97.43804,Saliva_1
OTU_97.43804,Tongue_dorsum_1
OTU_97.43810,Saliva
OTU_97.43810,Right_Antecubital_fossa_1
OTU_97.43818,Right_Retroauricular_crease_1
OTU_97.43818,Subgingival_plaque
OTU_97.43825,Left_Antecubital_fossa_1
OTU_97.43825,Right_Antecubital_fossa
OTU_97.43825,Right_Antecubital_fossa_1
OTU_97.43843,Supragingival_plaque
OTU_97.43843,Left_Antecubital_fossa_1
OTU_97.43843,Hard_palate
OTU_97.43843,Hard_palate_1
OTU_97.43843,Attached_Keratinized_gingiva
OTU_97.43844,Saliva_1
OTU_97.43844,Attached_Keratinized_gingiva
OTU_97.43844,Left_Retroauricular_crease_1
OTU_97.43844,Anterior_nares_1
OTU_97.43846,Right_Retroauricular_crease_1
OTU_97.43846,Supragingival_plaque_1
OTU_97.43846,Left_Antecubital_fossa
OTU_97.43848,Attached_Keratinized_gingiva_1
OTU_97.43848,Hard_palate
OTU_97.43848,Left_Retroauricular_crease_1
OTU_97.43853,Hard_palate
OTU_97.43853,Subgingival_plaque_1
OTU_97.43853,Left_Antecubital_fossa
OTU_97.43855,Tongue_dorsum
OTU_97.43859,Attached_Keratinized_gingiva_1
OTU_97.43861,Hard_palate_1
OTU_97.43863,Right_Retroauricular_crease
OTU_97.43863,Stool_1
OTU_97.43863,Anterior_nares_1
OTU_97.43865,Right_Retroauricular_crease_1
OTU_97.43865,Subgingival_plaque
OTU_97.43865,Right_Retroauricular_crease
OTU_97.43865,Right_Antecubital_fossa
OTU_97.43865,Saliva_1
OTU_97.4387,Buccal_mucosa
OTU_97.4387,Saliva
OTU_97.43876,Right_Retroauricular_crease_1
OTU_97.43876,Hard_palate
OTU_97.43876,Attached_Keratinized_gingiva
OTU_97.43876,Tongue_dorsum_1
OTU_97.43876,Throat_1
OTU_97.4388,Stool
OTU_97.43880,Right_Retroauricular_crease
OTU_97.43880,Saliva_1
OTU_97.43880,Palatine_Tonsils_1
OTU_97.43881,Right_Retroauricular_crease
OTU_97.43881,Left_Retroauricular_crease
OTU_97.43881,Saliva_1
OTU_97.43883,Right_Retroauricular_crease
OTU_97.43883,Subgingival_plaque_1
OTU_97.43890,Stool
OTU_97.43890,Attached_Keratinized_gingiva
OTU_97.43891,Attached_Keratinized_gingiva_1
OTU_97.43891,Subgingival_plaque_1
OTU_97.43891,Right_Antecubital_fossa_1
OTU_97.43899,Buccal_mucosa
OTU_97.43899,Subgingival_plaque_1
OTU_97.43899,Anterior_nares_1
OTU_97.4390,Supragingival_plaque_1
OTU_97.4390,Attached_Keratinized_gingiva_1
OTU_97.4390,Saliva_1
OTU_97.43904,Left_Antecubital_fossa_1
OTU_97.43904,Right_Antecubital_fossa
OTU_97.43904,Stool
OTU_97.43904,Saliva_1
OTU_97.43904,Right_Antecubital_fossa_1
OTU_97.43904,Anterior_nares_1
OTU_97.43909,Supragingival_plaque
OTU_97.43909,Hard_palate
OTU_97.43909,Attached_Keratinized_gingiva
OTU_97.43909,Left_Antecubital_fossa
OTU_97.4391,Buccal_mucosa
OTU_97.43910,Subgingival_plaque
OTU_97.43910,Anterior_nares_1
OTU_97.4392,Supragingival_plaque
OTU_97.4392,Throat
OTU_97.4392,Left_Antecubital_fossa
OTU_97.4392,Throat_1
OTU_97.43924,Supragingival_plaque
OTU_97.43924,Palatine_Tonsils
OTU_97.43926,Stool
OTU_97.43926,Left_Antecubital_fossa
OTU_97.43926,Throat_1
OTU_97.43932,Buccal_mucosa_1
OTU_97.43932,Right_Antecubital_fossa_1
OTU_97.43932,Throat_1
OTU_97.4394,Hard_palate
OTU_97.4394,Anterior_nares_1
OTU_97.4395,Tongue_dorsum
OTU_97.4395,Subgingival_plaque_1
OTU_97.43955,Hard_palate
OTU_97.43955,Subgingival_plaque_1
OTU_97.43955,Palatine_Tonsils_1
OTU_97.43970,Subgingival_plaque
OTU_97.43970,Stool
OTU_97.43971,Right_Retroauricular_crease
OTU_97.43971,Hard_palate
OTU_97.43971,Hard_palate_1
OTU_97.43971,Throat
OTU_97.43971,Left_Retroauricular_crease_1
OTU_97.43971,Anterior_nares
OTU_97.43975,Stool_1
OTU_97.43975,Tongue_dorsum_1
OTU_97.43983,Hard_palate
OTU_97.43983,Throat
OTU_97.43986,Buccal_mucosa_1
OTU_97.43986,Saliva_1
OTU_97.43986,Attached_Keratinized_gingiva
OTU_97.43986,Anterior_nares_1
OTU_97.4399,Right_Retroauricular_crease_1
OTU_97.4399,Throat_1
OTU_97.43994,Subgingival_plaque
OTU_97.43994,Attached_Keratinized_gingiva_1
OTU_97.44,Stool_1
OTU_97.440,Hard_palate_1
OTU_97.440,Stool_1
OTU_97.44004,Subgingival_plaque
OTU_97.44004,Left_Retroauricular_crease
OTU_97.44004,Palatine_Tonsils
OTU_97.44004,Palatine_Tonsils_1
OTU_97.44004,Throat_1
OTU_97.44007,Hard_palate_1
OTU_97.44007,Throat
OTU_97.44007,Attached_Keratinized_gingiva
OTU_97.44007,Left_Antecubital_fossa
OTU_97.44007,Tongue_dorsum_1
OTU_97.44007,Right_Antecubital_fossa_1
OTU_97.44010,Attached_Keratinized_gingiva
OTU_97.44010,Right_Antecubital_fossa_1
OTU_97.44010,Anterior_nares_1
OTU_97.44013,Right_Retroauricular_crease_1
OTU_97.44013,Subgingival_plaque
OTU_97.44013,Left_Retroauricular_crease
OTU_97.44013,Attached_Keratinized_gingiva
OTU_97.44014,Right_Retroauricular_crease_1
OTU_97.44014,Right_Retroauricular_crease
OTU_97.44014,Anterior_nares
OTU_97.44014,Throat_1
OTU_97.44017,Supragingival_plaque_1
OTU_97.44017,Right_Retroauricular_crease
OTU_97.44017,Throat
OTU_97.44019,Attached_Keratinized_gingiva_1
OTU_97.44019,Attached_Keratinized_gingiva
OTU_97.44019,Right_Antecubital_fossa_1
OTU_97.4402,Right_Retroauricular_crease
OTU_97.4402,Throat
OTU_97.4402,Tongue_dorsum_1
OTU_97.4402,Right_Antecubital_fossa_1
OTU_97.44025,Right_Antecubital_fossa_1
OTU_97.44026,Buccal_mucosa_1
OTU_97.44027,Subgingival_plaque
OTU_97.44027,Subgingival_plaque_1
OTU_97.44027,Palatine_Tonsils_1
OTU_97.4403,Supragingival_plaque
OTU_97.4403,Palatine_Tonsils
OTU_97.4403,Attached_Keratinized_gingiva
OTU_97.4403,Throat_1
OTU_97.44031,Right_Retroauricular_crease
OTU_97.44031,Right_Antecubital_fossa
OTU_97.44031,Left_Retroauricular_crease_1
OTU_97.44036,Buccal_mucosa
OTU_97.44036,Right_Retroauricular_crease
OTU_97.44036,Attached_Keratinized_gingiva_1
OTU_97.44036,Anterior_nares
OTU_97.44045,Stool_1
OTU_97.44048,Stool_1
OTU_97.44049,Supragingival_plaque_1
OTU_97.44049,Stool_1
OTU_97.44049,Palatine_Tonsils_1
OTU_97.44049,Left_Antecubital_fossa
OTU_97.44049,Anterior_nares_1
OTU_97.4405,Saliva_1
OTU_97.44056,Buccal_mucosa
OTU_97.44070,Hard_palate_1
OTU_97.44070,Left_Antecubital_fossa
OTU_97.44074,Tongue_dorsum
OTU_97.44077,Saliva
OTU_97.44077,Buccal_mucosa_1
OTU_97.44077,Subgingival_plaque_1
OTU_97.44078,Hard_palate_1
OTU_97.44080,Subgingival_plaque
OTU_97.44080,Palatine_Tonsils_1
OTU_97.44080,Left_Retroauricular_crease_1
OTU_97.44081,Supragingival_plaque
OTU_97.44081,Hard_palate
OTU_97.44081,Hard_palate_1
OTU_97.44081,Stool
OTU_97.44084,Subgingival_plaque
OTU_97.44084,Right_Retroauricular_crease
OTU_97.44084,Left_Antecubital_fossa
OTU_97.44085,Buccal_mucosa_1
OTU_97.44085,Throat
OTU_97.44085,Right_Antecubital_fossa_1
OTU_97.44087,Buccal_mucosa
OTU_97.44087,Saliva
OTU_97.44087,Anterior_nares
OTU_97.44088,Right_Retroauricular_crease_1
OTU_97.44088,Buccal_mucosa_1
OTU_97.44088,Saliva_1
OTU_97.44088,Left_Antecubital_fossa
OTU_97.4409,Subgingival_plaque_1
OTU_97.44090,Tongue_dorsum
OTU_97.44090,Stool
OTU_97.44090,Left_Retroauricular_crease_1
OTU_97.44094,Right_Retroauricular_crease
OTU_97.44094,Right_Antecubital_fossa
OTU_97.44094,Palatine_Tonsils_1
OTU_97.44096,Stool
OTU_97.4410,Left_Retroauricular_crease
OTU_97.4410,Attached_Keratinized_gingiva_1
OTU_97.4410,Buccal_mucosa_1
OTU_97.4410,Stool
OTU_97.4410,Left_Antecubital_fossa
OTU_97.4410,Right_Antecubital_fossa_1
OTU_97.44102,Buccal_mucosa
OTU_97.44102,Supragingival_plaque
OTU_97.44102,Tongue_dorsum_1
OTU_97.44102,Right_Antecubital_fossa_1
OTU_97.44105,Right_Antecubital_fossa
OTU_97.44105,Palatine_Tonsils
OTU_97.44108,Subgingival_plaque
OTU_97.44108,Palatine_Tonsils
OTU_97.44108,Left_Antecubital_fossa
OTU_97.44111,Buccal_mucosa_1
OTU_97.44112,Subgingival_plaque
OTU_97.44112,Left_Antecubital_fossa_1
OTU_97.44112,Hard_palate_1
OTU_97.44112,Subgingival_plaque_1
OTU_97.44112,Palatine_Tonsils_1
OTU_97.44113,Saliva_1
OTU_97.44117,Supragingival_plaque_1
OTU_97.44117,Right_Antecubital_fossa
OTU_97.44117,Stool
OTU_97.44117,Saliva_1
OTU_97.44117,Palatine_Tonsils
OTU_97.44118,Stool
OTU_97.44118,Attached_Keratinized_gingiva
OTU_97.44121,Throat
OTU_97.44121,Left_Retroauricular_crease_1
OTU_97.44123,Hard_palate
OTU_97.44123,Stool_1
OTU_97.44123,Palatine_Tonsils
OTU_97.44123,Throat_1
OTU_97.44125,Subgingival_plaque
OTU_97.44125,Supragingival_plaque_1
OTU_97.44125,Right_Antecubital_fossa
OTU_97.44125,Hard_palate
OTU_97.44125,Saliva_1
OTU_97.44125,Throat_1
OTU_97.44129,Subgingival_plaque
OTU_97.44129,Buccal_mucosa
OTU_97.44129,Buccal_mucosa_1
OTU_97.44129,Attached_Keratinized_gingiva
OTU_97.4413,Tongue_dorsum
OTU_97.4413,Subgingival_plaque
OTU_97.4413,Subgingival_plaque_1
OTU_97.4413,Throat
OTU_97.44130,Buccal_mucosa
OTU_97.44130,Hard_palate
OTU_97.44130,Stool
OTU_97.44130,Throat
OTU_97.44131,Attached_Keratinized_gingiva_1
OTU_97.44132,Supragingival_plaque
OTU_97.44134,Saliva
OTU_97.44134,Palatine_Tonsils
OTU_97.44139,Left_Antecubital_fossa_1
OTU_97.44139,Throat_1
OTU_97.44140,Left_Antecubital_fossa_1
OTU_97.44145,Tongue_dorsum
OTU_97.44150,Hard_palate_1
OTU_97.44150,Saliva_1
OTU_97.44150,Palatine_Tonsils
OTU_97.44150,Throat_1
OTU_97.44152,Left_Retroauricular_crease_1
OTU_97.44152,Throat_1
OTU_97.44157,Supragingival_plaque_1
OTU_97.44157,Right_Antecubital_fossa
OTU_97.44157,Attached_Keratinized_gingiva_1
OTU_97.44157,Palatine_Tonsils
OTU_97.44157,Attached_Keratinized_gingiva
OTU_97.44158,Supragingival_plaque_1
OTU_97.44158,Saliva
OTU_97.44158,Throat
OTU_97.44160,Tongue_dorsum
OTU_97.44160,Tongue_dorsum_1
OTU_97.44166,Buccal_mucosa
OTU_97.44166,Supragingival_plaque
OTU_97.44166,Palatine_Tonsils
OTU_97.44167,Subgingival_plaque
OTU_97.44167,Right_Retroauricular_crease
OTU_97.44167,Right_Antecubital_fossa
OTU_97.44167,Left_Retroauricular_crease
OTU_97.44167,Subgingival_plaque_1
OTU_97.44167,Anterior_nares
OTU_97.44167,Left_Antecubital_fossa
OTU_97.44167,Right_Antecubital_fossa_1
OTU_97.44169,Tongue_dorsum_1
OTU_97.44175,Buccal_mucosa
OTU_97.44175,Left_Retroauricular_crease
OTU_97.44175,Left_Retroauricular_crease_1
OTU_97.44175,Right_Antecubital_fossa_1
OTU_97.44176,Tongue_dorsum
OTU_97.44182,Subgingival_plaque_1
OTU_97.44188,Buccal_mucosa
OTU_97.44188,Attached_Keratinized_gingiva_1
OTU_97.44189,Right_Retroauricular_crease_1
OTU_97.44189,Throat
OTU_97.44191,Tongue_dorsum
OTU_97.44191,Supragingival_plaque
OTU_97.44191,Right_Retroauricular_crease
OTU_97.44191,Stool
OTU_97.44191,Subgingival_plaque_1
OTU_97.442,Buccal_mucosa
OTU_97.442,Right_Antecubital_fossa
OTU_97.442,Stool_1
OTU_97.442,Saliva_1
OTU_97.4420,Hard_palate
OTU_97.4420,Stool
OTU_97.4420,Attached_Keratinized_gingiva
OTU_97.4420,Anterior_nares
OTU_97.44200,Supragingival_plaque_1
OTU_97.44200,Supragingival_plaque
OTU_97.44200,Hard_palate
OTU_97.44200,Anterior_nares
OTU_97.44204,Palatine_Tonsils_1
OTU_97.44204,Right_Antecubital_fossa_1
OTU_97.44210,Hard_palate
OTU_97.44211,Attached_Keratinized_gingiva
OTU_97.44211,Anterior_nares
OTU_97.44211,Right_Antecubital_fossa_1
OTU_97.44211,Anterior_nares_1
OTU_97.44212,Attached_Keratinized_gingiva_1
OTU_97.44212,Throat
OTU_97.44213,Subgingival_plaque
OTU_97.44213,Palatine_Tonsils_1
OTU_97.44214,Palatine_Tonsils
OTU_97.44214,Anterior_nares
OTU_97.44220,Right_Retroauricular_crease
OTU_97.44220,Left_Retroauricular_crease
OTU_97.44220,Palatine_Tonsils_1
OTU_97.44222,Subgingival_plaque
OTU_97.44222,Subgingival_plaque_1
OTU_97.44223,Right_Retroauricular_crease_1
OTU_97.44223,Hard_palate_1
OTU_97.44223,Stool_1
OTU_97.44223,Palatine_Tonsils
OTU_97.44223,Left_Retroauricular_crease_1
OTU_97.44228,Buccal_mucosa
OTU_97.44228,Saliva
OTU_97.44228,Left_Antecubital_fossa_1
OTU_97.44228,Tongue_dorsum_1
OTU_97.44237,Right_Retroauricular_crease_1
OTU_97.44237,Right_Antecubital_fossa
OTU_97.44239,Right_Retroauricular_crease_1
OTU_97.44239,Right_Retroauricular_crease
OTU_97.44242,Throat
OTU_97.44242,Throat_1
OTU_97.44246,Right_Retroauricular_crease_1
OTU_97.44246,Left_Retroauricular_crease
OTU_97.44246,Attached_Keratinized_gingiva_1
OTU_97.44246,Palatine_Tonsils
OTU_97.44246,Left_Antecubital_fossa
OTU_97.44250,Right_Retroauricular_crease
OTU_97.44250,Anterior_nares
OTU_97.44250,Throat_1
OTU_97.44254,Right_Retroauricular_crease
OTU_97.44254,Hard_palate
OTU_97.44254,Stool_1
OTU_97.44254,Tongue_dorsum_1
OTU_97.44255,Buccal_mucosa
OTU_97.44255,Hard_palate
OTU_97.44255,Anterior_nares
OTU_97.44255,Right_Antecubital_fossa_1
OTU_97.44263,Left_Antecubital_fossa_1
OTU_97.44264,Left_Antecubital_fossa_1
OTU_97.44264,Right_Antecubital_fossa
OTU_97.44264,Attached_Keratinized_gingiva
OTU_97.44265,Left_Antecubital_fossa_1
OTU_97.44265,Anterior_nares_1
OTU_97.44267,Left_Retroauricular_crease
OTU_97.44267,Stool_1
OTU_97.44267,Palatine_Tonsils
OTU_97.44267,Right_Antecubital_fossa_1
OTU_97.44267,Anterior_nares_1
OTU_97.44268,Tongue_dorsum
OTU_97.44268,Subgingival_plaque
OTU_97.44268,Left_Retroauricular_crease
OTU_97.44268,Saliva_1
OTU_97.44268,Right_Antecubital_fossa_1
OTU_97.44273,Supragingival_plaque
OTU_97.44278,Right_Antecubital_fossa
OTU_97.44278,Attached_Keratinized_gingiva_1
OTU_97.44278,Buccal_mucosa_1
OTU_97.44278,Attached_Keratinized_gingiva
OTU_97.44279,Throat_1
OTU_97.44284,Supragingival_plaque_1
OTU_97.44284,Supragingival_plaque
OTU_97.44284,Left_Retroauricular_crease
OTU_97.44284,Stool
OTU_97.44284,Palatine_Tonsils
OTU_97.44288,Right_Retroauricular_crease_1
OTU_97.44288,Stool_1
OTU_97.44294,Buccal_mucosa
OTU_97.44294,Supragingival_plaque
OTU_97.44294,Saliva_1
OTU_97.44297,Palatine_Tonsils
OTU_97.44297,Attached_Keratinized_gingiva
OTU_97.4430,Tongue_dorsum
OTU_97.4430,Throat
OTU_97.44301,Supragingival_plaque_1
OTU_97.44301,Buccal_mucosa
OTU_97.44301,Stool_1
OTU_97.44304,Right_Retroauricular_crease_1
OTU_97.44304,Palatine_Tonsils
OTU_97.44305,Buccal_mucosa
OTU_97.44305,Anterior_nares
OTU_97.44306,Hard_palate
OTU_97.44306,Tongue_dorsum_1
OTU_97.44307,Stool
OTU_97.44307,Tongue_dorsum_1
OTU_97.44308,Subgingival_plaque_1
OTU_97.44310,Left_Retroauricular_crease_1
OTU_97.44312,Attached_Keratinized_gingiva_1
OTU_97.44312,Throat
OTU_97.44314,Left_Antecubital_fossa_1
OTU_97.44315,Saliva
OTU_97.44315,Anterior_nares_1
OTU_97.44316,Supragingival_plaque
OTU_97.44316,Palatine_Tonsils_1
OTU_97.44317,Attached_Keratinized_gingiva
OTU_97.44318,Supragingival_plaque_1
OTU_97.44318,Tongue_dorsum_1
OTU_97.44318,Throat_1
OTU_97.44322,Attached_Keratinized_gingiva_1
OTU_97.44322,Palatine_Tonsils
OTU_97.44322,Anterior_nares
OTU_97.44325,Throat
OTU_97.44326,Tongue_dorsum_1
OTU_97.44327,Subgingival_plaque
OTU_97.44327,Saliva_1
OTU_97.44329,Subgingival_plaque
OTU_97.44329,Left_Antecubital_fossa
OTU_97.44329,Throat_1
OTU_97.44337,Saliva
OTU_97.44337,Right_Retroauricular_crease
OTU_97.44340,Left_Antecubital_fossa_1
OTU_97.44340,Right_Antecubital_fossa
OTU_97.44340,Hard_palate_1
OTU_97.44340,Right_Antecubital_fossa_1
OTU_97.44340,Anterior_nares_1
OTU_97.44341,Supragingival_plaque_1
OTU_97.44341,Buccal_mucosa
OTU_97.44341,Tongue_dorsum_1
OTU_97.44343,Attached_Keratinized_gingiva_1
OTU_97.44343,Subgingival_plaque_1
OTU_97.44343,Anterior_nares_1
OTU_97.44344,Right_Antecubital_fossa_1
OTU_97.44349,Supragingival_plaque_1
OTU_97.44349,Buccal_mucosa
OTU_97.44349,Buccal_mucosa_1
OTU_97.44349,Left_Antecubital_fossa
OTU_97.44351,Throat
OTU_97.44351,Attached_Keratinized_gingiva
OTU_97.44352,Right_Retroauricular_crease_1
OTU_97.44353,Right_Retroauricular_crease
OTU_97.44353,Throat
OTU_97.44353,Tongue_dorsum_1
OTU_97.44357,Right_Retroauricular_crease
OTU_97.44357,Left_Retroauricular_crease_1
OTU_97.44357,Left_Antecubital_fossa
OTU_97.44363,Supragingival_plaque_1
OTU_97.44363,Right_Retroauricular_crease
OTU_97.44366,Subgingival_plaque
OTU_97.44366,Throat
OTU_97.44367,Left_Antecubital_fossa_1
OTU_97.44367,Right_Antecubital_fossa
OTU_97.4437,Tongue_dorsum
OTU_97.4437,Subgingival_plaque
OTU_97.4437,Supragingival_plaque
OTU_97.4437,Right_Antecubital_fossa
OTU_97.4437,Stool_1
OTU_97.44370,Subgingival_plaque
OTU_97.44370,Saliva
OTU_97.44370,Attached_Keratinized_gingiva
OTU_97.44375,Buccal_mucosa
OTU_97.44380,Supragingival_plaque
OTU_97.44380,Stool_1
OTU_97.44380,Palatine_Tonsils_1
OTU_97.44382,Subgingival_plaque
OTU_97.44382,Hard_palate_1
OTU_97.44387,Saliva
OTU_97.44387,Palatine_Tonsils
OTU_97.44388,Tongue_dorsum
OTU_97.44391,Tongue_dorsum
OTU_97.44394,Anterior_nares
OTU_97.44394,Throat_1
OTU_97.44398,Attached_Keratinized_gingiva_1
OTU_97.44398,Buccal_mucosa_1
OTU_97.44399,Attached_Keratinized_gingiva_1
OTU_97.44399,Left_Retroauricular_crease_1
OTU_97.44399,Anterior_nares
OTU_97.44399,Left_Antecubital_fossa
OTU_97.444,Right_Retroauricular_crease
OTU_97.444,Buccal_mucosa_1
OTU_97.444,Tongue_dorsum_1
OTU_97.4440,Right_Retroauricular_crease_1
OTU_97.44400,Buccal_mucosa
OTU_97.44400,Tongue_dorsum_1
OTU_97.44400,Anterior_nares_1
OTU_97.44401,Right_Retroauricular_crease
OTU_97.44402,Supragingival_plaque_1
OTU_97.44402,Subgingival_plaque_1
OTU_97.44403,Left_Retroauricular_crease
OTU_97.44405,Stool
OTU_97.44406,Throat
OTU_97.44406,Anterior_nares
OTU_97.44406,Throat_1
OTU_97.44416,Supragingival_plaque
OTU_97.44416,Right_Antecubital_fossa
OTU_97.44417,Right_Retroauricular_crease
OTU_97.44419,Saliva
OTU_97.44419,Throat_1
OTU_97.44419,Anterior_nares_1
OTU_97.44421,Right_Retroauricular_crease_1
OTU_97.44421,Hard_palate_1
OTU_97.44421,Attached_Keratinized_gingiva
OTU_97.44421,Left_Antecubital_fossa
OTU_97.44422,Right_Retroauricular_crease
OTU_97.44422,Saliva_1
OTU_97.44422,Left_Antecubital_fossa
OTU_97.44422,Throat_1
OTU_97.44423,Subgingival_plaque
OTU_97.44423,Left_Antecubital_fossa_1
OTU_97.44423,Left_Retroauricular_crease
OTU_97.44423,Palatine_Tonsils_1
OTU_97.44423,Right_Antecubital_fossa_1
OTU_97.44424,Saliva
OTU_97.44424,Right_Antecubital_fossa
OTU_97.44424,Attached_Keratinized_gingiva
OTU_97.44426,Hard_palate_1
OTU_97.44426,Anterior_nares_1
OTU_97.44427,Hard_palate
OTU_97.44427,Palatine_Tonsils_1
OTU_97.44431,Tongue_dorsum_1
OTU_97.44434,Hard_palate_1
OTU_97.44434,Buccal_mucosa_1
OTU_97.44434,Subgingival_plaque_1
OTU_97.44434,Palatine_Tonsils
OTU_97.44440,Left_Antecubital_fossa_1
OTU_97.44440,Right_Antecubital_fossa
OTU_97.44440,Throat_1
OTU_97.44447,Supragingival_plaque_1
OTU_97.44447,Right_Antecubital_fossa
OTU_97.44448,Right_Retroauricular_crease_1
OTU_97.44448,Subgingival_plaque
OTU_97.44448,Stool_1
OTU_97.44449,Throat
OTU_97.44449,Tongue_dorsum_1
OTU_97.44451,Right_Retroauricular_crease_1
OTU_97.44451,Left_Retroauricular_crease_1
OTU_97.44452,Buccal_mucosa
OTU_97.44452,Left_Antecubital_fossa_1
OTU_97.44452,Anterior_nares_1
OTU_97.44457,Hard_palate
OTU_97.44457,Palatine_Tonsils
OTU_97.44457,Anterior_nares
OTU_97.44458,Subgingival_plaque
OTU_97.44463,Right_Retroauricular_crease
OTU_97.44463,Anterior_nares
OTU_97.44467,Tongue_dorsum
OTU_97.44467,Hard_palate
OTU_97.44470,Anterior_nares
OTU_97.44474,Saliva_1
OTU_97.44474,Attached_Keratinized_gingiva
OTU_97.44478,Buccal_mucosa_1
OTU_97.44478,Throat_1
OTU_97.44480,Palatine_Tonsils
OTU_97.44483,Tongue_dorsum
OTU_97.44483,Stool
OTU_97.44483,Left_Antecubital_fossa
OTU_97.44483,Right_Antecubital_fossa_1
OTU_97.44484,Supragingival_plaque_1
OTU_97.44484,Hard_palate_1
OTU_97.44484,Palatine_Tonsils
OTU_97.44484,Left_Retroauricular_crease_1
OTU_97.44484,Tongue_dorsum_1
OTU_97.44485,Buccal_mucosa
OTU_97.44485,Saliva
OTU_97.44485,Palatine_Tonsils_1
OTU_97.44485,Anterior_nares
OTU_97.44486,Hard_palate
OTU_97.44487,Subgingival_plaque
OTU_97.44487,Buccal_mucosa_1
OTU_97.44490,Stool
OTU_97.44490,Attached_Keratinized_gingiva
OTU_97.44490,Tongue_dorsum_1
OTU_97.44492,Stool
OTU_97.44492,Throat
OTU_97.44492,Anterior_nares
OTU_97.44493,Saliva
OTU_97.44493,Hard_palate
OTU_97.44493,Stool_1
OTU_97.44494,Attached_Keratinized_gingiva_1
OTU_97.44494,Hard_palate
OTU_97.44494,Tongue_dorsum_1
OTU_97.44495,Right_Retroauricular_crease_1
OTU_97.44495,Stool_1
OTU_97.44496,Right_Retroauricular_crease_1
OTU_97.44496,Supragingival_plaque
OTU_97.44499,Saliva
OTU_97.44499,Attached_Keratinized_gingiva_1
OTU_97.445,Supragingival_plaque_1
OTU_97.445,Hard_palate_1
OTU_97.44501,Right_Retroauricular_crease_1
OTU_97.44501,Throat_1
OTU_97.44502,Right_Retroauricular_crease_1
OTU_97.44502,Supragingival_plaque_1
OTU_97.44502,Stool_1
OTU_97.44502,Subgingival_plaque_1
OTU_97.44507,Supragingival_plaque
OTU_97.44507,Throat
OTU_97.44507,Anterior_nares_1
OTU_97.44508,Subgingival_plaque_1
OTU_97.44512,Tongue_dorsum
OTU_97.44512,Anterior_nares_1
OTU_97.44514,Saliva
OTU_97.44514,Hard_palate
OTU_97.44514,Palatine_Tonsils_1
OTU_97.44514,Tongue_dorsum_1
OTU_97.44521,Right_Antecubital_fossa
OTU_97.44521,Subgingival_plaque_1
OTU_97.44521,Tongue_dorsum_1
OTU_97.44521,Throat_1
OTU_97.44522,Right_Antecubital_fossa
OTU_97.44522,Stool_1
OTU_97.44523,Supragingival_plaque
OTU_97.44523,Right_Antecubital_fossa_1
OTU_97.44525,Hard_palate_1
OTU_97.44525,Saliva_1
OTU_97.44526,Right_Antecubital_fossa
OTU_97.44526,Stool
OTU_97.44526,Throat
OTU_97.44526,Throat_1
OTU_97.44532,Right_Retroauricular_crease_1
OTU_97.44532,Subgingival_plaque
OTU_97.44532,Stool
OTU_97.44532,Left_Retroauricular_crease_1
OTU_97.44537,Right_Retroauricular_crease
OTU_97.44537,Buccal_mucosa_1
OTU_97.44539,Subgingival_plaque
OTU_97.44539,Stool_1
OTU_97.44539,Attached_Keratinized_gingiva
OTU_97.44539,Tongue_dorsum_1
OTU_97.4454,Right_Retroauricular_crease
OTU_97.4454,Saliva_1
OTU_97.4454,Anterior_nares
OTU_97.44541,Buccal_mucosa
OTU_97.44541,Anterior_nares_1
OTU_97.44543,Right_Retroauricular_crease
OTU_97.44543,Tongue_dorsum_1
OTU_97.44545,Tongue_dorsum
OTU_97.4455,Left_Retroauricular_crease
OTU_97.4455,Hard_palate_1
OTU_97.4455,Palatine_Tonsils_1
OTU_97.44550,Right_Antecubital_fossa
OTU_97.44550,Saliva_1
OTU_97.44550,Attached_Keratinized_gingiva
OTU_97.44550,Left_Retroauricular_crease_1
OTU_97.44550,Anterior_nares_1
OTU_97.44554,Right_Retroauricular_crease_1
OTU_97.44554,Saliva
OTU_97.44554,Palatine_Tonsils_1
OTU_97.44555,Buccal_mucosa_1
OTU_97.44556,Supragingival_plaque
OTU_97.44556,Saliva
OTU_97.44556,Throat
OTU_97.44556,Tongue_dorsum_1
OTU_97.44559,Right_Retroauricular_crease_1
OTU_97.44559,Hard_palate_1
OTU_97.44559,Left_Retroauricular_crease_1
OTU_97.44559,Anterior_nares
OTU_97.4456,Subgingival_plaque
OTU_97.4456,Stool_1
OTU_97.4456,Left_Antecubital_fossa
OTU_97.44564,Subgingival_plaque
OTU_97.44564,Left_Retroauricular_crease
OTU_97.44564,Hard_palate_1
OTU_97.44564,Stool_1
OTU_97.44564,Throat
OTU_97.44565,Supragingival_plaque
OTU_97.44565,Saliva
OTU_97.44565,Attached_Keratinized_gingiva
OTU_97.44565,Anterior_nares
OTU_97.44566,Palatine_Tonsils_1
OTU_97.44574,Stool
OTU_97.44574,Stool_1
OTU_97.44581,Right_Retroauricular_crease
OTU_97.44585,Supragingival_plaque
OTU_97.44585,Stool_1
OTU_97.44585,Tongue_dorsum_1
OTU_97.44590,Right_Retroauricular_crease_1
OTU_97.44590,Right_Retroauricular_crease
OTU_97.44591,Tongue_dorsum
OTU_97.44592,Attached_Keratinized_gingiva_1
OTU_97.44592,Palatine_Tonsils
OTU_97.44594,Hard_palate_1
OTU_97.44594,Subgingival_plaque_1
OTU_97.44594,Throat_1
OTU_97.44595,Supragingival_plaque_1
OTU_97.44595,Stool_1
OTU_97.44597,Palatine_Tonsils
OTU_97.446,Hard_palate_1
OTU_97.44601,Tongue_dorsum
OTU_97.44601,Palatine_Tonsils
OTU_97.44601,Right_Antecubital_fossa_1
OTU_97.44602,Saliva
OTU_97.44602,Anterior_nares_1
OTU_97.44604,Right_Antecubital_fossa
OTU_97.44604,Left_Retroauricular_crease
OTU_97.44604,Palatine_Tonsils_1
OTU_97.44605,Left_Antecubital_fossa_1
OTU_97.44605,Right_Retroauricular_crease
OTU_97.44605,Buccal_mucosa_1
OTU_97.44605,Palatine_Tonsils
OTU_97.4461,Attached_Keratinized_gingiva
OTU_97.4461,Left_Antecubital_fossa
OTU_97.4461,Throat_1
OTU_97.44616,Hard_palate_1
OTU_97.44616,Throat
OTU_97.44620,Right_Retroauricular_crease
OTU_97.44620,Left_Retroauricular_crease
OTU_97.44620,Attached_Keratinized_gingiva_1
OTU_97.44620,Tongue_dorsum_1
OTU_97.44622,Left_Antecubital_fossa_1
OTU_97.44622,Left_Retroauricular_crease_1
OTU_97.44625,Hard_palate
OTU_97.44625,Throat_1
OTU_97.44626,Tongue_dorsum
OTU_97.44626,Buccal_mucosa
OTU_97.44626,Right_Retroauricular_crease
OTU_97.44626,Saliva_1
OTU_97.44626,Palatine_Tonsils_1
OTU_97.44626,Anterior_nares
OTU_97.44627,Right_Retroauricular_crease_1
OTU_97.44627,Supragingival_plaque_1
OTU_97.44627,Left_Antecubital_fossa_1
OTU_97.44627,Anterior_nares_1
OTU_97.44628,Anterior_nares_1
OTU_97.44629,Buccal_mucosa
OTU_97.44629,Saliva
OTU_97.44629,Hard_palate
OTU_97.4463,Supragingival_plaque
OTU_97.4463,Left_Antecubital_fossa_1
OTU_97.4463,Saliva_1
OTU_97.44630,Left_Antecubital_fossa
OTU_97.44631,Right_Retroauricular_crease_1
OTU_97.44631,Supragingival_plaque
OTU_97.44631,Buccal_mucosa_1
OTU_97.44631,Left_Retroauricular_crease_1
OTU_97.44637,Throat
OTU_97.44637,Left_Antecubital_fossa
OTU_97.44638,Left_Retroauricular_crease_1
OTU_97.44644,Subgingival_plaque
OTU_97.44644,Left_Retroauricular_crease_1
OTU_97.44644,Anterior_nares
OTU_97.44645,Right_Retroauricular_crease
OTU_97.44645,Tongue_dorsum_1
OTU_97.44645,Throat_1
OTU_97.44649,Saliva
OTU_97.44649,Right_Antecubital_fossa
OTU_97.44649,Stool
OTU_97.44649,Palatine_Tonsils
OTU_97.44650,Buccal_mucosa
OTU_97.44650,Attached_Keratinized_gingiva_1
OTU_97.44656,Saliva_1
OTU_97.44656,Palatine_Tonsils
OTU_97.44656,Palatine_Tonsils_1
OTU_97.44656,Left_Antecubital_fossa
OTU_97.44657,Tongue_dorsum
OTU_97.44657,Left_Retroauricular_crease_1
OTU_97.44658,Buccal_mucosa
OTU_97.44658,Left_Antecubital_fossa
OTU_97.44658,Throat_1
OTU_97.44660,Left_Retroauricular_crease_1
OTU_97.44660,Tongue_dorsum_1
OTU_97.44663,Saliva_1
OTU_97.44663,Anterior_nares_1
OTU_97.44665,Saliva
OTU_97.44665,Left_Antecubital_fossa_1
OTU_97.44665,Left_Retroauricular_crease
OTU_97.44665,Anterior_nares_1
OTU_97.44669,Buccal_mucosa_1
OTU_97.44669,Stool
OTU_97.44669,Attached_Keratinized_gingiva
OTU_97.44671,Subgingival_plaque
OTU_97.44671,Saliva_1
OTU_97.44671,Throat
OTU_97.44671,Attached_Keratinized_gingiva
OTU_97.44672,Supragingival_plaque_1
OTU_97.44672,Stool_1
OTU_97.44672,Subgingival_plaque_1
OTU_97.44672,Attached_Keratinized_gingiva
OTU_97.44676,Tongue_dorsum
OTU_97.44676,Buccal_mucosa
OTU_97.44678,Right_Antecubital_fossa
OTU_97.44678,Stool
OTU_97.44678,Subgingival_plaque_1
OTU_97.44678,Right_Antecubital_fossa_1
OTU_97.44684,Right_Retroauricular_crease
OTU_97.44684,Hard_palate
OTU_97.44684,Throat
OTU_97.44686,Right_Retroauricular_crease_1
OTU_97.44686,Right_Antecubital_fossa
OTU_97.44687,Hard_palate_1
OTU_97.44687,Subgingival_plaque_1
OTU_97.44687,Saliva_1
OTU_97.4469,Right_Retroauricular_crease_1
OTU_97.4469,Left_Antecubital_fossa_1
OTU_97.4469,Palatine_Tonsils
OTU_97.4469,Anterior_nares
OTU_97.44692,Palatine_Tonsils_1
OTU_97.44692,Left_Antecubital_fossa
OTU_97.44692,Right_Antecubital_fossa_1
OTU_97.44693,Saliva
OTU_97.44693,Right_Antecubital_fossa
OTU_97.44693,Buccal_mucosa_1
OTU_97.44693,Tongue_dorsum_1
OTU_97.44694,Supragingival_plaque_1
OTU_97.44694,Right_Antecubital_fossa
OTU_97.44694,Hard_palate_1
OTU_97.44694,Left_Antecubital_fossa
OTU_97.44699,Saliva_1
OTU_97.44699,Throat
OTU_97.44704,Buccal_mucosa
OTU_97.44712,Supragingival_plaque_1
OTU_97.44712,Right_Antecubital_fossa
OTU_97.44712,Stool_1
OTU_97.44712,Anterior_nares_1
OTU_97.44713,Stool
OTU_97.44713,Subgingival_plaque_1
OTU_97.44713,Left_Antecubital_fossa
OTU_97.44713,Tongue_dorsum_1
OTU_97.44718,Right_Antecubital_fossa_1
OTU_97.4472,Left_Retroauricular_crease
OTU_97.4472,Hard_palate
OTU_97.4472,Anterior_nares
OTU_97.4472,Left_Antecubital_fossa
OTU_97.4472,Right_Antecubital_fossa_1
OTU_97.44722,Right_Retroauricular_crease_1
OTU_97.44722,Subgingival_plaque
OTU_97.44722,Tongue_dorsum_1
OTU_97.44723,Left_Retroauricular_crease
OTU_97.44723,Hard_palate_1
OTU_97.44726,Right_Retroauricular_crease
OTU_97.44726,Left_Antecubital_fossa
OTU_97.44729,Right_Retroauricular_crease
OTU_97.44729,Stool
OTU_97.44729,Palatine_Tonsils
OTU_97.44736,Tongue_dorsum
OTU_97.44736,Supragingival_plaque_1
OTU_97.44736,Stool
OTU_97.44736,Left_Retroauricular_crease_1
OTU_97.44744,Supragingival_plaque
OTU_97.44744,Hard_palate_1
OTU_97.44746,Throat
OTU_97.44746,Throat_1
OTU_97.44748,Right_Retroauricular_crease
OTU_97.44748,Left_Retroauricular_crease_1
OTU_97.44752,Supragingival_plaque_1
OTU_97.44752,Left_Retroauricular_crease
OTU_97.44752,Attached_Keratinized_gingiva
OTU_97.44752,Tongue_dorsum_1
OTU_97.44752,Anterior_nares_1
OTU_97.44753,Saliva_1
OTU_97.44753,Left_Antecubital_fossa
OTU_97.44753,Anterior_nares_1
OTU_97.44754,Supragingival_plaque_1
OTU_97.44754,Throat
OTU_97.44754,Attached_Keratinized_gingiva
OTU_97.44754,Palatine_Tonsils_1
OTU_97.44754,Left_Retroauricular_crease_1
OTU_97.44765,Left_Retroauricular_crease
OTU_97.44765,Left_Antecubital_fossa
OTU_97.44765,Throat_1
OTU_97.44767,Subgingival_plaque
OTU_97.44767,Hard_palate_1
OTU_97.44768,Supragingival_plaque
OTU_97.44768,Stool_1
OTU_97.44768,Anterior_nares
OTU_97.44769,Saliva_1
OTU_97.44769,Throat_1
OTU_97.44775,Tongue_dorsum
OTU_97.44775,Right_Retroauricular_crease
OTU_97.44775,Stool_1
OTU_97.44775,Palatine_Tonsils
OTU_97.44775,Left_Retroauricular_crease_1
OTU_97.44780,Right_Retroauricular_crease_1
OTU_97.44780,Supragingival_plaque
OTU_97.44780,Anterior_nares_1
OTU_97.44782,Left_Retroauricular_crease_1
OTU_97.44789,Left_Retroauricular_crease
OTU_97.44789,Saliva_1
OTU_97.44792,Supragingival_plaque_1
OTU_97.44792,Right_Retroauricular_crease
OTU_97.44798,Subgingival_plaque
OTU_97.44802,Right_Retroauricular_crease_1
OTU_97.44802,Saliva
OTU_97.44802,Attached_Keratinized_gingiva_1
OTU_97.44816,Supragingival_plaque
OTU_97.44816,Hard_palate_1
OTU_97.44820,Left_Retroauricular_crease
OTU_97.44820,Attached_Keratinized_gingiva_1
OTU_97.44820,Throat
OTU_97.44820,Anterior_nares_1
OTU_97.44821,Right_Retroauricular_crease_1
OTU_97.44821,Supragingival_plaque_1
OTU_97.44821,Attached_Keratinized_gingiva_1
OTU_97.44821,Tongue_dorsum_1
OTU_97.44822,Subgingival_plaque
OTU_97.44826,Stool_1
OTU_97.44826,Left_Retroauricular_crease_1
OTU_97.44833,Right_Antecubital_fossa
OTU_97.44833,Hard_palate_1
OTU_97.44833,Palatine_Tonsils
OTU_97.44836,Tongue_dorsum_1
OTU_97.44836,Right_Antecubital_fossa_1
OTU_97.44838,Right_Retroauricular_crease_1
OTU_97.44838,Hard_palate_1
OTU_97.44838,Saliva_1
OTU_97.44838,Anterior_nares_1
OTU_97.4484,Tongue_dorsum
OTU_97.44840,Buccal_mucosa
OTU_97.44840,Supragingival_plaque
OTU_97.44840,Subgingival_plaque_1
OTU_97.44846,Saliva
OTU_97.44846,Left_Antecubital_fossa_1
OTU_97.44846,Throat_1
OTU_97.44848,Stool_1
OTU_97.44848,Anterior_nares_1
OTU_97.44850,Saliva_1
OTU_97.44850,Anterior_nares
OTU_97.44851,Tongue_dorsum
OTU_97.44851,Hard_palate
OTU_97.44851,Stool_1
OTU_97.44851,Anterior_nares_1
OTU_97.44853,Right_Retroauricular_crease
OTU_97.44854,Subgingival_plaque
OTU_97.44854,Hard_palate
OTU_97.44854,Throat_1
OTU_97.44856,Throat_1
OTU_97.44856,Anterior_nares_1
OTU_97.44864,Palatine_Tonsils
OTU_97.44867,Left_Antecubital_fossa_1
OTU_97.44867,Tongue_dorsum_1
OTU_97.4487,Stool_1
OTU_97.4487,Palatine_Tonsils_1
OTU_97.44874,Right_Retroauricular_crease
OTU_97.44874,Saliva_1
OTU_97.44874,Left_Retroauricular_crease_1
OTU_97.44878,Supragingival_plaque
OTU_97.44878,Saliva
OTU_97.44878,Left_Retroauricular_crease_1
OTU_97.44879,Attached_Keratinized_gingiva_1
OTU_97.44879,Saliva_1
OTU_97.44881,Palatine_Tonsils_1
OTU_97.44881,Anterior_nares_1
OTU_97.44882,Left_Antecubital_fossa_1
OTU_97.44882,Hard_palate_1
OTU_97.44882,Stool
OTU_97.44882,Palatine_Tonsils_1
OTU_97.44882,Anterior_nares_1
OTU_97.44883,Left_Antecubital_fossa_1
OTU_97.44883,Saliva_1
OTU_97.44883,Tongue_dorsum_1
OTU_97.44885,Subgingival_plaque
OTU_97.44885,Left_Antecubital_fossa_1
OTU_97.44886,Attached_Keratinized_gingiva_1
OTU_97.44891,Buccal_mucosa
OTU_97.44891,Stool_1
OTU_97.44891,Throat_1
OTU_97.44892,Buccal_mucosa
OTU_97.44892,Hard_palate
OTU_97.44898,Right_Retroauricular_crease_1
OTU_97.44898,Buccal_mucosa
OTU_97.44898,Attached_Keratinized_gingiva_1
OTU_97.44900,Supragingival_plaque
OTU_97.44900,Anterior_nares
OTU_97.44904,Tongue_dorsum
OTU_97.44904,Right_Retroauricular_crease_1
OTU_97.44905,Right_Retroauricular_crease_1
OTU_97.44905,Left_Antecubital_fossa_1
OTU_97.44910,Supragingival_plaque_1
OTU_97.44910,Hard_palate
OTU_97.44910,Subgingival_plaque_1
OTU_97.44910,Palatine_Tonsils_1
OTU_97.44913,Supragingival_plaque
OTU_97.44919,Right_Retroauricular_crease_1
OTU_97.44919,Left_Antecubital_fossa
OTU_97.44920,Hard_palate_1
OTU_97.44920,Buccal_mucosa_1
OTU_97.44920,Anterior_nares
OTU_97.44922,Palatine_Tonsils
OTU_97.44922,Attached_Keratinized_gingiva
OTU_97.44922,Left_Antecubital_fossa
OTU_97.44923,Tongue_dorsum
OTU_97.44923,Subgingival_plaque_1
OTU_97.44929,Supragingival_plaque
OTU_97.44929,Right_Antecubital_fossa
OTU_97.44929,Left_Retroauricular_crease
OTU_97.44929,Hard_palate_1
OTU_97.44929,Left_Retroauricular_crease_1
OTU_97.44933,Supragingival_plaque
OTU_97.44933,Hard_palate
OTU_97.44935,Throat_1
OTU_97.44937,Subgingival_plaque
OTU_97.44937,Saliva
OTU_97.4494,Supragingival_plaque_1
OTU_97.4494,Throat_1
OTU_97.44941,Supragingival_plaque_1
OTU_97.44941,Left_Retroauricular_crease
OTU_97.44941,Stool
OTU_97.44942,Buccal_mucosa
OTU_97.44942,Stool_1
OTU_97.44943,Buccal_mucosa
OTU_97.44943,Supragingival_plaque
OTU_97.44944,Tongue_dorsum
OTU_97.44944,Buccal_mucosa_1
OTU_97.44945,Buccal_mucosa
OTU_97.44945,Anterior_nares_1
OTU_97.44946,Supragingival_plaque_1
OTU_97.44946,Left_Antecubital_fossa_1
OTU_97.44946,Left_Retroauricular_crease_1
OTU_97.44946,Right_Antecubital_fossa_1
OTU_97.44949,Left_Retroauricular_crease
OTU_97.44949,Throat
OTU_97.44949,Throat_1
OTU_97.44950,Subgingival_plaque_1
OTU_97.44950,Attached_Keratinized_gingiva
OTU_97.44952,Left_Antecubital_fossa_1
OTU_97.44952,Left_Retroauricular_crease
OTU_97.44952,Left_Retroauricular_crease_1
OTU_97.44953,Throat
OTU_97.44953,Attached_Keratinized_gingiva
OTU_97.44953,Throat_1
OTU_97.44954,Right_Retroauricular_crease
OTU_97.44954,Anterior_nares
OTU_97.44956,Buccal_mucosa
OTU_97.44956,Left_Antecubital_fossa
OTU_97.44957,Hard_palate
OTU_97.44958,Subgingival_plaque
OTU_97.44958,Throat
OTU_97.4496,Tongue_dorsum
OTU_97.4496,Left_Retroauricular_crease
OTU_97.4496,Stool
OTU_97.44960,Saliva
OTU_97.44960,Hard_palate_1
OTU_97.44961,Left_Retroauricular_crease
OTU_97.4497,Hard_palate_1
OTU_97.4497,Palatine_Tonsils
OTU_97.4497,Palatine_Tonsils_1
OTU_97.44970,Right_Retroauricular_crease
OTU_97.44970,Hard_palate_1
OTU_97.44970,Left_Retroauricular_crease_1
OTU_97.44970,Left_Antecubital_fossa
OTU_97.44972,Right_Retroauricular_crease
OTU_97.44972,Throat
OTU_97.44972,Anterior_nares_1
OTU_97.44975,Right_Antecubital_fossa_1
OTU_97.44975,Throat_1
OTU_97.44976,Supragingival_plaque
OTU_97.44976,Palatine_Tonsils
OTU_97.44976,Anterior_nares
OTU_97.44976,Left_Antecubital_fossa
OTU_97.44977,Tongue_dorsum
OTU_97.44977,Right_Retroauricular_crease
OTU_97.44977,Throat_1
OTU_97.44981,Left_Antecubital_fossa_1
OTU_97.44981,Right_Antecubital_fossa
OTU_97.44981,Attached_Keratinized_gingiva
OTU_97.44984,Right_Retroauricular_crease_1
OTU_97.44984,Hard_palate_1
OTU_97.44984,Palatine_Tonsils_1
OTU_97.44987,Supragingival_plaque_1
OTU_97.44987,Buccal_mucosa_1
OTU_97.44987,Throat
OTU_97.44991,Subgingival_plaque
OTU_97.44993,Stool_1
OTU_97.44993,Palatine_Tonsils_1
OTU_97.44994,Right_Retroauricular_crease_1
OTU_97.44994,Hard_palate
OTU_97.44994,Anterior_nares_1
OTU_97.44995,Supragingival_plaque
OTU_97.44995,Left_Retroauricular_crease_1
OTU_97.44995,Tongue_dorsum_1
OTU_97.44996,Left_Retroauricular_crease
OTU_97.44996,Throat_1
OTU_97.44997,Right_Retroauricular_crease_1
OTU_97.44997,Right_Antecubital_fossa
OTU_97.44997,Left_Retroauricular_crease
OTU_97.44997,Attached_Keratinized_gingiva_1
OTU_97.44997,Left_Retroauricular_crease_1
OTU_97.44997,Right_Antecubital_fossa_1
OTU_97.44999,Left_Antecubital_fossa_1
OTU_97.44999,Hard_palate
OTU_97.44999,Palatine_Tonsils
OTU_97.45,Supragingival_plaque_1
OTU_97.45,Throat_1
OTU_97.450,Hard_palate
OTU_97.450,Throat
OTU_97.45001,Supragingival_plaque
OTU_97.45001,Left_Antecubital_fossa_1
OTU_97.45001,Right_Retroauricular_crease
OTU_97.45001,Anterior_nares
OTU_97.45001,Left_Antecubital_fossa
OTU_97.45005,Saliva
OTU_97.45005,Left_Antecubital_fossa
OTU_97.45006,Supragingival_plaque
OTU_97.45006,Saliva
OTU_97.45007,Left_Retroauricular_crease
OTU_97.45007,Hard_palate_1
OTU_97.45008,Hard_palate_1
OTU_97.45008,Throat
OTU_97.45008,Right_Antecubital_fossa_1
OTU_97.45009,Right_Antecubital_fossa_1
OTU_97.45009,Throat_1
OTU_97.45010,Right_Antecubital_fossa_1
OTU_97.45011,Right_Antecubital_fossa
OTU_97.45011,Hard_palate
OTU_97.45011,Left_Antecubital_fossa
OTU_97.45014,Subgingival_plaque_1
OTU_97.45016,Supragingival_plaque
OTU_97.45016,Right_Antecubital_fossa_1
OTU_97.45019,Subgingival_plaque
OTU_97.45019,Saliva
OTU_97.45019,Palatine_Tonsils
OTU_97.45020,Left_Antecubital_fossa_1
OTU_97.45020,Hard_palate_1
OTU_97.45023,Right_Antecubital_fossa_1
OTU_97.45027,Hard_palate_1
OTU_97.45027,Stool
OTU_97.45027,Subgingival_plaque_1
OTU_97.45027,Saliva_1
OTU_97.45027,Palatine_Tonsils_1
OTU_97.45028,Supragingival_plaque
OTU_97.45028,Right_Antecubital_fossa
OTU_97.45028,Palatine_Tonsils_1
OTU_97.45028,Left_Retroauricular_crease_1
OTU_97.45030,Tongue_dorsum
OTU_97.45030,Hard_palate
OTU_97.45030,Buccal_mucosa_1
OTU_97.45032,Left_Antecubital_fossa_1
OTU_97.45032,Stool_1
OTU_97.45032,Right_Antecubital_fossa_1
OTU_97.45033,Left_Retroauricular_crease
OTU_97.45034,Stool_1
OTU_97.45034,Throat
OTU_97.45034,Left_Antecubital_fossa
OTU_97.45035,Left_Antecubital_fossa_1
OTU_97.45036,Subgingival_plaque
OTU_97.45036,Saliva
OTU_97.45036,Left_Retroauricular_crease
OTU_97.45036,Left_Retroauricular_crease_1
OTU_97.45036,Left_Antecubital_fossa
OTU_97.45038,Subgingival_plaque
OTU_97.45038,Supragingival_plaque_1
OTU_97.45038,Right_Antecubital_fossa
OTU_97.45038,Buccal_mucosa_1
OTU_97.45038,Throat
OTU_97.45041,Attached_Keratinized_gingiva_1
OTU_97.45041,Stool
OTU_97.45041,Throat_1
OTU_97.45043,Right_Retroauricular_crease_1
OTU_97.45043,Saliva
OTU_97.45043,Anterior_nares
OTU_97.45044,Left_Antecubital_fossa_1
OTU_97.45044,Hard_palate_1
OTU_97.45044,Anterior_nares_1
OTU_97.45048,Right_Retroauricular_crease_1
OTU_97.45050,Anterior_nares
OTU_97.45050,Right_Antecubital_fossa_1
OTU_97.45052,Buccal_mucosa
OTU_97.45052,Left_Antecubital_fossa_1
OTU_97.45052,Palatine_Tonsils_1
OTU_97.45053,Stool
OTU_97.45053,Subgingival_plaque_1
OTU_97.45054,Stool
OTU_97.45054,Palatine_Tonsils_1
OTU_97.45054,Right_Antecubital_fossa_1
OTU_97.45055,Attached_Keratinized_gingiva
OTU_97.45055,Anterior_nares
OTU_97.45058,Left_Antecubital_fossa
OTU_97.45058,Throat_1
OTU_97.45060,Supragingival_plaque_1
OTU_97.45060,Hard_palate_1
OTU_97.45063,Subgingival_plaque
OTU_97.45063,Attached_Keratinized_gingiva_1
OTU_97.45063,Right_Antecubital_fossa_1
OTU_97.45069,Supragingival_plaque
OTU_97.45069,Hard_palate_1
OTU_97.45069,Subgingival_plaque_1
OTU_97.45079,Right_Antecubital_fossa
OTU_97.45079,Palatine_Tonsils_1
OTU_97.45079,Tongue_dorsum_1
OTU_97.4508,Buccal_mucosa_1
OTU_97.4508,Attached_Keratinized_gingiva
OTU_97.4508,Palatine_Tonsils_1
OTU_97.4508,Throat_1
OTU_97.45081,Hard_palate
OTU_97.45081,Subgingival_plaque_1
OTU_97.45081,Throat
OTU_97.45083,Subgingival_plaque_1
OTU_97.45083,Throat
OTU_97.45083,Attached_Keratinized_gingiva
OTU_97.45083,Right_Antecubital_fossa_1
OTU_97.45085,Left_Antecubital_fossa_1
OTU_97.45085,Palatine_Tonsils
OTU_97.45085,Palatine_Tonsils_1
OTU_97.45085,Tongue_dorsum_1
OTU_97.45086,Tongue_dorsum
OTU_97.45086,Supragingival_plaque
OTU_97.45086,Anterior_nares
OTU_97.45086,Anterior_nares_1
OTU_97.45092,Supragingival_plaque
OTU_97.45092,Right_Antecubital_fossa
OTU_97.45092,Throat_1
OTU_97.45096,Supragingival_plaque
OTU_97.45096,Right_Retroauricular_crease
OTU_97.45099,Stool_1
OTU_97.45099,Throat_1
OTU_97.4510,Tongue_dorsum
OTU_97.4510,Right_Antecubital_fossa
OTU_97.4510,Left_Retroauricular_crease
OTU_97.4510,Hard_palate
OTU_97.45100,Right_Retroauricular_crease_1
OTU_97.45100,Supragingival_plaque_1
OTU_97.45100,Subgingival_plaque_1
OTU_97.45103,Hard_palate_1
OTU_97.45103,Throat
OTU_97.45103,Anterior_nares
OTU_97.45103,Tongue_dorsum_1
OTU_97.45105,Right_Antecubital_fossa_1
OTU_97.45106,Subgingival_plaque
OTU_97.45106,Attached_Keratinized_gingiva_1
OTU_97.45106,Left_Retroauricular_crease_1
OTU_97.45107,Left_Retroauricular_crease
OTU_97.45107,Hard_palate
OTU_97.45108,Hard_palate
OTU_97.45108,Anterior_nares
OTU_97.45108,Right_Antecubital_fossa_1
OTU_97.4511,Saliva
OTU_97.45114,Tongue_dorsum
OTU_97.45114,Supragingival_plaque
OTU_97.45114,Attached_Keratinized_gingiva_1
OTU_97.45115,Stool_1
OTU_97.45115,Palatine_Tonsils
OTU_97.45115,Throat
OTU_97.45115,Right_Antecubital_fossa_1
OTU_97.45117,Right_Retroauricular_crease_1
OTU_97.45117,Left_Antecubital_fossa_1
OTU_97.45117,Stool_1
OTU_97.45118,Right_Retroauricular_crease_1
OTU_97.45120,Left_Retroauricular_crease
OTU_97.45120,Hard_palate
OTU_97.45120,Stool
OTU_97.45120,Stool_1
OTU_97.45120,Left_Retroauricular_crease_1
OTU_97.45122,Attached_Keratinized_gingiva_1
OTU_97.45122,Hard_palate_1
OTU_97.45122,Palatine_Tonsils_1
OTU_97.45122,Right_Antecubital_fossa_1
OTU_97.45126,Subgingival_plaque
OTU_97.45126,Stool_1
OTU_97.45126,Anterior_nares
OTU_97.45127,Right_Retroauricular_crease
OTU_97.45128,Right_Antecubital_fossa
OTU_97.45128,Stool_1
OTU_97.45128,Subgingival_plaque_1
OTU_97.45129,Supragingival_plaque_1
OTU_97.45129,Left_Retroauricular_crease_1
OTU_97.45129,Anterior_nares_1
OTU_97.4513,Supragingival_plaque
OTU_97.4513,Hard_palate
OTU_97.4513,Saliva_1
OTU_97.4513,Throat
OTU_97.4513,Palatine_Tonsils_1
OTU_97.4513,Left_Retroauricular_crease_1
OTU_97.4513,Anterior_nares_1
OTU_97.45132,Tongue_dorsum
OTU_97.45132,Supragingival_plaque
OTU_97.45132,Subgingival_plaque_1
OTU_97.45134,Stool
OTU_97.45135,Hard_palate_1
OTU_97.45135,Saliva_1
OTU_97.45141,Saliva
OTU_97.45141,Subgingival_plaque_1
OTU_97.45141,Right_Antecubital_fossa_1
OTU_97.45141,Anterior_nares_1
OTU_97.45143,Supragingival_plaque_1
OTU_97.45143,Hard_palate
OTU_97.45143,Right_Antecubital_fossa_1
OTU_97.45144,Left_Antecubital_fossa_1
OTU_97.45144,Left_Retroauricular_crease
OTU_97.45144,Stool
OTU_97.45144,Left_Retroauricular_crease_1
OTU_97.45146,Hard_palate
OTU_97.45146,Attached_Keratinized_gingiva
OTU_97.45146,Right_Antecubital_fossa_1
OTU_97.45148,Subgingival_plaque_1
OTU_97.45148,Anterior_nares
OTU_97.45160,Palatine_Tonsils
OTU_97.45160,Tongue_dorsum_1
OTU_97.45160,Throat_1
OTU_97.45161,Buccal_mucosa
OTU_97.45161,Right_Antecubital_fossa
OTU_97.45161,Stool
OTU_97.45161,Stool_1
OTU_97.45166,Tongue_dorsum_1
OTU_97.45167,Hard_palate
OTU_97.45167,Saliva_1
OTU_97.45167,Palatine_Tonsils
OTU_97.45167,Anterior_nares
OTU_97.45167,Left_Antecubital_fossa
OTU_97.45167,Tongue_dorsum_1
OTU_97.45169,Subgingival_plaque
OTU_97.45169,Tongue_dorsum_1
OTU_97.45169,Right_Antecubital_fossa_1
OTU_97.45173,Supragingival_plaque
OTU_97.45173,Stool
OTU_97.45174,Stool
OTU_97.45176,Buccal_mucosa_1
OTU_97.45176,Saliva_1
OTU_97.45180,Tongue_dorsum
OTU_97.45180,Right_Antecubital_fossa
OTU_97.45181,Saliva_1
OTU_97.45181,Palatine_Tonsils
OTU_97.45182,Saliva
OTU_97.45182,Saliva_1
OTU_97.45185,Buccal_mucosa
OTU_97.45185,Stool
OTU_97.45185,Subgingival_plaque_1
OTU_97.45188,Palatine_Tonsils_1
OTU_97.45189,Supragingival_plaque
OTU_97.45189,Attached_Keratinized_gingiva
OTU_97.45189,Palatine_Tonsils_1
OTU_97.45190,Right_Retroauricular_crease_1
OTU_97.45190,Buccal_mucosa_1
OTU_97.45190,Palatine_Tonsils
OTU_97.45190,Attached_Keratinized_gingiva
OTU_97.45192,Tongue_dorsum
OTU_97.45194,Stool
OTU_97.45195,Throat
OTU_97.45195,Left_Retroauricular_crease_1
OTU_97.45196,Saliva
OTU_97.45196,Attached_Keratinized_gingiva
OTU_97.45196,Left_Retroauricular_crease_1
OTU_97.45199,Saliva_1
OTU_97.45199,Anterior_nares_1
OTU_97.45200,Right_Retroauricular_crease_1
OTU_97.45200,Buccal_mucosa
OTU_97.45200,Right_Retroauricular_crease
OTU_97.45200,Subgingival_plaque_1
OTU_97.45200,Throat
OTU_97.45205,Hard_palate_1
OTU_97.45205,Buccal_mucosa_1
OTU_97.45206,Palatine_Tonsils
OTU_97.45209,Supragingival_plaque_1
OTU_97.45209,Left_Antecubital_fossa
OTU_97.4521,Right_Retroauricular_crease_1
OTU_97.4521,Right_Antecubital_fossa
OTU_97.4521,Anterior_nares_1
OTU_97.45210,Left_Antecubital_fossa_1
OTU_97.45210,Buccal_mucosa_1
OTU_97.45210,Stool
OTU_97.45210,Stool_1
OTU_97.45215,Throat
OTU_97.45217,Attached_Keratinized_gingiva
OTU_97.45217,Throat_1
OTU_97.45221,Attached_Keratinized_gingiva
OTU_97.45221,Left_Antecubital_fossa
OTU_97.45223,Throat
OTU_97.45223,Palatine_Tonsils_1
OTU_97.45223,Anterior_nares
OTU_97.45225,Buccal_mucosa
OTU_97.45225,Throat
OTU_97.45228,Stool_1
OTU_97.45230,Subgingival_plaque
OTU_97.45230,Right_Antecubital_fossa
OTU_97.45230,Palatine_Tonsils_1
OTU_97.45232,Left_Antecubital_fossa_1
OTU_97.45232,Left_Antecubital_fossa
OTU_97.45232,Anterior_nares_1
OTU_97.45233,Hard_palate_1
OTU_97.45233,Throat
OTU_97.45233,Left_Retroauricular_crease_1
OTU_97.45233,Tongue_dorsum_1
OTU_97.45235,Subgingival_plaque
OTU_97.45235,Saliva_1
OTU_97.45235,Attached_Keratinized_gingiva
OTU_97.45235,Tongue_dorsum_1
OTU_97.45237,Buccal_mucosa
OTU_97.45237,Hard_palate
OTU_97.45237,Attached_Keratinized_gingiva
OTU_97.4524,Hard_palate
OTU_97.4524,Throat_1
OTU_97.45243,Saliva
OTU_97.45243,Right_Antecubital_fossa_1
OTU_97.45243,Throat_1
OTU_97.45243,Anterior_nares_1
OTU_97.45246,Subgingival_plaque_1
OTU_97.45246,Throat
OTU_97.45250,Tongue_dorsum
OTU_97.45250,Right_Antecubital_fossa
OTU_97.45250,Hard_palate_1
OTU_97.45252,Supragingival_plaque_1
OTU_97.45252,Left_Antecubital_fossa
OTU_97.45253,Subgingival_plaque
OTU_97.45253,Supragingival_plaque_1
OTU_97.45253,Hard_palate
OTU_97.45257,Right_Antecubital_fossa_1
OTU_97.45259,Buccal_mucosa
OTU_97.45259,Anterior_nares_1
OTU_97.45260,Stool
OTU_97.45260,Saliva_1
OTU_97.45261,Subgingival_plaque_1
OTU_97.45261,Anterior_nares_1
OTU_97.45264,Hard_palate
OTU_97.45264,Stool
OTU_97.45266,Supragingival_plaque
OTU_97.45266,Throat
OTU_97.45266,Palatine_Tonsils_1
OTU_97.45267,Left_Antecubital_fossa
OTU_97.45267,Throat_1
OTU_97.45267,Anterior_nares_1
OTU_97.4527,Subgingival_plaque
OTU_97.4527,Hard_palate
OTU_97.45274,Supragingival_plaque_1
OTU_97.45274,Stool
OTU_97.45276,Saliva
OTU_97.45276,Stool
OTU_97.45276,Tongue_dorsum_1
OTU_97.45276,Anterior_nares_1
OTU_97.45277,Subgingival_plaque
OTU_97.45277,Supragingival_plaque_1
OTU_97.45277,Saliva
OTU_97.45277,Attached_Keratinized_gingiva
OTU_97.45279,Subgingival_plaque
OTU_97.45279,Left_Retroauricular_crease
OTU_97.45279,Attached_Keratinized_gingiva_1
OTU_97.45279,Hard_palate_1
OTU_97.45279,Buccal_mucosa_1
OTU_97.45279,Stool_1
OTU_97.45281,Right_Retroauricular_crease_1
OTU_97.45281,Right_Antecubital_fossa
OTU_97.45281,Throat
OTU_97.45281,Palatine_Tonsils_1
OTU_97.45284,Throat
OTU_97.45284,Tongue_dorsum_1
OTU_97.45285,Supragingival_plaque_1
OTU_97.45285,Buccal_mucosa_1
OTU_97.45285,Left_Antecubital_fossa
OTU_97.45289,Buccal_mucosa_1
OTU_97.45289,Attached_Keratinized_gingiva
OTU_97.45289,Throat_1
OTU_97.45289,Anterior_nares_1
OTU_97.45290,Palatine_Tonsils
OTU_97.45290,Left_Retroauricular_crease_1
OTU_97.45292,Buccal_mucosa
OTU_97.45292,Attached_Keratinized_gingiva
OTU_97.45293,Subgingival_plaque
OTU_97.45293,Buccal_mucosa_1
OTU_97.45293,Tongue_dorsum_1
OTU_97.45294,Tongue_dorsum
OTU_97.45294,Right_Retroauricular_crease
OTU_97.45294,Hard_palate
OTU_97.45295,Tongue_dorsum
OTU_97.45295,Saliva
OTU_97.45297,Tongue_dorsum
OTU_97.45297,Attached_Keratinized_gingiva_1
OTU_97.45297,Hard_palate
OTU_97.45297,Palatine_Tonsils_1
OTU_97.45297,Anterior_nares
OTU_97.45298,Tongue_dorsum
OTU_97.45298,Palatine_Tonsils_1
OTU_97.45300,Tongue_dorsum
OTU_97.45300,Supragingival_plaque_1
OTU_97.45300,Throat_1
OTU_97.45301,Saliva_1
OTU_97.45301,Palatine_Tonsils
OTU_97.45301,Left_Antecubital_fossa
OTU_97.45304,Left_Antecubital_fossa_1
OTU_97.45304,Left_Retroauricular_crease
OTU_97.45304,Hard_palate_1
OTU_97.45307,Supragingival_plaque_1
OTU_97.45309,Right_Retroauricular_crease
OTU_97.45309,Subgingival_plaque_1
OTU_97.45310,Left_Retroauricular_crease
OTU_97.45310,Saliva_1
OTU_97.45311,Right_Retroauricular_crease_1
OTU_97.45314,Tongue_dorsum
OTU_97.45314,Supragingival_plaque_1
OTU_97.45314,Attached_Keratinized_gingiva_1
OTU_97.45314,Subgingival_plaque_1
OTU_97.45314,Palatine_Tonsils_1
OTU_97.45314,Left_Retroauricular_crease_1
OTU_97.45317,Buccal_mucosa
OTU_97.45317,Left_Retroauricular_crease
OTU_97.45317,Hard_palate_1
OTU_97.45317,Right_Antecubital_fossa_1
OTU_97.45320,Supragingival_plaque_1
OTU_97.45320,Buccal_mucosa
OTU_97.45320,Buccal_mucosa_1
OTU_97.45320,Subgingival_plaque_1
OTU_97.45321,Supragingival_plaque
OTU_97.45321,Stool_1
OTU_97.45321,Subgingival_plaque_1
OTU_97.45322,Left_Antecubital_fossa_1
OTU_97.45324,Saliva
OTU_97.45324,Left_Antecubital_fossa_1
OTU_97.45324,Subgingival_plaque_1
OTU_97.45326,Right_Antecubital_fossa
OTU_97.45326,Hard_palate_1
OTU_97.45326,Attached_Keratinized_gingiva
OTU_97.45328,Right_Antecubital_fossa
OTU_97.4533,Tongue_dorsum_1
OTU_97.4533,Throat_1
OTU_97.45331,Left_Retroauricular_crease
OTU_97.45331,Hard_palate_1
OTU_97.45331,Stool
OTU_97.45331,Left_Retroauricular_crease_1
OTU_97.45334,Supragingival_plaque
OTU_97.45334,Hard_palate_1
OTU_97.45334,Palatine_Tonsils_1
OTU_97.45334,Right_Antecubital_fossa_1
OTU_97.45335,Right_Retroauricular_crease_1
OTU_97.45335,Hard_palate
OTU_97.45337,Subgingival_plaque_1
OTU_97.45337,Attached_Keratinized_gingiva
OTU_97.45338,Left_Antecubital_fossa_1
OTU_97.45338,Stool_1
OTU_97.45340,Tongue_dorsum
OTU_97.45340,Subgingival_plaque_1
OTU_97.45340,Anterior_nares_1
OTU_97.45341,Right_Retroauricular_crease_1
OTU_97.45341,Left_Antecubital_fossa_1
OTU_97.45341,Left_Retroauricular_crease
OTU_97.45341,Throat_1
OTU_97.45342,Attached_Keratinized_gingiva_1
OTU_97.45342,Subgingival_plaque_1
OTU_97.45342,Throat
OTU_97.45344,Stool
OTU_97.45344,Left_Antecubital_fossa
OTU_97.45345,Right_Retroauricular_crease_1
OTU_97.45345,Saliva
OTU_97.45345,Left_Retroauricular_crease
OTU_97.45345,Right_Antecubital_fossa_1
OTU_97.45346,Supragingival_plaque_1
OTU_97.45346,Palatine_Tonsils_1
OTU_97.45350,Supragingival_plaque_1
OTU_97.45350,Saliva
OTU_97.45350,Buccal_mucosa_1
OTU_97.45350,Attached_Keratinized_gingiva
OTU_97.45351,Buccal_mucosa
OTU_97.45351,Saliva
OTU_97.45351,Palatine_Tonsils
OTU_97.45351,Anterior_nares_1
OTU_97.45352,Tongue_dorsum
OTU_97.45352,Left_Retroauricular_crease
OTU_97.45352,Stool
OTU_97.45353,Supragingival_plaque_1
OTU_97.45353,Saliva_1
OTU_97.45353,Left_Antecubital_fossa
OTU_97.45355,Supragingival_plaque_1
OTU_97.45355,Left_Retroauricular_crease
OTU_97.45358,Right_Antecubital_fossa
OTU_97.45358,Left_Retroauricular_crease_1
OTU_97.45358,Tongue_dorsum_1
OTU_97.45359,Supragingival_plaque
OTU_97.45359,Left_Retroauricular_crease_1
OTU_97.45359,Left_Antecubital_fossa
OTU_97.45362,Right_Antecubital_fossa
OTU_97.45362,Anterior_nares
OTU_97.45363,Left_Antecubital_fossa_1
OTU_97.45363,Saliva_1
OTU_97.45363,Left_Retroauricular_crease_1
OTU_97.45365,Attached_Keratinized_gingiva_1
OTU_97.45365,Hard_palate_1
OTU_97.45366,Left_Retroauricular_crease
OTU_97.45366,Palatine_Tonsils
OTU_97.45367,Tongue_dorsum
OTU_97.45367,Anterior_nares
OTU_97.45368,Buccal_mucosa_1
OTU_97.45368,Attached_Keratinized_gingiva
OTU_97.45368,Left_Retroauricular_crease_1
OTU_97.45369,Tongue_dorsum
OTU_97.45369,Stool_1
OTU_97.45369,Anterior_nares
OTU_97.45371,Throat
OTU_97.45371,Throat_1
OTU_97.45371,Anterior_nares_1
OTU_97.45372,Right_Antecubital_fossa
OTU_97.45372,Right_Antecubital_fossa_1
OTU_97.45373,Supragingival_plaque
OTU_97.45373,Saliva_1
OTU_97.45373,Palatine_Tonsils_1
OTU_97.45376,Saliva_1
OTU_97.45376,Anterior_nares
OTU_97.45376,Tongue_dorsum_1
OTU_97.45379,Left_Retroauricular_crease
OTU_97.45379,Left_Antecubital_fossa
OTU_97.45379,Right_Antecubital_fossa_1
OTU_97.45382,Right_Antecubital_fossa
OTU_97.45382,Stool
OTU_97.45382,Left_Retroauricular_crease_1
OTU_97.45386,Tongue_dorsum
OTU_97.45386,Right_Retroauricular_crease_1
OTU_97.45386,Throat
OTU_97.45392,Supragingival_plaque_1
OTU_97.45392,Throat_1
OTU_97.45393,Right_Retroauricular_crease_1
OTU_97.45393,Hard_palate_1
OTU_97.45396,Saliva
OTU_97.45396,Buccal_mucosa_1
OTU_97.45396,Left_Retroauricular_crease_1
OTU_97.45396,Anterior_nares
OTU_97.45398,Tongue_dorsum
OTU_97.45398,Supragingival_plaque_1
OTU_97.45398,Saliva_1
OTU_97.45398,Anterior_nares
OTU_97.4540,Supragingival_plaque_1
OTU_97.4540,Attached_Keratinized_gingiva
OTU_97.4540,Throat_1
OTU_97.45403,Left_Retroauricular_crease
OTU_97.45403,Hard_palate_1
OTU_97.45404,Saliva_1
OTU_97.45407,Hard_palate_1
OTU_97.45407,Anterior_nares_1
OTU_97.45408,Right_Retroauricular_crease
OTU_97.45408,Left_Retroauricular_crease
OTU_97.45408,Stool_1
OTU_97.45408,Saliva_1
OTU_97.45408,Palatine_Tonsils_1
OTU_97.45408,Left_Retroauricular_crease_1
OTU_97.4541,Tongue_dorsum
OTU_97.4541,Supragingival_plaque_1
OTU_97.4541,Buccal_mucosa
OTU_97.4541,Buccal_mucosa_1
OTU_97.4541,Right_Antecubital_fossa_1
OTU_97.45412,Saliva
OTU_97.45412,Left_Antecubital_fossa_1
OTU_97.45412,Buccal_mucosa_1
OTU_97.45412,Stool_1
OTU_97.45412,Left_Retroauricular_crease_1
OTU_97.45412,Tongue_dorsum_1
OTU_97.45414,Attached_Keratinized_gingiva_1
OTU_97.45415,Supragingival_plaque_1
OTU_97.45415,Supragingival_plaque
OTU_97.45415,Subgingival_plaque_1
OTU_97.45417,Attached_Keratinized_gingiva_1
OTU_97.45417,Right_Antecubital_fossa_1
OTU_97.45423,Supragingival_plaque_1
OTU_97.45423,Anterior_nares_1
OTU_97.45425,Supragingival_plaque_1
OTU_97.45425,Subgingival_plaque_1
OTU_97.45425,Palatine_Tonsils
OTU_97.45425,Palatine_Tonsils_1
OTU_97.45428,Hard_palate
OTU_97.45428,Anterior_nares
OTU_97.45429,Buccal_mucosa
OTU_97.45429,Left_Retroauricular_crease
OTU_97.45429,Stool_1
OTU_97.45429,Throat_1
OTU_97.45429,Anterior_nares_1
OTU_97.45430,Right_Antecubital_fossa
OTU_97.45430,Anterior_nares_1
OTU_97.45433,Saliva
OTU_97.45439,Left_Retroauricular_crease
OTU_97.45439,Stool_1
OTU_97.45441,Right_Antecubital_fossa
OTU_97.45441,Anterior_nares_1
OTU_97.45443,Attached_Keratinized_gingiva_1
OTU_97.45443,Stool_1
OTU_97.45443,Palatine_Tonsils
OTU_97.45443,Tongue_dorsum_1
OTU_97.45444,Attached_Keratinized_gingiva
OTU_97.45445,Attached_Keratinized_gingiva_1
OTU_97.45445,Right_Antecubital_fossa_1
OTU_97.45446,Supragingival_plaque_1
OTU_97.45446,Subgingival_plaque_1
OTU_97.45446,Attached_Keratinized_gingiva
OTU_97.45455,Attached_Keratinized_gingiva_1
OTU_97.455,Buccal_mucosa_1
OTU_97.455,Right_Antecubital_fossa_1
OTU_97.4558,Right_Retroauricular_crease
OTU_97.4558,Buccal_mucosa_1
OTU_97.4558,Attached_Keratinized_gingiva
OTU_97.4568,Supragingival_plaque
OTU_97.4568,Left_Retroauricular_crease_1
OTU_97.4569,Supragingival_plaque
OTU_97.4570,Supragingival_plaque
OTU_97.4570,Attached_Keratinized_gingiva
OTU_97.4572,Supragingival_plaque
OTU_97.4572,Saliva
OTU_97.4572,Right_Antecubital_fossa
OTU_97.4572,Stool
OTU_97.4572,Palatine_Tonsils
OTU_97.4572,Attached_Keratinized_gingiva
OTU_97.4573,Right_Retroauricular_crease_1
OTU_97.4573,Attached_Keratinized_gingiva_1
OTU_97.4573,Saliva_1
OTU_97.4573,Anterior_nares_1
OTU_97.4574,Hard_palate
OTU_97.4574,Saliva_1
OTU_97.4574,Right_Antecubital_fossa_1
OTU_97.4575,Throat
OTU_97.4575,Anterior_nares_1
OTU_97.458,Saliva
OTU_97.458,Tongue_dorsum_1
OTU_97.4582,Supragingival_plaque_1
OTU_97.4582,Hard_palate
OTU_97.4582,Buccal_mucosa_1
OTU_97.4592,Right_Retroauricular_crease_1
OTU_97.4592,Hard_palate_1
OTU_97.4592,Buccal_mucosa_1
OTU_97.4592,Anterior_nares_1
OTU_97.4593,Right_Antecubital_fossa
OTU_97.4593,Stool_1
OTU_97.4593,Anterior_nares_1
OTU_97.4594,Supragingival_plaque_1
OTU_97.4594,Palatine_Tonsils
OTU_97.4594,Throat
OTU_97.4594,Tongue_dorsum_1
OTU_97.4595,Tongue_dorsum
OTU_97.4595,Attached_Keratinized_gingiva
OTU_97.46,Hard_palate
OTU_97.46,Buccal_mucosa_1
OTU_97.46,Stool
OTU_97.46,Left_Retroauricular_crease_1
OTU_97.4601,Saliva
OTU_97.4601,Right_Retroauricular_crease
OTU_97.4601,Hard_palate_1
OTU_97.4601,Palatine_Tonsils
OTU_97.4604,Left_Retroauricular_crease
OTU_97.4605,Hard_palate
OTU_97.4605,Buccal_mucosa_1
OTU_97.4605,Subgingival_plaque_1
OTU_97.4607,Saliva
OTU_97.4607,Attached_Keratinized_gingiva
OTU_97.461,Buccal_mucosa
OTU_97.461,Stool_1
OTU_97.4615,Subgingival_plaque
OTU_97.4615,Palatine_Tonsils_1
OTU_97.4616,Right_Antecubital_fossa
OTU_97.4617,Throat
OTU_97.4617,Attached_Keratinized_gingiva
OTU_97.4617,Tongue_dorsum_1
OTU_97.4617,Anterior_nares_1
OTU_97.462,Subgingival_plaque
OTU_97.462,Attached_Keratinized_gingiva
OTU_97.4624,Tongue_dorsum
OTU_97.4624,Saliva
OTU_97.4626,Tongue_dorsum
OTU_97.4626,Right_Antecubital_fossa
OTU_97.4626,Attached_Keratinized_gingiva_1
OTU_97.4629,Saliva
OTU_97.4629,Left_Antecubital_fossa_1
OTU_97.4629,Hard_palate_1
OTU_97.463,Tongue_dorsum
OTU_97.463,Right_Retroauricular_crease_1
OTU_97.463,Hard_palate_1
OTU_97.463,Left_Retroauricular_crease_1
OTU_97.4630,Right_Retroauricular_crease_1
OTU_97.4630,Supragingival_plaque_1
OTU_97.4630,Stool
OTU_97.4632,Supragingival_plaque_1
OTU_97.4632,Tongue_dorsum_1
OTU_97.4633,Buccal_mucosa
OTU_97.4633,Buccal_mucosa_1
OTU_97.4633,Saliva_1
OTU_97.4634,Right_Retroauricular_crease_1
OTU_97.4634,Right_Retroauricular_crease
OTU_97.4634,Left_Retroauricular_crease
OTU_97.4634,Attached_Keratinized_gingiva
OTU_97.4635,Saliva_1
OTU_97.4635,Anterior_nares
OTU_97.4635,Throat_1
OTU_97.4639,Right_Retroauricular_crease
OTU_97.4639,Palatine_Tonsils
OTU_97.4642,Tongue_dorsum
OTU_97.4642,Saliva
OTU_97.4644,Left_Antecubital_fossa_1
OTU_97.4644,Left_Retroauricular_crease_1
OTU_97.4647,Supragingival_plaque
OTU_97.4647,Hard_palate_1
OTU_97.4647,Stool
OTU_97.4647,Anterior_nares_1
OTU_97.4650,Subgingival_plaque
OTU_97.4650,Supragingival_plaque_1
OTU_97.4653,Stool
OTU_97.4653,Throat
OTU_97.4653,Left_Antecubital_fossa
OTU_97.4653,Tongue_dorsum_1
OTU_97.4655,Right_Antecubital_fossa
OTU_97.4655,Left_Antecubital_fossa
OTU_97.4661,Left_Retroauricular_crease_1
OTU_97.4662,Left_Antecubital_fossa
OTU_97.4662,Right_Antecubital_fossa_1
OTU_97.4663,Supragingival_plaque
OTU_97.4663,Right_Antecubital_fossa
OTU_97.4663,Buccal_mucosa_1
OTU_97.4663,Palatine_Tonsils
OTU_97.4669,Supragingival_plaque
OTU_97.4669,Saliva
OTU_97.4669,Left_Antecubital_fossa_1
OTU_97.467,Right_Antecubital_fossa
OTU_97.467,Right_Antecubital_fossa_1
OTU_97.4673,Subgingival_plaque
OTU_97.4673,Throat
OTU_97.4674,Tongue_dorsum
OTU_97.4674,Saliva
OTU_97.4674,Right_Antecubital_fossa
OTU_97.4674,Palatine_Tonsils
OTU_97.4674,Left_Retroauricular_crease_1
OTU_97.4675,Saliva
OTU_97.4675,Right_Antecubital_fossa
OTU_97.4676,Supragingival_plaque
OTU_97.4676,Left_Retroauricular_crease
OTU_97.4676,Anterior_nares_1
OTU_97.4677,Palatine_Tonsils
OTU_97.4677,Throat_1
OTU_97.468,Right_Retroauricular_crease_1
OTU_97.468,Attached_Keratinized_gingiva_1
OTU_97.468,Subgingival_plaque_1
OTU_97.469,Attached_Keratinized_gingiva_1
OTU_97.4697,Supragingival_plaque_1
OTU_97.4697,Supragingival_plaque
OTU_97.4697,Left_Retroauricular_crease_1
OTU_97.4699,Tongue_dorsum
OTU_97.4699,Tongue_dorsum_1
OTU_97.47,Hard_palate
OTU_97.47,Subgingival_plaque_1
OTU_97.470,Buccal_mucosa
OTU_97.470,Attached_Keratinized_gingiva
OTU_97.4706,Stool_1
OTU_97.4706,Anterior_nares_1
OTU_97.4710,Hard_palate
OTU_97.4710,Subgingival_plaque_1
OTU_97.4710,Palatine_Tonsils
OTU_97.4710,Left_Antecubital_fossa
OTU_97.4716,Right_Retroauricular_crease_1
OTU_97.4716,Subgingival_plaque
OTU_97.4716,Buccal_mucosa
OTU_97.4716,Hard_palate
OTU_97.4716,Buccal_mucosa_1
OTU_97.472,Subgingival_plaque
OTU_97.472,Left_Retroauricular_crease
OTU_97.472,Hard_palate_1
OTU_97.472,Right_Antecubital_fossa_1
OTU_97.4721,Buccal_mucosa
OTU_97.4721,Palatine_Tonsils
OTU_97.4722,Right_Retroauricular_crease_1
OTU_97.4722,Palatine_Tonsils_1
OTU_97.4724,Saliva
OTU_97.4724,Right_Antecubital_fossa
OTU_97.4724,Left_Retroauricular_crease
OTU_97.4724,Stool
OTU_97.4726,Buccal_mucosa_1
OTU_97.4726,Throat
OTU_97.4727,Right_Antecubital_fossa
OTU_97.4727,Hard_palate
OTU_97.4730,Right_Retroauricular_crease
OTU_97.4731,Left_Retroauricular_crease
OTU_97.4731,Anterior_nares
OTU_97.4732,Buccal_mucosa
OTU_97.4732,Left_Retroauricular_crease
OTU_97.4732,Palatine_Tonsils_1
OTU_97.4736,Right_Antecubital_fossa
OTU_97.4736,Hard_palate_1
OTU_97.4736,Buccal_mucosa_1
OTU_97.4736,Palatine_Tonsils_1
OTU_97.4736,Right_Antecubital_fossa_1
OTU_97.4738,Hard_palate
OTU_97.4738,Attached_Keratinized_gingiva
OTU_97.4738,Tongue_dorsum_1
OTU_97.4739,Right_Antecubital_fossa
OTU_97.4739,Left_Antecubital_fossa
OTU_97.474,Hard_palate
OTU_97.474,Throat
OTU_97.474,Palatine_Tonsils_1
OTU_97.474,Right_Antecubital_fossa_1
OTU_97.4740,Subgingival_plaque
OTU_97.4740,Left_Retroauricular_crease
OTU_97.4740,Attached_Keratinized_gingiva_1
OTU_97.4740,Attached_Keratinized_gingiva
OTU_97.4744,Attached_Keratinized_gingiva_1
OTU_97.4744,Saliva_1
OTU_97.4747,Hard_palate_1
OTU_97.4747,Stool
OTU_97.4747,Stool_1
OTU_97.4754,Subgingival_plaque
OTU_97.4756,Stool
OTU_97.4756,Subgingival_plaque_1
OTU_97.4756,Palatine_Tonsils
OTU_97.4756,Palatine_Tonsils_1
OTU_97.4769,Buccal_mucosa
OTU_97.477,Tongue_dorsum_1
OTU_97.4771,Hard_palate_1
OTU_97.4771,Subgingival_plaque_1
OTU_97.4771,Palatine_Tonsils
OTU_97.4771,Left_Antecubital_fossa
OTU_97.4781,Tongue_dorsum
OTU_97.4781,Buccal_mucosa
OTU_97.4781,Supragingival_plaque
OTU_97.4782,Tongue_dorsum
OTU_97.4782,Right_Retroauricular_crease
OTU_97.4782,Left_Retroauricular_crease
OTU_97.4782,Hard_palate
OTU_97.4782,Hard_palate_1
OTU_97.4782,Tongue_dorsum_1
OTU_97.4795,Attached_Keratinized_gingiva_1
OTU_97.4795,Palatine_Tonsils
OTU_97.48,Right_Retroauricular_crease_1
OTU_97.48,Supragingival_plaque_1
OTU_97.48,Buccal_mucosa
OTU_97.48,Anterior_nares
OTU_97.480,Attached_Keratinized_gingiva
OTU_97.480,Left_Antecubital_fossa
OTU_97.4800,Saliva_1
OTU_97.4800,Right_Antecubital_fossa_1
OTU_97.4800,Throat_1
OTU_97.4805,Buccal_mucosa
OTU_97.4806,Right_Antecubital_fossa
OTU_97.4806,Attached_Keratinized_gingiva_1
OTU_97.4807,Subgingival_plaque
OTU_97.4807,Stool
OTU_97.4807,Left_Retroauricular_crease_1
OTU_97.4807,Anterior_nares
OTU_97.4811,Supragingival_plaque_1
OTU_97.4811,Right_Retroauricular_crease
OTU_97.4811,Palatine_Tonsils
OTU_97.4811,Throat
OTU_97.4811,Palatine_Tonsils_1
OTU_97.4822,Subgingival_plaque_1
OTU_97.4826,Supragingival_plaque_1
OTU_97.4826,Buccal_mucosa
OTU_97.4826,Attached_Keratinized_gingiva
OTU_97.484,Left_Antecubital_fossa_1
OTU_97.484,Right_Antecubital_fossa
OTU_97.484,Hard_palate_1
OTU_97.484,Throat
OTU_97.4840,Left_Retroauricular_crease
OTU_97.4840,Stool_1
OTU_97.4844,Saliva
OTU_97.4844,Right_Retroauricular_crease
OTU_97.4845,Left_Antecubital_fossa
OTU_97.485,Subgingival_plaque_1
OTU_97.485,Saliva_1
OTU_97.4850,Attached_Keratinized_gingiva_1
OTU_97.4850,Right_Antecubital_fossa_1
OTU_97.4854,Palatine_Tonsils_1
OTU_97.4858,Tongue_dorsum
OTU_97.4858,Stool_1
OTU_97.4868,Right_Retroauricular_crease
OTU_97.4868,Hard_palate
OTU_97.4868,Left_Retroauricular_crease_1
OTU_97.487,Left_Retroauricular_crease
OTU_97.487,Anterior_nares_1
OTU_97.4870,Right_Antecubital_fossa_1
OTU_97.4874,Right_Antecubital_fossa
OTU_97.4874,Left_Retroauricular_crease
OTU_97.4874,Palatine_Tonsils
OTU_97.4875,Palatine_Tonsils
OTU_97.4877,Subgingival_plaque_1
OTU_97.4877,Saliva_1
OTU_97.4877,Palatine_Tonsils
OTU_97.4881,Hard_palate
OTU_97.489,Right_Antecubital_fossa
OTU_97.489,Stool
OTU_97.489,Anterior_nares
OTU_97.4891,Right_Retroauricular_crease_1
OTU_97.4896,Saliva
OTU_97.4896,Stool
OTU_97.4898,Left_Antecubital_fossa_1
OTU_97.4898,Anterior_nares
OTU_97.4898,Anterior_nares_1
OTU_97.49,Tongue_dorsum
OTU_97.49,Right_Antecubital_fossa
OTU_97.4900,Subgingival_plaque_1
OTU_97.4900,Saliva_1
OTU_97.4901,Attached_Keratinized_gingiva
OTU_97.4901,Left_Antecubital_fossa
OTU_97.4902,Tongue_dorsum
OTU_97.4902,Right_Retroauricular_crease_1
OTU_97.4902,Buccal_mucosa
OTU_97.4906,Left_Antecubital_fossa_1
OTU_97.4906,Attached_Keratinized_gingiva_1
OTU_97.4906,Anterior_nares
OTU_97.4906,Left_Antecubital_fossa
OTU_97.4906,Anterior_nares_1
OTU_97.4910,Left_Antecubital_fossa_1
OTU_97.4910,Anterior_nares
OTU_97.4918,Attached_Keratinized_gingiva
OTU_97.4918,Throat_1
OTU_97.4920,Saliva
OTU_97.4920,Left_Antecubital_fossa
OTU_97.4920,Right_Antecubital_fossa_1
OTU_97.4921,Supragingival_plaque
OTU_97.4921,Buccal_mucosa_1
OTU_97.4921,Throat_1
OTU_97.4925,Left_Retroauricular_crease
OTU_97.4925,Palatine_Tonsils
OTU_97.4932,Attached_Keratinized_gingiva
OTU_97.4932,Left_Retroauricular_crease_1
OTU_97.4933,Hard_palate
OTU_97.4933,Hard_palate_1
OTU_97.4938,Buccal_mucosa_1
OTU_97.4938,Left_Antecubital_fossa
OTU_97.494,Throat
OTU_97.494,Attached_Keratinized_gingiva
OTU_97.494,Tongue_dorsum_1
OTU_97.4948,Right_Retroauricular_crease
OTU_97.4952,Right_Retroauricular_crease
OTU_97.4952,Saliva_1
OTU_97.4953,Right_Retroauricular_crease
OTU_97.4953,Throat
OTU_97.4954,Supragingival_plaque
OTU_97.4954,Hard_palate_1
OTU_97.4957,Stool_1
OTU_97.4957,Throat
OTU_97.4969,Saliva
OTU_97.4969,Palatine_Tonsils
OTU_97.4969,Left_Antecubital_fossa
OTU_97.497,Left_Retroauricular_crease
OTU_97.497,Saliva_1
OTU_97.497,Right_Antecubital_fossa_1
OTU_97.4972,Saliva_1
OTU_97.4972,Left_Retroauricular_crease_1
OTU_97.4973,Tongue_dorsum
OTU_97.4973,Attached_Keratinized_gingiva_1
OTU_97.4975,Left_Antecubital_fossa_1
OTU_97.4975,Right_Retroauricular_crease
OTU_97.4975,Left_Antecubital_fossa
OTU_97.498,Stool_1
OTU_97.498,Throat
OTU_97.498,Throat_1
OTU_97.4980,Right_Retroauricular_crease_1
OTU_97.4980,Right_Retroauricular_crease
OTU_97.4980,Attached_Keratinized_gingiva
OTU_97.4980,Right_Antecubital_fossa_1
OTU_97.4985,Hard_palate_1
OTU_97.4985,Subgingival_plaque_1
OTU_97.4994,Supragingival_plaque_1
OTU_97.4994,Left_Antecubital_fossa_1
OTU_97.4994,Stool_1
OTU_97.4994,Left_Antecubital_fossa
OTU_97.4995,Saliva_1
OTU_97.4995,Tongue_dorsum_1
OTU_97.500,Anterior_nares
OTU_97.500,Tongue_dorsum_1
OTU_97.5000,Right_Retroauricular_crease_1
OTU_97.5000,Palatine_Tonsils_1
OTU_97.5002,Right_Retroauricular_crease_1
OTU_97.5002,Subgingival_plaque
OTU_97.5002,Supragingival_plaque
OTU_97.5002,Right_Antecubital_fossa
OTU_97.5002,Saliva_1
OTU_97.5002,Anterior_nares
OTU_97.5003,Subgingival_plaque
OTU_97.5004,Right_Antecubital_fossa_1
OTU_97.5004,Throat_1
OTU_97.5005,Subgingival_plaque
OTU_97.5005,Right_Retroauricular_crease
OTU_97.5005,Attached_Keratinized_gingiva_1
OTU_97.5005,Subgingival_plaque_1
OTU_97.5008,Supragingival_plaque_1
OTU_97.5008,Subgingival_plaque_1
OTU_97.5010,Stool_1
OTU_97.5012,Right_Retroauricular_crease_1
OTU_97.5012,Left_Antecubital_fossa_1
OTU_97.5012,Hard_palate_1
OTU_97.5012,Stool
OTU_97.5012,Anterior_nares
OTU_97.5012,Left_Antecubital_fossa
OTU_97.5014,Tongue_dorsum
OTU_97.5017,Palatine_Tonsils
OTU_97.503,Saliva
OTU_97.503,Attached_Keratinized_gingiva
OTU_97.503,Left_Retroauricular_crease_1
OTU_97.503,Tongue_dorsum_1
OTU_97.5031,Left_Antecubital_fossa_1
OTU_97.5031,Saliva_1
OTU_97.5031,Right_Antecubital_fossa_1
OTU_97.5033,Right_Retroauricular_crease
OTU_97.5033,Tongue_dorsum_1
OTU_97.5033,Right_Antecubital_fossa_1
OTU_97.5033,Anterior_nares_1
OTU_97.5035,Saliva
OTU_97.5035,Buccal_mucosa_1
OTU_97.5035,Left_Antecubital_fossa
OTU_97.5037,Throat
OTU_97.5038,Right_Antecubital_fossa
OTU_97.5038,Anterior_nares_1
OTU_97.5046,Supragingival_plaque_1
OTU_97.5046,Hard_palate
OTU_97.5046,Saliva_1
OTU_97.5047,Tongue_dorsum_1
OTU_97.505,Buccal_mucosa
OTU_97.505,Saliva_1
OTU_97.505,Anterior_nares
OTU_97.505,Left_Antecubital_fossa
OTU_97.5050,Subgingival_plaque
OTU_97.5050,Stool_1
OTU_97.5050,Palatine_Tonsils_1
OTU_97.5050,Right_Antecubital_fossa_1
OTU_97.5053,Supragingival_plaque
OTU_97.5053,Left_Retroauricular_crease_1
OTU_97.5053,Tongue_dorsum_1
OTU_97.5053,Throat_1
OTU_97.5062,Buccal_mucosa
OTU_97.5062,Anterior_nares_1
OTU_97.5068,Tongue_dorsum
OTU_97.5068,Hard_palate_1
OTU_97.5069,Hard_palate_1
OTU_97.5069,Right_Antecubital_fossa_1
OTU_97.5075,Attached_Keratinized_gingiva
OTU_97.5077,Right_Antecubital_fossa_1
OTU_97.5078,Left_Antecubital_fossa_1
OTU_97.5078,Attached_Keratinized_gingiva
OTU_97.5080,Supragingival_plaque_1
OTU_97.5080,Hard_palate
OTU_97.5080,Hard_palate_1
OTU_97.5080,Right_Antecubital_fossa_1
OTU_97.5082,Buccal_mucosa
OTU_97.5082,Throat_1
OTU_97.5090,Saliva_1
OTU_97.5090,Attached_Keratinized_gingiva
OTU_97.5090,Anterior_nares
OTU_97.5093,Supragingival_plaque_1
OTU_97.5093,Subgingival_plaque_1
OTU_97.5093,Anterior_nares
OTU_97.5093,Right_Antecubital_fossa_1
OTU_97.5096,Left_Retroauricular_crease
OTU_97.5096,Subgingival_plaque_1
OTU_97.5096,Left_Antecubital_fossa
OTU_97.5098,Supragingival_plaque
OTU_97.5098,Buccal_mucosa_1
OTU_97.5098,Left_Antecubital_fossa
OTU_97.5099,Right_Retroauricular_crease_1
OTU_97.5099,Left_Antecubital_fossa_1
OTU_97.5099,Palatine_Tonsils_1
OTU_97.5099,Tongue_dorsum_1
OTU_97.51,Right_Retroauricular_crease_1
OTU_97.51,Hard_palate
OTU_97.51,Throat
OTU_97.510,Saliva
OTU_97.510,Left_Antecubital_fossa_1
OTU_97.510,Buccal_mucosa_1
OTU_97.510,Subgingival_plaque_1
OTU_97.5101,Supragingival_plaque_1
OTU_97.5101,Left_Retroauricular_crease
OTU_97.5104,Saliva
OTU_97.5104,Right_Retroauricular_crease
OTU_97.5104,Stool
OTU_97.5104,Right_Antecubital_fossa_1
OTU_97.5111,Buccal_mucosa_1
OTU_97.5111,Palatine_Tonsils_1
OTU_97.5111,Anterior_nares
OTU_97.5111,Right_Antecubital_fossa_1
OTU_97.5116,Supragingival_plaque_1
OTU_97.5116,Left_Antecubital_fossa
OTU_97.5117,Attached_Keratinized_gingiva
OTU_97.5117,Anterior_nares
OTU_97.5117,Anterior_nares_1
OTU_97.5125,Buccal_mucosa
OTU_97.5125,Saliva_1
OTU_97.5125,Right_Antecubital_fossa_1
OTU_97.5127,Saliva
OTU_97.5127,Hard_palate
OTU_97.5127,Buccal_mucosa_1
OTU_97.5127,Palatine_Tonsils_1
OTU_97.513,Attached_Keratinized_gingiva
OTU_97.5130,Left_Antecubital_fossa_1
OTU_97.5130,Subgingival_plaque_1
OTU_97.5141,Left_Retroauricular_crease
OTU_97.5141,Hard_palate_1
OTU_97.5141,Stool_1
OTU_97.5141,Palatine_Tonsils
OTU_97.5141,Attached_Keratinized_gingiva
OTU_97.5144,Palatine_Tonsils
OTU_97.5144,Throat
OTU_97.5144,Left_Retroauricular_crease_1
OTU_97.5147,Right_Antecubital_fossa_1
OTU_97.5151,Subgingival_plaque
OTU_97.5151,Right_Antecubital_fossa_1
OTU_97.5151,Anterior_nares_1
OTU_97.5159,Supragingival_plaque_1
OTU_97.5159,Throat
OTU_97.5161,Buccal_mucosa_1
OTU_97.5161,Anterior_nares
OTU_97.5161,Throat_1
OTU_97.5162,Right_Retroauricular_crease
OTU_97.5162,Subgingival_plaque_1
OTU_97.5162,Left_Retroauricular_crease_1
OTU_97.5167,Subgingival_plaque
OTU_97.5167,Throat_1
OTU_97.5176,Right_Retroauricular_crease_1
OTU_97.5176,Saliva
OTU_97.5176,Right_Antecubital_fossa_1
OTU_97.5179,Hard_palate
OTU_97.5179,Buccal_mucosa_1
OTU_97.5179,Throat_1
OTU_97.5182,Hard_palate
OTU_97.5182,Hard_palate_1
OTU_97.5182,Saliva_1
OTU_97.5182,Palatine_Tonsils
OTU_97.5182,Left_Antecubital_fossa
OTU_97.519,Attached_Keratinized_gingiva_1
OTU_97.5198,Buccal_mucosa
OTU_97.5198,Attached_Keratinized_gingiva_1
OTU_97.52,Tongue_dorsum
OTU_97.52,Subgingival_plaque_1
OTU_97.5201,Buccal_mucosa
OTU_97.5202,Stool_1
OTU_97.5202,Tongue_dorsum_1
OTU_97.5202,Right_Antecubital_fossa_1
OTU_97.5202,Throat_1
OTU_97.5203,Subgingival_plaque
OTU_97.5203,Buccal_mucosa
OTU_97.5203,Attached_Keratinized_gingiva
OTU_97.5204,Left_Antecubital_fossa_1
OTU_97.5204,Left_Retroauricular_crease
OTU_97.5204,Anterior_nares
OTU_97.5211,Stool_1
OTU_97.5211,Right_Antecubital_fossa_1
OTU_97.5216,Hard_palate_1
OTU_97.5216,Subgingival_plaque_1
OTU_97.5216,Left_Antecubital_fossa
OTU_97.5217,Supragingival_plaque
OTU_97.5217,Stool_1
OTU_97.5217,Saliva_1
OTU_97.5231,Right_Retroauricular_crease_1
OTU_97.5231,Attached_Keratinized_gingiva_1
OTU_97.5231,Throat
OTU_97.5231,Tongue_dorsum_1
OTU_97.5231,Throat_1
OTU_97.5235,Palatine_Tonsils_1
OTU_97.5236,Attached_Keratinized_gingiva
OTU_97.5236,Anterior_nares
OTU_97.5248,Right_Retroauricular_crease_1
OTU_97.5248,Hard_palate
OTU_97.5248,Saliva_1
OTU_97.5248,Attached_Keratinized_gingiva
OTU_97.5248,Right_Antecubital_fossa_1
OTU_97.525,Left_Retroauricular_crease
OTU_97.525,Hard_palate
OTU_97.525,Stool
OTU_97.5250,Hard_palate_1
OTU_97.5259,Left_Antecubital_fossa_1
OTU_97.5259,Buccal_mucosa_1
OTU_97.5259,Anterior_nares
OTU_97.5261,Palatine_Tonsils_1
OTU_97.5265,Throat
OTU_97.5274,Hard_palate_1
OTU_97.5274,Buccal_mucosa_1
OTU_97.5274,Left_Retroauricular_crease_1
OTU_97.5278,Buccal_mucosa
OTU_97.5278,Saliva
OTU_97.5289,Anterior_nares
OTU_97.5291,Hard_palate
OTU_97.5291,Palatine_Tonsils
OTU_97.5291,Anterior_nares
OTU_97.5297,Stool
OTU_97.5297,Palatine_Tonsils
OTU_97.5298,Right_Retroauricular_crease_1
OTU_97.5298,Left_Antecubital_fossa_1
OTU_97.5298,Stool
OTU_97.5298,Left_Retroauricular_crease_1
OTU_97.5310,Buccal_mucosa
OTU_97.5310,Supragingival_plaque
OTU_97.5310,Subgingival_plaque_1
OTU_97.5310,Throat
OTU_97.5310,Anterior_nares
OTU_97.5313,Left_Retroauricular_crease
OTU_97.5313,Attached_Keratinized_gingiva_1
OTU_97.5313,Stool
OTU_97.5314,Saliva
OTU_97.5314,Stool_1
OTU_97.5322,Tongue_dorsum
OTU_97.5322,Saliva
OTU_97.5322,Left_Antecubital_fossa_1
OTU_97.5327,Tongue_dorsum
OTU_97.5327,Stool
OTU_97.5327,Palatine_Tonsils_1
OTU_97.5327,Throat_1
OTU_97.5331,Right_Antecubital_fossa
OTU_97.5331,Throat
OTU_97.5332,Buccal_mucosa_1
OTU_97.5332,Stool_1
OTU_97.5332,Throat_1
OTU_97.5333,Saliva
OTU_97.5333,Tongue_dorsum_1
OTU_97.5335,Buccal_mucosa
OTU_97.5335,Buccal_mucosa_1
OTU_97.534,Palatine_Tonsils_1
OTU_97.534,Left_Antecubital_fossa
OTU_97.5350,Left_Antecubital_fossa_1
OTU_97.5350,Left_Retroauricular_crease_1
OTU_97.5351,Supragingival_plaque
OTU_97.5351,Left_Antecubital_fossa_1
OTU_97.5351,Buccal_mucosa_1
OTU_97.5351,Subgingival_plaque_1
OTU_97.5352,Hard_palate
OTU_97.5352,Subgingival_plaque_1
OTU_97.5353,Tongue_dorsum
OTU_97.5353,Hard_palate_1
OTU_97.5353,Attached_Keratinized_gingiva
OTU_97.5353,Left_Antecubital_fossa
OTU_97.5357,Saliva_1
OTU_97.5357,Throat
OTU_97.5359,Buccal_mucosa
OTU_97.5359,Hard_palate_1
OTU_97.5359,Palatine_Tonsils_1
OTU_97.5361,Right_Retroauricular_crease_1
OTU_97.5361,Left_Antecubital_fossa
OTU_97.5361,Anterior_nares_1
OTU_97.5363,Saliva
OTU_97.5363,Right_Antecubital_fossa_1
OTU_97.5364,Right_Retroauricular_crease
OTU_97.5364,Attached_Keratinized_gingiva_1
OTU_97.5364,Stool
OTU_97.537,Saliva_1
OTU_97.537,Left_Antecubital_fossa
OTU_97.5371,Right_Retroauricular_crease_1
OTU_97.5371,Subgingival_plaque
OTU_97.5371,Buccal_mucosa
OTU_97.5371,Buccal_mucosa_1
OTU_97.5373,Palatine_Tonsils_1
OTU_97.5375,Attached_Keratinized_gingiva_1
OTU_97.5375,Saliva_1
OTU_97.5375,Left_Antecubital_fossa
OTU_97.5376,Right_Retroauricular_crease_1
OTU_97.5376,Subgingival_plaque_1
OTU_97.5376,Saliva_1
OTU_97.5376,Palatine_Tonsils
OTU_97.538,Saliva_1
OTU_97.538,Tongue_dorsum_1
OTU_97.5382,Buccal_mucosa
OTU_97.5387,Tongue_dorsum
OTU_97.5387,Buccal_mucosa
OTU_97.5387,Hard_palate
OTU_97.5387,Right_Antecubital_fossa_1
OTU_97.5388,Right_Retroauricular_crease_1
OTU_97.5388,Subgingival_plaque
OTU_97.5388,Supragingival_plaque_1
OTU_97.5388,Throat
OTU_97.5388,Anterior_nares
OTU_97.5388,Tongue_dorsum_1
OTU_97.5395,Hard_palate_1
OTU_97.5395,Buccal_mucosa_1
OTU_97.5395,Subgingival_plaque_1
OTU_97.5395,Palatine_Tonsils_1
OTU_97.5395,Left_Antecubital_fossa
OTU_97.5395,Anterior_nares_1
OTU_97.54,Tongue_dorsum
OTU_97.54,Stool_1
OTU_97.54,Left_Retroauricular_crease_1
OTU_97.54,Anterior_nares
OTU_97.54,Tongue_dorsum_1
OTU_97.540,Tongue_dorsum_1
OTU_97.5404,Palatine_Tonsils_1
OTU_97.5404,Right_Antecubital_fossa_1
OTU_97.5415,Stool_1
OTU_97.5419,Tongue_dorsum
OTU_97.5419,Right_Antecubital_fossa
OTU_97.5420,Saliva_1
OTU_97.5423,Left_Antecubital_fossa_1
OTU_97.5423,Throat
OTU_97.5424,Supragingival_plaque_1
OTU_97.5424,Left_Retroauricular_crease
OTU_97.5425,Tongue_dorsum
OTU_97.5426,Right_Antecubital_fossa
OTU_97.5426,Stool
OTU_97.5427,Throat
OTU_97.5427,Anterior_nares_1
OTU_97.5428,Attached_Keratinized_gingiva_1
OTU_97.5428,Buccal_mucosa_1
OTU_97.543,Buccal_mucosa
OTU_97.543,Buccal_mucosa_1
OTU_97.543,Left_Antecubital_fossa
OTU_97.5437,Supragingival_plaque
OTU_97.5437,Right_Antecubital_fossa
OTU_97.5437,Hard_palate_1
OTU_97.5437,Palatine_Tonsils_1
OTU_97.5438,Supragingival_plaque
OTU_97.5438,Attached_Keratinized_gingiva_1
OTU_97.5438,Anterior_nares_1
OTU_97.544,Left_Antecubital_fossa_1
OTU_97.544,Attached_Keratinized_gingiva_1
OTU_97.544,Anterior_nares_1
OTU_97.5441,Palatine_Tonsils
OTU_97.5442,Right_Retroauricular_crease_1
OTU_97.5442,Supragingival_plaque
OTU_97.5443,Saliva
OTU_97.5443,Throat_1
OTU_97.5446,Right_Retroauricular_crease
OTU_97.5446,Saliva_1
OTU_97.5447,Left_Retroauricular_crease
OTU_97.5447,Anterior_nares
OTU_97.5453,Saliva
OTU_97.5453,Right_Antecubital_fossa
OTU_97.5459,Left_Retroauricular_crease
OTU_97.5459,Stool_1
OTU_97.5459,Palatine_Tonsils_1
OTU_97.5469,Subgingival_plaque_1
OTU_97.5469,Saliva_1
OTU_97.547,Right_Retroauricular_crease
OTU_97.547,Left_Retroauricular_crease
OTU_97.547,Left_Retroauricular_crease_1
OTU_97.5495,Right_Antecubital_fossa
OTU_97.55,Supragingival_plaque_1
OTU_97.55,Hard_palate_1
OTU_97.550,Stool_1
OTU_97.5500,Buccal_mucosa
OTU_97.5501,Right_Retroauricular_crease_1
OTU_97.5501,Stool
OTU_97.5501,Palatine_Tonsils_1
OTU_97.551,Supragingival_plaque_1
OTU_97.551,Right_Antecubital_fossa
OTU_97.551,Stool_1
OTU_97.5510,Tongue_dorsum
OTU_97.5510,Stool_1
OTU_97.5510,Right_Antecubital_fossa_1
OTU_97.5514,Stool_1
OTU_97.5515,Saliva
OTU_97.5515,Right_Antecubital_fossa
OTU_97.5515,Hard_palate
OTU_97.552,Right_Retroauricular_crease
OTU_97.552,Palatine_Tonsils
OTU_97.5520,Throat
OTU_97.5520,Tongue_dorsum_1
OTU_97.5522,Right_Retroauricular_crease_1
OTU_97.5522,Right_Retroauricular_crease
OTU_97.5522,Attached_Keratinized_gingiva_1
OTU_97.5522,Hard_palate_1
OTU_97.5522,Saliva_1
OTU_97.5522,Left_Antecubital_fossa
OTU_97.5528,Tongue_dorsum_1
OTU_97.5528,Right_Antecubital_fossa_1
OTU_97.5531,Buccal_mucosa
OTU_97.5531,Attached_Keratinized_gingiva
OTU_97.5533,Right_Retroauricular_crease
OTU_97.5533,Palatine_Tonsils
OTU_97.5535,Supragingival_plaque
OTU_97.5535,Palatine_Tonsils_1
OTU_97.5544,Right_Retroauricular_crease_1
OTU_97.5544,Hard_palate
OTU_97.5544,Palatine_Tonsils
OTU_97.5544,Anterior_nares_1
OTU_97.5545,Buccal_mucosa
OTU_97.5545,Buccal_mucosa_1
OTU_97.5545,Throat_1
OTU_97.5546,Saliva_1
OTU_97.5546,Palatine_Tonsils_1
OTU_97.5546,Left_Retroauricular_crease_1
OTU_97.5546,Right_Antecubital_fossa_1
OTU_97.5546,Throat_1
OTU_97.5549,Right_Retroauricular_crease
OTU_97.5549,Throat
OTU_97.555,Buccal_mucosa
OTU_97.5550,Subgingival_plaque
OTU_97.5556,Stool
OTU_97.5556,Stool_1
OTU_97.5558,Attached_Keratinized_gingiva_1
OTU_97.5561,Buccal_mucosa_1
OTU_97.5561,Palatine_Tonsils
OTU_97.5562,Right_Retroauricular_crease
OTU_97.5562,Buccal_mucosa_1
OTU_97.5562,Stool
OTU_97.5562,Saliva_1
OTU_97.5566,Buccal_mucosa
OTU_97.5566,Hard_palate
OTU_97.5566,Throat
OTU_97.5567,Stool
OTU_97.5567,Throat
OTU_97.5567,Tongue_dorsum_1
OTU_97.5568,Right_Retroauricular_crease_1
OTU_97.5568,Attached_Keratinized_gingiva
OTU_97.557,Stool_1
OTU_97.557,Tongue_dorsum_1
OTU_97.5575,Hard_palate_1
OTU_97.5575,Saliva_1
OTU_97.558,Subgingival_plaque
OTU_97.5580,Stool_1
OTU_97.5580,Subgingival_plaque_1
OTU_97.5591,Saliva
OTU_97.5591,Attached_Keratinized_gingiva_1
OTU_97.5591,Palatine_Tonsils
OTU_97.5591,Attached_Keratinized_gingiva
OTU_97.5592,Attached_Keratinized_gingiva_1
OTU_97.5594,Buccal_mucosa
OTU_97.5594,Buccal_mucosa_1
OTU_97.5594,Throat_1
OTU_97.56,Right_Retroauricular_crease_1
OTU_97.56,Right_Antecubital_fossa
OTU_97.56,Hard_palate_1
OTU_97.56,Subgingival_plaque_1
OTU_97.560,Tongue_dorsum
OTU_97.560,Left_Antecubital_fossa_1
OTU_97.560,Right_Retroauricular_crease
OTU_97.560,Palatine_Tonsils
OTU_97.560,Left_Antecubital_fossa
OTU_97.5603,Left_Retroauricular_crease
OTU_97.5603,Anterior_nares_1
OTU_97.561,Right_Retroauricular_crease_1
OTU_97.561,Anterior_nares
OTU_97.5612,Palatine_Tonsils_1
OTU_97.5612,Left_Antecubital_fossa
OTU_97.5612,Right_Antecubital_fossa_1
OTU_97.5615,Right_Retroauricular_crease_1
OTU_97.5615,Saliva
OTU_97.5615,Right_Retroauricular_crease
OTU_97.5619,Supragingival_plaque
OTU_97.5619,Hard_palate_1
OTU_97.5619,Anterior_nares
OTU_97.562,Left_Antecubital_fossa_1
OTU_97.562,Right_Antecubital_fossa
OTU_97.562,Saliva_1
OTU_97.5623,Subgingival_plaque
OTU_97.5623,Supragingival_plaque
OTU_97.5623,Left_Antecubital_fossa_1
OTU_97.5623,Saliva_1
OTU_97.5623,Right_Antecubital_fossa_1
OTU_97.5626,Supragingival_plaque
OTU_97.5626,Saliva_1
OTU_97.5626,Attached_Keratinized_gingiva
OTU_97.5626,Anterior_nares_1
OTU_97.5629,Tongue_dorsum
OTU_97.5629,Buccal_mucosa
OTU_97.5635,Tongue_dorsum
OTU_97.5635,Hard_palate
OTU_97.5639,Buccal_mucosa_1
OTU_97.5639,Right_Antecubital_fossa_1
OTU_97.5646,Hard_palate
OTU_97.5646,Hard_palate_1
OTU_97.5646,Throat
OTU_97.5646,Anterior_nares_1
OTU_97.5655,Throat_1
OTU_97.5658,Attached_Keratinized_gingiva_1
OTU_97.5658,Stool
OTU_97.5658,Throat_1
OTU_97.566,Tongue_dorsum_1
OTU_97.566,Throat_1
OTU_97.5663,Hard_palate_1
OTU_97.5663,Palatine_Tonsils_1
OTU_97.5663,Throat_1
OTU_97.5663,Anterior_nares_1
OTU_97.5664,Right_Retroauricular_crease
OTU_97.5664,Subgingival_plaque_1
OTU_97.5664,Saliva_1
OTU_97.5664,Throat_1
OTU_97.5667,Right_Retroauricular_crease_1
OTU_97.5667,Stool_1
OTU_97.5673,Subgingival_plaque_1
OTU_97.5673,Saliva_1
OTU_97.5673,Throat
OTU_97.5673,Tongue_dorsum_1
OTU_97.5676,Subgingival_plaque
OTU_97.5676,Saliva
OTU_97.5676,Buccal_mucosa_1
OTU_97.5676,Subgingival_plaque_1
OTU_97.5676,Throat_1
OTU_97.5679,Tongue_dorsum
OTU_97.5679,Stool_1
OTU_97.568,Saliva_1
OTU_97.568,Attached_Keratinized_gingiva
OTU_97.568,Anterior_nares
OTU_97.568,Tongue_dorsum_1
OTU_97.5681,Hard_palate
OTU_97.5681,Subgingival_plaque_1
OTU_97.5681,Palatine_Tonsils
OTU_97.5685,Tongue_dorsum
OTU_97.5685,Subgingival_plaque_1
OTU_97.5685,Palatine_Tonsils_1
OTU_97.5687,Tongue_dorsum
OTU_97.5687,Throat
OTU_97.5687,Left_Retroauricular_crease_1
OTU_97.5688,Buccal_mucosa_1
OTU_97.5692,Right_Retroauricular_crease_1
OTU_97.5692,Anterior_nares_1
OTU_97.5695,Right_Retroauricular_crease
OTU_97.5695,Hard_palate
OTU_97.5698,Buccal_mucosa
OTU_97.5698,Buccal_mucosa_1
OTU_97.5698,Anterior_nares
OTU_97.57,Supragingival_plaque_1
OTU_97.57,Saliva
OTU_97.57,Throat_1
OTU_97.5700,Tongue_dorsum
OTU_97.5700,Right_Antecubital_fossa
OTU_97.5700,Left_Retroauricular_crease
OTU_97.5700,Right_Antecubital_fossa_1
OTU_97.5702,Right_Retroauricular_crease
OTU_97.5702,Left_Retroauricular_crease
OTU_97.5703,Right_Retroauricular_crease
OTU_97.5703,Left_Retroauricular_crease
OTU_97.5708,Left_Retroauricular_crease_1
OTU_97.5709,Attached_Keratinized_gingiva
OTU_97.5709,Palatine_Tonsils_1
OTU_97.571,Subgingival_plaque
OTU_97.571,Left_Antecubital_fossa_1
OTU_97.5711,Tongue_dorsum
OTU_97.5711,Buccal_mucosa
OTU_97.5711,Right_Antecubital_fossa_1
OTU_97.5712,Right_Retroauricular_crease
OTU_97.5712,Left_Retroauricular_crease
OTU_97.5712,Attached_Keratinized_gingiva_1
OTU_97.5712,Hard_palate
OTU_97.5712,Stool
OTU_97.5712,Subgingival_plaque_1
OTU_97.5714,Right_Retroauricular_crease_1
OTU_97.5714,Subgingival_plaque
OTU_97.5714,Left_Antecubital_fossa
OTU_97.5717,Supragingival_plaque
OTU_97.5719,Saliva_1
OTU_97.572,Throat
OTU_97.5723,Attached_Keratinized_gingiva_1
OTU_97.5723,Subgingival_plaque_1
OTU_97.5723,Palatine_Tonsils
OTU_97.5723,Attached_Keratinized_gingiva
OTU_97.5724,Supragingival_plaque_1
OTU_97.5724,Palatine_Tonsils
OTU_97.5724,Throat
OTU_97.5724,Anterior_nares
OTU_97.5724,Left_Antecubital_fossa
OTU_97.5727,Right_Retroauricular_crease_1
OTU_97.5727,Throat_1
OTU_97.573,Right_Retroauricular_crease_1
OTU_97.573,Throat_1
OTU_97.573,Anterior_nares_1
OTU_97.5734,Buccal_mucosa_1
OTU_97.5734,Right_Antecubital_fossa_1
OTU_97.5734,Anterior_nares_1
OTU_97.5739,Attached_Keratinized_gingiva
OTU_97.5739,Right_Antecubital_fossa_1
OTU_97.5743,Tongue_dorsum
OTU_97.5743,Anterior_nares
OTU_97.5746,Buccal_mucosa
OTU_97.5746,Stool_1
OTU_97.575,Left_Retroauricular_crease
OTU_97.575,Subgingival_plaque_1
OTU_97.575,Tongue_dorsum_1
OTU_97.5752,Supragingival_plaque_1
OTU_97.5752,Throat
OTU_97.5752,Attached_Keratinized_gingiva
OTU_97.5756,Buccal_mucosa_1
OTU_97.5756,Subgingival_plaque_1
OTU_97.5758,Right_Antecubital_fossa
OTU_97.5758,Stool
OTU_97.5758,Saliva_1
OTU_97.5758,Attached_Keratinized_gingiva
OTU_97.5767,Subgingival_plaque
OTU_97.5767,Supragingival_plaque
OTU_97.5767,Saliva
OTU_97.5767,Saliva_1
OTU_97.5767,Left_Antecubital_fossa
OTU_97.5768,Subgingival_plaque
OTU_97.5768,Buccal_mucosa_1
OTU_97.5768,Stool_1
OTU_97.5772,Supragingival_plaque_1
OTU_97.5772,Saliva
OTU_97.5772,Left_Retroauricular_crease
OTU_97.5772,Palatine_Tonsils
OTU_97.5783,Supragingival_plaque_1
OTU_97.58,Stool
OTU_97.580,Saliva
OTU_97.5806,Right_Retroauricular_crease_1
OTU_97.5806,Buccal_mucosa_1
OTU_97.5806,Anterior_nares_1
OTU_97.5807,Palatine_Tonsils_1
OTU_97.5811,Right_Retroauricular_crease
OTU_97.5811,Hard_palate_1
OTU_97.5811,Buccal_mucosa_1
OTU_97.5815,Supragingival_plaque
OTU_97.5817,Right_Retroauricular_crease_1
OTU_97.5817,Saliva
OTU_97.5817,Right_Antecubital_fossa
OTU_97.5817,Left_Antecubital_fossa
OTU_97.5819,Left_Retroauricular_crease
OTU_97.5819,Hard_palate
OTU_97.5823,Supragingival_plaque_1
OTU_97.5823,Buccal_mucosa
OTU_97.5823,Attached_Keratinized_gingiva_1
OTU_97.5825,Left_Retroauricular_crease
OTU_97.5825,Left_Antecubital_fossa
OTU_97.5827,Right_Retroauricular_crease
OTU_97.5827,Stool_1
OTU_97.5827,Saliva_1
OTU_97.583,Buccal_mucosa
OTU_97.583,Saliva
OTU_97.583,Palatine_Tonsils_1
OTU_97.583,Left_Antecubital_fossa
OTU_97.5834,Supragingival_plaque_1
OTU_97.5834,Right_Antecubital_fossa
OTU_97.5834,Buccal_mucosa_1
OTU_97.5848,Attached_Keratinized_gingiva_1
OTU_97.5848,Anterior_nares_1
OTU_97.585,Attached_Keratinized_gingiva_1
OTU_97.585,Hard_palate_1
OTU_97.585,Saliva_1
OTU_97.5852,Right_Retroauricular_crease
OTU_97.5853,Buccal_mucosa
OTU_97.5853,Right_Retroauricular_crease
OTU_97.5853,Right_Antecubital_fossa
OTU_97.5853,Subgingival_plaque_1
OTU_97.5853,Saliva_1
OTU_97.5854,Subgingival_plaque
OTU_97.5854,Hard_palate
OTU_97.5854,Palatine_Tonsils
OTU_97.5856,Subgingival_plaque
OTU_97.5856,Palatine_Tonsils_1
OTU_97.586,Right_Antecubital_fossa_1
OTU_97.5862,Supragingival_plaque
OTU_97.5862,Hard_palate
OTU_97.5862,Subgingival_plaque_1
OTU_97.5862,Anterior_nares
OTU_97.5862,Tongue_dorsum_1
OTU_97.5862,Anterior_nares_1
OTU_97.5867,Anterior_nares
OTU_97.5867,Anterior_nares_1
OTU_97.5869,Right_Retroauricular_crease_1
OTU_97.5869,Left_Antecubital_fossa_1
OTU_97.5869,Palatine_Tonsils
OTU_97.5873,Palatine_Tonsils
OTU_97.5873,Throat
OTU_97.5873,Palatine_Tonsils_1
OTU_97.5876,Tongue_dorsum
OTU_97.5876,Subgingival_plaque_1
OTU_97.5876,Left_Retroauricular_crease_1
OTU_97.5885,Subgingival_plaque
OTU_97.5887,Saliva
OTU_97.589,Subgingival_plaque
OTU_97.589,Right_Antecubital_fossa
OTU_97.5891,Right_Retroauricular_crease_1
OTU_97.5891,Supragingival_plaque
OTU_97.5891,Stool_1
OTU_97.5891,Anterior_nares_1
OTU_97.5892,Right_Retroauricular_crease
OTU_97.5892,Left_Retroauricular_crease_1
OTU_97.5892,Right_Antecubital_fossa_1
OTU_97.5894,Palatine_Tonsils
OTU_97.5894,Left_Retroauricular_crease_1
OTU_97.5894,Left_Antecubital_fossa
OTU_97.590,Buccal_mucosa
OTU_97.590,Attached_Keratinized_gingiva_1
OTU_97.590,Left_Retroauricular_crease_1
OTU_97.5903,Subgingival_plaque_1
OTU_97.5903,Palatine_Tonsils_1
OTU_97.5904,Attached_Keratinized_gingiva
OTU_97.5904,Left_Retroauricular_crease_1
OTU_97.5905,Attached_Keratinized_gingiva_1
OTU_97.5905,Right_Antecubital_fossa_1
OTU_97.5907,Attached_Keratinized_gingiva_1
OTU_97.5907,Subgingival_plaque_1
OTU_97.5907,Saliva_1
OTU_97.5907,Attached_Keratinized_gingiva
OTU_97.591,Throat
OTU_97.591,Attached_Keratinized_gingiva
OTU_97.5915,Tongue_dorsum
OTU_97.5915,Right_Retroauricular_crease
OTU_97.5917,Buccal_mucosa
OTU_97.5917,Palatine_Tonsils
OTU_97.5920,Right_Retroauricular_crease_1
OTU_97.5920,Attached_Keratinized_gingiva_1
OTU_97.5922,Left_Retroauricular_crease
OTU_97.5922,Subgingival_plaque_1
OTU_97.5922,Palatine_Tonsils
OTU_97.5922,Anterior_nares
OTU_97.5923,Right_Retroauricular_crease_1
OTU_97.5923,Subgingival_plaque
OTU_97.5923,Saliva
OTU_97.5923,Left_Retroauricular_crease
OTU_97.5923,Left_Retroauricular_crease_1
OTU_97.5924,Right_Retroauricular_crease
OTU_97.5924,Throat
OTU_97.5924,Palatine_Tonsils_1
OTU_97.5925,Right_Retroauricular_crease
OTU_97.5925,Hard_palate
OTU_97.5925,Subgingival_plaque_1
OTU_97.5925,Throat_1
OTU_97.5926,Attached_Keratinized_gingiva_1
OTU_97.5926,Left_Retroauricular_crease_1
OTU_97.5928,Attached_Keratinized_gingiva_1
OTU_97.5928,Subgingival_plaque_1
OTU_97.5928,Saliva_1
OTU_97.5928,Left_Antecubital_fossa
OTU_97.593,Tongue_dorsum
OTU_97.593,Right_Retroauricular_crease
OTU_97.593,Right_Antecubital_fossa
OTU_97.593,Hard_palate_1
OTU_97.593,Stool_1
OTU_97.594,Right_Retroauricular_crease_1
OTU_97.594,Right_Antecubital_fossa
OTU_97.594,Left_Retroauricular_crease
OTU_97.594,Tongue_dorsum_1
OTU_97.5942,Stool_1
OTU_97.5942,Left_Antecubital_fossa
OTU_97.5947,Tongue_dorsum
OTU_97.5947,Left_Antecubital_fossa_1
OTU_97.5950,Tongue_dorsum
OTU_97.5950,Supragingival_plaque
OTU_97.5950,Left_Retroauricular_crease
OTU_97.5957,Saliva
OTU_97.5957,Hard_palate_1
OTU_97.5957,Palatine_Tonsils_1
OTU_97.5960,Left_Antecubital_fossa_1
OTU_97.5960,Buccal_mucosa_1
OTU_97.5960,Subgingival_plaque_1
OTU_97.5964,Tongue_dorsum
OTU_97.5964,Supragingival_plaque_1
OTU_97.5964,Hard_palate_1
OTU_97.5964,Saliva_1
OTU_97.5964,Tongue_dorsum_1
OTU_97.5964,Throat_1
OTU_97.5964,Anterior_nares_1
OTU_97.5969,Saliva
OTU_97.5969,Stool
OTU_97.5969,Left_Antecubital_fossa
OTU_97.5972,Stool
OTU_97.5976,Attached_Keratinized_gingiva_1
OTU_97.5978,Right_Retroauricular_crease_1
OTU_97.5978,Right_Antecubital_fossa
OTU_97.5978,Hard_palate
OTU_97.5978,Anterior_nares_1
OTU_97.5981,Attached_Keratinized_gingiva_1
OTU_97.5981,Buccal_mucosa_1
OTU_97.5981,Subgingival_plaque_1
OTU_97.5983,Saliva
OTU_97.5983,Right_Retroauricular_crease
OTU_97.5983,Stool
OTU_97.5983,Anterior_nares_1
OTU_97.5987,Hard_palate
OTU_97.5987,Hard_palate_1
OTU_97.5987,Anterior_nares
OTU_97.5987,Right_Antecubital_fossa_1
OTU_97.5988,Saliva_1
OTU_97.5988,Left_Retroauricular_crease_1
OTU_97.599,Anterior_nares
OTU_97.599,Throat_1
OTU_97.5991,Saliva
OTU_97.5991,Right_Retroauricular_crease
OTU_97.5992,Right_Retroauricular_crease_1
OTU_97.5992,Buccal_mucosa_1
OTU_97.5992,Subgingival_plaque_1
OTU_97.5992,Tongue_dorsum_1
OTU_97.5993,Saliva
OTU_97.5996,Right_Antecubital_fossa
OTU_97.5996,Hard_palate
OTU_97.5996,Left_Retroauricular_crease_1
OTU_97.5996,Tongue_dorsum_1
OTU_97.5997,Palatine_Tonsils_1
OTU_97.5998,Tongue_dorsum
OTU_97.5998,Supragingival_plaque_1
OTU_97.5998,Right_Antecubital_fossa
OTU_97.6,Right_Antecubital_fossa
OTU_97.60,Supragingival_plaque
OTU_97.60,Anterior_nares_1
OTU_97.600,Buccal_mucosa
OTU_97.600,Buccal_mucosa_1
OTU_97.600,Palatine_Tonsils_1
OTU_97.6002,Saliva
OTU_97.6002,Subgingival_plaque_1
OTU_97.6010,Hard_palate
OTU_97.6010,Anterior_nares
OTU_97.6010,Left_Antecubital_fossa
OTU_97.6010,Throat_1
OTU_97.6011,Left_Antecubital_fossa
OTU_97.6016,Supragingival_plaque_1
OTU_97.6016,Subgingival_plaque_1
OTU_97.6016,Saliva_1
OTU_97.6016,Throat_1
OTU_97.6018,Supragingival_plaque
OTU_97.602,Subgingival_plaque
OTU_97.602,Supragingival_plaque
OTU_97.602,Anterior_nares
OTU_97.602,Tongue_dorsum_1
OTU_97.602,Anterior_nares_1
OTU_97.6022,Supragingival_plaque_1
OTU_97.6022,Throat
OTU_97.6024,Right_Antecubital_fossa
OTU_97.6024,Subgingival_plaque_1
OTU_97.6025,Left_Antecubital_fossa_1
OTU_97.6026,Right_Antecubital_fossa_1
OTU_97.6027,Right_Retroauricular_crease_1
OTU_97.6027,Right_Retroauricular_crease
OTU_97.6027,Left_Retroauricular_crease
OTU_97.6027,Saliva_1
OTU_97.6029,Tongue_dorsum_1
OTU_97.6029,Anterior_nares_1
OTU_97.6033,Subgingival_plaque
OTU_97.6033,Anterior_nares_1
OTU_97.6036,Right_Retroauricular_crease_1
OTU_97.6036,Right_Antecubital_fossa_1
OTU_97.6052,Tongue_dorsum
OTU_97.6055,Right_Retroauricular_crease
OTU_97.6055,Left_Antecubital_fossa
OTU_97.606,Buccal_mucosa
OTU_97.606,Stool
OTU_97.606,Subgingival_plaque_1
OTU_97.6063,Anterior_nares_1
OTU_97.6073,Supragingival_plaque_1
OTU_97.6073,Left_Retroauricular_crease_1
OTU_97.609,Attached_Keratinized_gingiva
OTU_97.609,Left_Antecubital_fossa
OTU_97.6097,Supragingival_plaque_1
OTU_97.6097,Left_Antecubital_fossa_1
OTU_97.6097,Saliva_1
OTU_97.61,Right_Retroauricular_crease
OTU_97.61,Attached_Keratinized_gingiva_1
OTU_97.61,Throat
OTU_97.6101,Stool
OTU_97.6101,Attached_Keratinized_gingiva
OTU_97.6109,Palatine_Tonsils_1
OTU_97.6109,Left_Antecubital_fossa
OTU_97.6116,Supragingival_plaque
OTU_97.6116,Attached_Keratinized_gingiva_1
OTU_97.6116,Hard_palate
OTU_97.6116,Attached_Keratinized_gingiva
OTU_97.6124,Tongue_dorsum
OTU_97.6124,Throat
OTU_97.6124,Anterior_nares_1
OTU_97.6126,Buccal_mucosa
OTU_97.6126,Left_Retroauricular_crease
OTU_97.6128,Saliva
OTU_97.6128,Attached_Keratinized_gingiva
OTU_97.613,Right_Retroauricular_crease_1
OTU_97.613,Tongue_dorsum_1
OTU_97.6135,Tongue_dorsum
OTU_97.6135,Attached_Keratinized_gingiva
OTU_97.6137,Saliva
OTU_97.614,Tongue_dorsum
OTU_97.614,Hard_palate_1
OTU_97.614,Throat_1
OTU_97.6144,Left_Retroauricular_crease_1
OTU_97.6144,Throat_1
OTU_97.6147,Throat
OTU_97.6147,Tongue_dorsum_1
OTU_97.6147,Right_Antecubital_fossa_1
OTU_97.6148,Tongue_dorsum
OTU_97.6148,Right_Retroauricular_crease
OTU_97.6148,Hard_palate
OTU_97.6149,Tongue_dorsum
OTU_97.6149,Right_Retroauricular_crease
OTU_97.6150,Left_Retroauricular_crease
OTU_97.6151,Buccal_mucosa_1
OTU_97.6151,Throat
OTU_97.6154,Tongue_dorsum
OTU_97.6154,Subgingival_plaque
OTU_97.6154,Supragingival_plaque_1
OTU_97.6154,Buccal_mucosa
OTU_97.6154,Left_Retroauricular_crease_1
OTU_97.6154,Left_Antecubital_fossa
OTU_97.6172,Subgingival_plaque
OTU_97.6172,Left_Antecubital_fossa_1
OTU_97.618,Left_Retroauricular_crease
OTU_97.6183,Right_Retroauricular_crease_1
OTU_97.6183,Left_Antecubital_fossa_1
OTU_97.6183,Stool
OTU_97.6183,Attached_Keratinized_gingiva
OTU_97.6183,Tongue_dorsum_1
OTU_97.6184,Supragingival_plaque_1
OTU_97.6184,Right_Retroauricular_crease
OTU_97.6184,Stool
OTU_97.6184,Throat
OTU_97.6184,Left_Retroauricular_crease_1
OTU_97.6184,Anterior_nares
OTU_97.6184,Left_Antecubital_fossa
OTU_97.6188,Supragingival_plaque
OTU_97.6188,Left_Retroauricular_crease_1
OTU_97.6188,Tongue_dorsum_1
OTU_97.6192,Saliva
OTU_97.6192,Stool
OTU_97.6192,Stool_1
OTU_97.62,Left_Antecubital_fossa_1
OTU_97.620,Left_Antecubital_fossa
OTU_97.6202,Supragingival_plaque_1
OTU_97.6202,Anterior_nares
OTU_97.6202,Tongue_dorsum_1
OTU_97.6204,Tongue_dorsum
OTU_97.6204,Stool
OTU_97.6204,Left_Antecubital_fossa
OTU_97.6206,Tongue_dorsum
OTU_97.6206,Subgingival_plaque
OTU_97.6206,Right_Antecubital_fossa_1
OTU_97.6208,Supragingival_plaque_1
OTU_97.6208,Saliva
OTU_97.6208,Left_Antecubital_fossa_1
OTU_97.6209,Palatine_Tonsils
OTU_97.6209,Anterior_nares_1
OTU_97.6215,Supragingival_plaque_1
OTU_97.6215,Supragingival_plaque
OTU_97.6215,Throat
OTU_97.622,Throat_1
OTU_97.622,Anterior_nares_1
OTU_97.6223,Left_Antecubital_fossa_1
OTU_97.6223,Subgingival_plaque_1
OTU_97.6227,Throat_1
OTU_97.6228,Buccal_mucosa
OTU_97.6230,Subgingival_plaque
OTU_97.6230,Right_Antecubital_fossa
OTU_97.6230,Left_Retroauricular_crease
OTU_97.6230,Stool_1
OTU_97.6230,Throat_1
OTU_97.6233,Supragingival_plaque_1
OTU_97.6234,Subgingival_plaque
OTU_97.6234,Hard_palate_1
OTU_97.6234,Subgingival_plaque_1
OTU_97.6235,Subgingival_plaque
OTU_97.6235,Buccal_mucosa
OTU_97.6235,Left_Antecubital_fossa_1
OTU_97.6235,Right_Antecubital_fossa
OTU_97.6235,Throat
OTU_97.6238,Tongue_dorsum
OTU_97.6238,Left_Antecubital_fossa_1
OTU_97.6238,Attached_Keratinized_gingiva_1
OTU_97.6238,Anterior_nares
OTU_97.6240,Right_Retroauricular_crease_1
OTU_97.6240,Right_Retroauricular_crease
OTU_97.6240,Tongue_dorsum_1
OTU_97.6241,Subgingival_plaque
OTU_97.6241,Stool_1
OTU_97.6242,Buccal_mucosa
OTU_97.6242,Saliva_1
OTU_97.6242,Throat
OTU_97.6244,Stool
OTU_97.6250,Buccal_mucosa_1
OTU_97.6250,Saliva_1
OTU_97.6250,Throat_1
OTU_97.6250,Anterior_nares_1
OTU_97.6251,Throat
OTU_97.6254,Stool
OTU_97.6262,Saliva
OTU_97.6262,Hard_palate
OTU_97.6262,Subgingival_plaque_1
OTU_97.6262,Right_Antecubital_fossa_1
OTU_97.6263,Supragingival_plaque_1
OTU_97.6263,Supragingival_plaque
OTU_97.6263,Right_Antecubital_fossa
OTU_97.6263,Attached_Keratinized_gingiva_1
OTU_97.6263,Left_Antecubital_fossa
OTU_97.6263,Throat_1
OTU_97.6265,Buccal_mucosa
OTU_97.6265,Hard_palate
OTU_97.6265,Attached_Keratinized_gingiva
OTU_97.6267,Tongue_dorsum
OTU_97.6267,Stool_1
OTU_97.6267,Palatine_Tonsils_1
OTU_97.6268,Hard_palate
OTU_97.6268,Saliva_1
OTU_97.6269,Right_Retroauricular_crease_1
OTU_97.6269,Supragingival_plaque_1
OTU_97.6269,Left_Retroauricular_crease
OTU_97.6275,Buccal_mucosa
OTU_97.6275,Stool
OTU_97.6275,Palatine_Tonsils_1
OTU_97.6276,Saliva
OTU_97.6276,Throat_1
OTU_97.628,Subgingival_plaque_1
OTU_97.628,Anterior_nares_1
OTU_97.6280,Right_Retroauricular_crease_1
OTU_97.6280,Anterior_nares_1
OTU_97.6285,Tongue_dorsum_1
OTU_97.6289,Buccal_mucosa
OTU_97.6289,Throat
OTU_97.6289,Throat_1
OTU_97.6294,Tongue_dorsum_1
OTU_97.6294,Anterior_nares_1
OTU_97.6296,Hard_palate
OTU_97.63,Supragingival_plaque
OTU_97.63,Attached_Keratinized_gingiva
OTU_97.63,Throat_1
OTU_97.630,Buccal_mucosa
OTU_97.630,Subgingival_plaque_1
OTU_97.6303,Hard_palate_1
OTU_97.6303,Throat_1
OTU_97.6304,Supragingival_plaque
OTU_97.6304,Buccal_mucosa_1
OTU_97.6304,Palatine_Tonsils
OTU_97.6304,Left_Antecubital_fossa
OTU_97.6307,Tongue_dorsum
OTU_97.6310,Subgingival_plaque
OTU_97.6310,Hard_palate_1
OTU_97.6310,Attached_Keratinized_gingiva
OTU_97.6314,Right_Retroauricular_crease_1
OTU_97.6314,Anterior_nares
OTU_97.6314,Left_Antecubital_fossa
OTU_97.6314,Throat_1
OTU_97.6321,Tongue_dorsum
OTU_97.6321,Right_Retroauricular_crease_1
OTU_97.6321,Right_Antecubital_fossa
OTU_97.6321,Attached_Keratinized_gingiva_1
OTU_97.6321,Hard_palate
OTU_97.6324,Saliva
OTU_97.6324,Attached_Keratinized_gingiva
OTU_97.6325,Subgingival_plaque
OTU_97.6325,Attached_Keratinized_gingiva_1
OTU_97.6325,Subgingival_plaque_1
OTU_97.6325,Saliva_1
OTU_97.6331,Attached_Keratinized_gingiva_1
OTU_97.6331,Stool_1
OTU_97.6331,Subgingival_plaque_1
OTU_97.6340,Right_Retroauricular_crease_1
OTU_97.6340,Buccal_mucosa
OTU_97.6343,Stool_1
OTU_97.6343,Throat
OTU_97.6344,Supragingival_plaque
OTU_97.6344,Saliva_1
OTU_97.6347,Tongue_dorsum
OTU_97.6347,Right_Antecubital_fossa_1
OTU_97.6348,Saliva
OTU_97.6348,Stool_1
OTU_97.6348,Anterior_nares
OTU_97.6348,Left_Antecubital_fossa
OTU_97.6350,Supragingival_plaque_1
OTU_97.6350,Saliva_1
OTU_97.6350,Throat_1
OTU_97.6351,Left_Retroauricular_crease
OTU_97.6351,Saliva_1
OTU_97.6353,Buccal_mucosa
OTU_97.6353,Buccal_mucosa_1
OTU_97.6356,Left_Retroauricular_crease
OTU_97.6356,Right_Antecubital_fossa_1
OTU_97.636,Saliva
OTU_97.636,Left_Antecubital_fossa_1
OTU_97.636,Left_Antecubital_fossa
OTU_97.6364,Right_Retroauricular_crease_1
OTU_97.6364,Left_Antecubital_fossa_1
OTU_97.6364,Right_Antecubital_fossa
OTU_97.6364,Stool
OTU_97.6364,Palatine_Tonsils_1
OTU_97.6365,Tongue_dorsum
OTU_97.6365,Supragingival_plaque_1
OTU_97.6365,Buccal_mucosa
OTU_97.6365,Anterior_nares
OTU_97.6371,Hard_palate
OTU_97.6371,Left_Antecubital_fossa
OTU_97.638,Supragingival_plaque_1
OTU_97.638,Saliva
OTU_97.638,Stool
OTU_97.638,Anterior_nares_1
OTU_97.6393,Left_Antecubital_fossa_1
OTU_97.64,Tongue_dorsum
OTU_97.64,Right_Antecubital_fossa
OTU_97.640,Supragingival_plaque
OTU_97.640,Right_Retroauricular_crease
OTU_97.640,Hard_palate
OTU_97.6402,Hard_palate
OTU_97.6403,Right_Antecubital_fossa
OTU_97.6403,Left_Retroauricular_crease
OTU_97.6403,Anterior_nares_1
OTU_97.6407,Attached_Keratinized_gingiva_1
OTU_97.6407,Buccal_mucosa_1
OTU_97.6407,Subgingival_plaque_1
OTU_97.6408,Saliva_1
OTU_97.6408,Throat
OTU_97.6412,Anterior_nares_1
OTU_97.642,Subgingival_plaque
OTU_97.642,Attached_Keratinized_gingiva_1
OTU_97.642,Throat
OTU_97.642,Anterior_nares_1
OTU_97.6436,Palatine_Tonsils_1
OTU_97.6436,Tongue_dorsum_1
OTU_97.6437,Buccal_mucosa
OTU_97.6437,Hard_palate
OTU_97.6437,Throat_1
OTU_97.6441,Palatine_Tonsils
OTU_97.6443,Subgingival_plaque
OTU_97.6443,Right_Retroauricular_crease
OTU_97.6443,Hard_palate
OTU_97.6449,Stool
OTU_97.6449,Subgingival_plaque_1
OTU_97.645,Subgingival_plaque
OTU_97.6453,Buccal_mucosa
OTU_97.6453,Stool_1
OTU_97.6457,Left_Retroauricular_crease_1
OTU_97.6459,Tongue_dorsum
OTU_97.6459,Subgingival_plaque
OTU_97.6459,Stool
OTU_97.6459,Left_Antecubital_fossa
OTU_97.646,Right_Antecubital_fossa
OTU_97.646,Hard_palate_1
OTU_97.646,Stool
OTU_97.6465,Right_Retroauricular_crease
OTU_97.6466,Supragingival_plaque_1
OTU_97.6466,Hard_palate_1
OTU_97.6466,Stool_1
OTU_97.6466,Tongue_dorsum_1
OTU_97.6468,Saliva
OTU_97.6468,Attached_Keratinized_gingiva
OTU_97.6468,Palatine_Tonsils_1
OTU_97.647,Right_Retroauricular_crease
OTU_97.647,Hard_palate
OTU_97.647,Stool
OTU_97.648,Subgingival_plaque
OTU_97.648,Left_Antecubital_fossa_1
OTU_97.648,Hard_palate
OTU_97.648,Stool
OTU_97.648,Tongue_dorsum_1
OTU_97.6480,Subgingival_plaque_1
OTU_97.6480,Palatine_Tonsils
OTU_97.6480,Right_Antecubital_fossa_1
OTU_97.6481,Anterior_nares
OTU_97.6481,Left_Antecubital_fossa
OTU_97.6484,Saliva
OTU_97.6484,Hard_palate
OTU_97.6484,Buccal_mucosa_1
OTU_97.6484,Left_Retroauricular_crease_1
OTU_97.6484,Tongue_dorsum_1
OTU_97.6486,Hard_palate
OTU_97.6486,Palatine_Tonsils
OTU_97.6489,Saliva
OTU_97.6493,Supragingival_plaque
OTU_97.6493,Right_Antecubital_fossa_1
OTU_97.6498,Throat
OTU_97.6498,Right_Antecubital_fossa_1
OTU_97.6499,Buccal_mucosa_1
OTU_97.6499,Palatine_Tonsils
OTU_97.6499,Right_Antecubital_fossa_1
OTU_97.65,Right_Retroauricular_crease
OTU_97.65,Palatine_Tonsils_1
OTU_97.65,Throat_1
OTU_97.6514,Right_Retroauricular_crease_1
OTU_97.6514,Throat
OTU_97.6516,Saliva
OTU_97.6516,Left_Retroauricular_crease
OTU_97.6516,Buccal_mucosa_1
OTU_97.6519,Subgingival_plaque
OTU_97.6519,Left_Antecubital_fossa_1
OTU_97.6519,Left_Retroauricular_crease_1
OTU_97.6519,Right_Antecubital_fossa_1
OTU_97.652,Subgingival_plaque
OTU_97.652,Supragingival_plaque_1
OTU_97.652,Saliva
OTU_97.652,Stool_1
OTU_97.652,Palatine_Tonsils
OTU_97.6521,Buccal_mucosa
OTU_97.6521,Attached_Keratinized_gingiva
OTU_97.6531,Palatine_Tonsils_1
OTU_97.6531,Anterior_nares
OTU_97.6536,Supragingival_plaque_1
OTU_97.6536,Left_Antecubital_fossa
OTU_97.6536,Right_Antecubital_fossa_1
OTU_97.6544,Subgingival_plaque
OTU_97.6544,Left_Antecubital_fossa
OTU_97.6547,Buccal_mucosa
OTU_97.6547,Stool
OTU_97.6547,Stool_1
OTU_97.6547,Palatine_Tonsils
OTU_97.6551,Left_Antecubital_fossa_1
OTU_97.6551,Saliva_1
OTU_97.6551,Left_Antecubital_fossa
OTU_97.6552,Attached_Keratinized_gingiva_1
OTU_97.6552,Tongue_dorsum_1
OTU_97.6559,Supragingival_plaque
OTU_97.6559,Saliva_1
OTU_97.6559,Palatine_Tonsils_1
OTU_97.6562,Attached_Keratinized_gingiva_1
OTU_97.6562,Palatine_Tonsils_1
OTU_97.6562,Left_Retroauricular_crease_1
OTU_97.6563,Subgingival_plaque
OTU_97.6563,Attached_Keratinized_gingiva_1
OTU_97.6565,Supragingival_plaque
OTU_97.6565,Subgingival_plaque_1
OTU_97.6572,Buccal_mucosa
OTU_97.6572,Palatine_Tonsils
OTU_97.6572,Attached_Keratinized_gingiva
OTU_97.6575,Supragingival_plaque_1
OTU_97.6575,Hard_palate_1
OTU_97.6575,Stool_1
OTU_97.6577,Buccal_mucosa
OTU_97.6577,Anterior_nares
OTU_97.6577,Throat_1
OTU_97.6578,Left_Antecubital_fossa_1
OTU_97.6578,Palatine_Tonsils
OTU_97.6588,Right_Retroauricular_crease
OTU_97.6588,Left_Retroauricular_crease_1
OTU_97.659,Saliva_1
OTU_97.659,Anterior_nares
OTU_97.659,Tongue_dorsum_1
OTU_97.6592,Left_Retroauricular_crease
OTU_97.6592,Attached_Keratinized_gingiva
OTU_97.6594,Saliva_1
OTU_97.6594,Attached_Keratinized_gingiva
OTU_97.6594,Right_Antecubital_fossa_1
OTU_97.6598,Hard_palate_1
OTU_97.6598,Anterior_nares
OTU_97.66,Buccal_mucosa_1
OTU_97.6600,Saliva
OTU_97.6600,Left_Antecubital_fossa_1
OTU_97.6600,Tongue_dorsum_1
OTU_97.6603,Throat_1
OTU_97.6603,Anterior_nares_1
OTU_97.6605,Attached_Keratinized_gingiva_1
OTU_97.6605,Stool_1
OTU_97.6608,Left_Retroauricular_crease_1
OTU_97.6610,Hard_palate
OTU_97.6610,Left_Antecubital_fossa
OTU_97.6610,Tongue_dorsum_1
OTU_97.6610,Anterior_nares_1
OTU_97.6613,Supragingival_plaque_1
OTU_97.6613,Attached_Keratinized_gingiva_1
OTU_97.6613,Anterior_nares
OTU_97.6615,Hard_palate
OTU_97.6615,Palatine_Tonsils_1
OTU_97.6620,Tongue_dorsum
OTU_97.6620,Subgingival_plaque
OTU_97.6620,Hard_palate
OTU_97.6620,Hard_palate_1
OTU_97.6620,Anterior_nares
OTU_97.6621,Hard_palate
OTU_97.6621,Left_Retroauricular_crease_1
OTU_97.6624,Left_Retroauricular_crease
OTU_97.6630,Left_Retroauricular_crease
OTU_97.6631,Attached_Keratinized_gingiva_1
OTU_97.6631,Hard_palate
OTU_97.6631,Stool_1
OTU_97.6631,Throat
OTU_97.6631,Anterior_nares_1
OTU_97.6634,Right_Antecubital_fossa
OTU_97.6634,Throat
OTU_97.6634,Left_Retroauricular_crease_1
OTU_97.6636,Stool_1
OTU_97.665,Right_Antecubital_fossa
OTU_97.665,Attached_Keratinized_gingiva
OTU_97.6652,Right_Retroauricular_crease_1
OTU_97.6652,Supragingival_plaque_1
OTU_97.6652,Stool_1
OTU_97.6655,Right_Antecubital_fossa
OTU_97.6655,Attached_Keratinized_gingiva
OTU_97.6655,Anterior_nares
OTU_97.6655,Anterior_nares_1
OTU_97.6658,Right_Retroauricular_crease_1
OTU_97.6661,Left_Retroauricular_crease
OTU_97.6661,Hard_palate
OTU_97.6661,Saliva_1
OTU_97.6661,Attached_Keratinized_gingiva
OTU_97.6663,Saliva
OTU_97.6672,Attached_Keratinized_gingiva_1
OTU_97.6672,Hard_palate
OTU_97.6672,Right_Antecubital_fossa_1
OTU_97.6673,Stool_1
OTU_97.6673,Tongue_dorsum_1
OTU_97.6674,Throat
OTU_97.6674,Left_Retroauricular_crease_1
OTU_97.6674,Anterior_nares_1
OTU_97.6678,Supragingival_plaque_1
OTU_97.6678,Right_Antecubital_fossa
OTU_97.6678,Left_Retroauricular_crease
OTU_97.6686,Attached_Keratinized_gingiva
OTU_97.6686,Left_Antecubital_fossa
OTU_97.6686,Tongue_dorsum_1
OTU_97.6688,Tongue_dorsum
OTU_97.6688,Left_Retroauricular_crease
OTU_97.6696,Supragingival_plaque_1
OTU_97.6696,Throat
OTU_97.6696,Tongue_dorsum_1
OTU_97.6697,Hard_palate_1
OTU_97.6697,Anterior_nares
OTU_97.6697,Right_Antecubital_fossa_1
OTU_97.6698,Tongue_dorsum_1
OTU_97.671,Attached_Keratinized_gingiva_1
OTU_97.671,Throat
OTU_97.671,Attached_Keratinized_gingiva
OTU_97.671,Left_Antecubital_fossa
OTU_97.671,Tongue_dorsum_1
OTU_97.6710,Subgingival_plaque
OTU_97.6710,Buccal_mucosa_1
OTU_97.6712,Tongue_dorsum
OTU_97.6712,Left_Antecubital_fossa_1
OTU_97.6712,Hard_palate_1
OTU_97.6712,Palatine_Tonsils_1
OTU_97.6712,Right_Antecubital_fossa_1
OTU_97.6714,Anterior_nares
OTU_97.6717,Right_Antecubital_fossa
OTU_97.6717,Hard_palate_1
OTU_97.6717,Buccal_mucosa_1
OTU_97.6720,Supragingival_plaque_1
OTU_97.6720,Right_Antecubital_fossa
OTU_97.6720,Attached_Keratinized_gingiva
OTU_97.6721,Buccal_mucosa
OTU_97.6721,Buccal_mucosa_1
OTU_97.6721,Saliva_1
OTU_97.6724,Supragingival_plaque
OTU_97.6724,Saliva_1
OTU_97.6724,Right_Antecubital_fossa_1
OTU_97.6725,Supragingival_plaque_1
OTU_97.6725,Left_Retroauricular_crease
OTU_97.6725,Left_Antecubital_fossa
OTU_97.6725,Throat_1
OTU_97.6728,Stool_1
OTU_97.6728,Throat
OTU_97.6728,Attached_Keratinized_gingiva
OTU_97.6733,Anterior_nares
OTU_97.6736,Right_Retroauricular_crease_1
OTU_97.6736,Left_Antecubital_fossa_1
OTU_97.6736,Throat_1
OTU_97.6737,Right_Retroauricular_crease_1
OTU_97.6737,Throat_1
OTU_97.6745,Stool_1
OTU_97.6745,Palatine_Tonsils_1
OTU_97.6751,Right_Retroauricular_crease_1
OTU_97.6751,Right_Antecubital_fossa
OTU_97.6751,Saliva_1
OTU_97.6751,Throat
OTU_97.6751,Left_Retroauricular_crease_1
OTU_97.6753,Anterior_nares
OTU_97.6762,Right_Antecubital_fossa_1
OTU_97.6765,Tongue_dorsum
OTU_97.6765,Subgingival_plaque
OTU_97.6780,Buccal_mucosa
OTU_97.6780,Hard_palate_1
OTU_97.6780,Buccal_mucosa_1
OTU_97.6780,Throat_1
OTU_97.6780,Anterior_nares_1
OTU_97.679,Hard_palate
OTU_97.679,Buccal_mucosa_1
OTU_97.679,Throat_1
OTU_97.6793,Saliva_1
OTU_97.6793,Throat_1
OTU_97.68,Supragingival_plaque_1
OTU_97.68,Buccal_mucosa
OTU_97.68,Left_Antecubital_fossa
OTU_97.680,Right_Retroauricular_crease_1
OTU_97.680,Hard_palate
OTU_97.680,Hard_palate_1
OTU_97.680,Attached_Keratinized_gingiva
OTU_97.6801,Supragingival_plaque_1
OTU_97.6801,Left_Antecubital_fossa_1
OTU_97.6801,Attached_Keratinized_gingiva_1
OTU_97.6801,Anterior_nares
OTU_97.6806,Stool
OTU_97.6807,Supragingival_plaque_1
OTU_97.6807,Palatine_Tonsils
OTU_97.6807,Throat
OTU_97.6810,Supragingival_plaque
OTU_97.6810,Tongue_dorsum_1
OTU_97.6810,Right_Antecubital_fossa_1
OTU_97.6810,Anterior_nares_1
OTU_97.6811,Right_Retroauricular_crease_1
OTU_97.6811,Stool_1
OTU_97.6811,Saliva_1
OTU_97.6816,Right_Retroauricular_crease_1
OTU_97.6816,Buccal_mucosa
OTU_97.6816,Left_Antecubital_fossa_1
OTU_97.6816,Left_Retroauricular_crease
OTU_97.6816,Palatine_Tonsils
OTU_97.6816,Throat_1
OTU_97.682,Left_Retroauricular_crease
OTU_97.682,Buccal_mucosa_1
OTU_97.6820,Left_Retroauricular_crease
OTU_97.6820,Attached_Keratinized_gingiva_1
OTU_97.6820,Left_Antecubital_fossa
OTU_97.6825,Right_Retroauricular_crease_1
OTU_97.6825,Saliva
OTU_97.6825,Left_Antecubital_fossa_1
OTU_97.6825,Throat_1
OTU_97.6826,Hard_palate
OTU_97.6826,Stool
OTU_97.6826,Saliva_1
OTU_97.6826,Throat
OTU_97.6835,Supragingival_plaque_1
OTU_97.6835,Palatine_Tonsils
OTU_97.6838,Right_Antecubital_fossa_1
OTU_97.6846,Left_Antecubital_fossa_1
OTU_97.6846,Left_Retroauricular_crease
OTU_97.6846,Subgingival_plaque_1
OTU_97.6846,Saliva_1
OTU_97.6846,Attached_Keratinized_gingiva
OTU_97.6846,Anterior_nares_1
OTU_97.6849,Tongue_dorsum
OTU_97.6849,Attached_Keratinized_gingiva_1
OTU_97.6849,Attached_Keratinized_gingiva
OTU_97.685,Tongue_dorsum
OTU_97.685,Left_Retroauricular_crease
OTU_97.685,Attached_Keratinized_gingiva
OTU_97.685,Anterior_nares
OTU_97.6856,Right_Retroauricular_crease_1
OTU_97.6856,Buccal_mucosa
OTU_97.6856,Palatine_Tonsils
OTU_97.6856,Tongue_dorsum_1
OTU_97.6867,Tongue_dorsum
OTU_97.6867,Attached_Keratinized_gingiva_1
OTU_97.6867,Subgingival_plaque_1
OTU_97.6867,Left_Retroauricular_crease_1
OTU_97.687,Buccal_mucosa_1
OTU_97.687,Attached_Keratinized_gingiva
OTU_97.687,Left_Retroauricular_crease_1
OTU_97.687,Throat_1
OTU_97.6879,Buccal_mucosa_1
OTU_97.6879,Palatine_Tonsils
OTU_97.6885,Throat
OTU_97.6888,Right_Retroauricular_crease_1
OTU_97.6888,Stool
OTU_97.6896,Right_Retroauricular_crease_1
OTU_97.6896,Saliva
OTU_97.6896,Right_Retroauricular_crease
OTU_97.6896,Left_Retroauricular_crease
OTU_97.6897,Attached_Keratinized_gingiva
OTU_97.6897,Throat_1
OTU_97.69,Attached_Keratinized_gingiva_1
OTU_97.6901,Right_Retroauricular_crease
OTU_97.6901,Hard_palate
OTU_97.6901,Attached_Keratinized_gingiva
OTU_97.6902,Supragingival_plaque_1
OTU_97.6902,Throat
OTU_97.6904,Right_Retroauricular_crease_1
OTU_97.6904,Supragingival_plaque
OTU_97.6904,Right_Retroauricular_crease
OTU_97.6904,Stool
OTU_97.6904,Saliva_1
OTU_97.6909,Right_Retroauricular_crease
OTU_97.6909,Hard_palate_1
OTU_97.6915,Saliva
OTU_97.6915,Anterior_nares
OTU_97.6915,Tongue_dorsum_1
OTU_97.6917,Hard_palate_1
OTU_97.6917,Saliva_1
OTU_97.6917,Attached_Keratinized_gingiva
OTU_97.692,Right_Retroauricular_crease
OTU_97.692,Stool_1
OTU_97.6926,Hard_palate_1
OTU_97.6926,Palatine_Tonsils_1
OTU_97.6926,Anterior_nares
OTU_97.6935,Subgingival_plaque
OTU_97.6935,Attached_Keratinized_gingiva
OTU_97.6937,Subgingival_plaque_1
OTU_97.6937,Left_Antecubital_fossa
OTU_97.6937,Right_Antecubital_fossa_1
OTU_97.694,Right_Retroauricular_crease_1
OTU_97.6946,Subgingival_plaque
OTU_97.6946,Subgingival_plaque_1
OTU_97.695,Stool_1
OTU_97.6952,Saliva_1
OTU_97.6955,Right_Antecubital_fossa
OTU_97.696,Supragingival_plaque_1
OTU_97.696,Stool
OTU_97.696,Subgingival_plaque_1
OTU_97.696,Throat_1
OTU_97.6964,Left_Antecubital_fossa_1
OTU_97.6964,Attached_Keratinized_gingiva_1
OTU_97.6964,Throat_1
OTU_97.6967,Attached_Keratinized_gingiva_1
OTU_97.6967,Attached_Keratinized_gingiva
OTU_97.6977,Hard_palate_1
OTU_97.6977,Buccal_mucosa_1
OTU_97.6977,Throat_1
OTU_97.6981,Saliva
OTU_97.6981,Left_Antecubital_fossa_1
OTU_97.6981,Hard_palate
OTU_97.6981,Buccal_mucosa_1
OTU_97.6987,Hard_palate
OTU_97.6987,Hard_palate_1
OTU_97.6993,Attached_Keratinized_gingiva_1
OTU_97.6993,Stool
OTU_97.6993,Saliva_1
OTU_97.6993,Anterior_nares
OTU_97.6996,Right_Retroauricular_crease_1
OTU_97.6997,Buccal_mucosa
OTU_97.6997,Stool
OTU_97.6997,Palatine_Tonsils
OTU_97.700,Left_Antecubital_fossa_1
OTU_97.700,Hard_palate_1
OTU_97.700,Tongue_dorsum_1
OTU_97.700,Right_Antecubital_fossa_1
OTU_97.700,Anterior_nares_1
OTU_97.7000,Buccal_mucosa
OTU_97.7000,Right_Antecubital_fossa
OTU_97.7000,Left_Antecubital_fossa
OTU_97.7000,Right_Antecubital_fossa_1
OTU_97.7003,Saliva
OTU_97.7003,Subgingival_plaque_1
OTU_97.7003,Throat_1
OTU_97.7004,Anterior_nares
OTU_97.7004,Right_Antecubital_fossa_1
OTU_97.7009,Left_Retroauricular_crease
OTU_97.7009,Attached_Keratinized_gingiva_1
OTU_97.7009,Anterior_nares_1
OTU_97.7028,Tongue_dorsum
OTU_97.7028,Left_Antecubital_fossa_1
OTU_97.7028,Left_Retroauricular_crease
OTU_97.7028,Hard_palate
OTU_97.7028,Stool
OTU_97.7028,Stool_1
OTU_97.7028,Right_Antecubital_fossa_1
OTU_97.7030,Tongue_dorsum
OTU_97.7030,Saliva
OTU_97.704,Tongue_dorsum
OTU_97.704,Supragingival_plaque
OTU_97.704,Stool
OTU_97.704,Stool_1
OTU_97.7043,Supragingival_plaque
OTU_97.7043,Stool
OTU_97.7043,Throat_1
OTU_97.7046,Subgingival_plaque
OTU_97.7046,Left_Antecubital_fossa_1
OTU_97.7046,Attached_Keratinized_gingiva_1
OTU_97.7046,Left_Antecubital_fossa
OTU_97.7051,Right_Antecubital_fossa
OTU_97.7051,Attached_Keratinized_gingiva
OTU_97.7060,Left_Antecubital_fossa_1
OTU_97.7060,Anterior_nares_1
OTU_97.7068,Right_Retroauricular_crease_1
OTU_97.7068,Saliva
OTU_97.707,Subgingival_plaque
OTU_97.707,Supragingival_plaque
OTU_97.707,Palatine_Tonsils_1
OTU_97.7075,Buccal_mucosa_1
OTU_97.7075,Palatine_Tonsils_1
OTU_97.7075,Tongue_dorsum_1
OTU_97.7078,Right_Retroauricular_crease_1
OTU_97.7078,Buccal_mucosa
OTU_97.7078,Buccal_mucosa_1
OTU_97.7078,Subgingival_plaque_1
OTU_97.708,Left_Antecubital_fossa_1
OTU_97.7082,Hard_palate
OTU_97.7082,Stool
OTU_97.7086,Tongue_dorsum
OTU_97.7086,Right_Retroauricular_crease
OTU_97.7086,Hard_palate
OTU_97.7086,Tongue_dorsum_1
OTU_97.7087,Right_Retroauricular_crease_1
OTU_97.7087,Left_Antecubital_fossa_1
OTU_97.7087,Right_Antecubital_fossa_1
OTU_97.7089,Right_Retroauricular_crease
OTU_97.7089,Anterior_nares
OTU_97.7089,Throat_1
OTU_97.7090,Right_Retroauricular_crease_1
OTU_97.7090,Left_Retroauricular_crease_1
OTU_97.7097,Supragingival_plaque_1
OTU_97.7097,Buccal_mucosa
OTU_97.7097,Buccal_mucosa_1
OTU_97.7097,Throat
OTU_97.71,Buccal_mucosa_1
OTU_97.71,Subgingival_plaque_1
OTU_97.71,Anterior_nares
OTU_97.7102,Palatine_Tonsils
OTU_97.7111,Tongue_dorsum
OTU_97.7111,Subgingival_plaque
OTU_97.7111,Attached_Keratinized_gingiva_1
OTU_97.7112,Right_Retroauricular_crease_1
OTU_97.7112,Right_Retroauricular_crease
OTU_97.7112,Subgingival_plaque_1
OTU_97.7112,Tongue_dorsum_1
OTU_97.7113,Supragingival_plaque
OTU_97.7113,Right_Antecubital_fossa
OTU_97.7113,Attached_Keratinized_gingiva
OTU_97.7115,Right_Antecubital_fossa
OTU_97.7115,Left_Retroauricular_crease
OTU_97.7115,Throat
OTU_97.7119,Supragingival_plaque_1
OTU_97.7119,Throat_1
OTU_97.7128,Subgingival_plaque
OTU_97.7128,Right_Antecubital_fossa
OTU_97.7128,Left_Retroauricular_crease
OTU_97.7130,Right_Antecubital_fossa_1
OTU_97.7131,Right_Retroauricular_crease
OTU_97.7131,Left_Retroauricular_crease
OTU_97.7134,Right_Antecubital_fossa
OTU_97.7134,Left_Retroauricular_crease
OTU_97.7134,Attached_Keratinized_gingiva_1
OTU_97.7134,Saliva_1
OTU_97.7134,Left_Antecubital_fossa
OTU_97.7134,Throat_1
OTU_97.7135,Stool_1
OTU_97.7135,Palatine_Tonsils_1
OTU_97.7136,Right_Antecubital_fossa
OTU_97.7136,Attached_Keratinized_gingiva_1
OTU_97.7136,Saliva_1
OTU_97.7136,Attached_Keratinized_gingiva
OTU_97.7138,Tongue_dorsum
OTU_97.7138,Supragingival_plaque
OTU_97.7138,Saliva_1
OTU_97.7138,Right_Antecubital_fossa_1
OTU_97.7139,Buccal_mucosa_1
OTU_97.7139,Subgingival_plaque_1
OTU_97.7139,Saliva_1
OTU_97.7139,Attached_Keratinized_gingiva
OTU_97.714,Right_Retroauricular_crease_1
OTU_97.714,Buccal_mucosa
OTU_97.714,Right_Antecubital_fossa
OTU_97.714,Stool
OTU_97.714,Palatine_Tonsils_1
OTU_97.714,Left_Antecubital_fossa
OTU_97.7140,Right_Antecubital_fossa
OTU_97.7140,Subgingival_plaque_1
OTU_97.7143,Right_Retroauricular_crease
OTU_97.7143,Subgingival_plaque_1
OTU_97.7143,Saliva_1
OTU_97.7143,Palatine_Tonsils
OTU_97.7144,Palatine_Tonsils
OTU_97.7144,Left_Retroauricular_crease_1
OTU_97.7144,Anterior_nares
OTU_97.715,Right_Antecubital_fossa
OTU_97.715,Subgingival_plaque_1
OTU_97.715,Left_Antecubital_fossa
OTU_97.7151,Left_Antecubital_fossa_1
OTU_97.7151,Attached_Keratinized_gingiva_1
OTU_97.7151,Stool
OTU_97.7158,Left_Retroauricular_crease_1
OTU_97.7163,Right_Retroauricular_crease_1
OTU_97.7163,Left_Antecubital_fossa
OTU_97.7167,Stool_1
OTU_97.7167,Subgingival_plaque_1
OTU_97.7167,Attached_Keratinized_gingiva
OTU_97.718,Right_Retroauricular_crease_1
OTU_97.718,Left_Antecubital_fossa_1
OTU_97.718,Buccal_mucosa_1
OTU_97.7187,Left_Retroauricular_crease_1
OTU_97.7187,Anterior_nares
OTU_97.7187,Left_Antecubital_fossa
OTU_97.7187,Anterior_nares_1
OTU_97.7188,Right_Retroauricular_crease_1
OTU_97.7188,Saliva_1
OTU_97.7188,Palatine_Tonsils
OTU_97.7188,Right_Antecubital_fossa_1
OTU_97.7189,Stool
OTU_97.7189,Left_Antecubital_fossa
OTU_97.7190,Attached_Keratinized_gingiva_1
OTU_97.7190,Anterior_nares
OTU_97.7202,Supragingival_plaque_1
OTU_97.7202,Throat
OTU_97.7203,Palatine_Tonsils
OTU_97.721,Buccal_mucosa_1
OTU_97.721,Subgingival_plaque_1
OTU_97.7210,Right_Retroauricular_crease_1
OTU_97.7210,Supragingival_plaque
OTU_97.7210,Attached_Keratinized_gingiva_1
OTU_97.7210,Buccal_mucosa_1
OTU_97.7220,Buccal_mucosa
OTU_97.7220,Saliva
OTU_97.7223,Supragingival_plaque
OTU_97.7228,Right_Antecubital_fossa
OTU_97.7228,Attached_Keratinized_gingiva_1
OTU_97.7228,Attached_Keratinized_gingiva
OTU_97.7228,Throat_1
OTU_97.7229,Subgingival_plaque_1
OTU_97.7231,Saliva_1
OTU_97.7234,Left_Retroauricular_crease
OTU_97.7234,Palatine_Tonsils_1
OTU_97.7237,Subgingival_plaque
OTU_97.7237,Left_Retroauricular_crease
OTU_97.7237,Left_Antecubital_fossa
OTU_97.7239,Buccal_mucosa
OTU_97.7239,Stool_1
OTU_97.7240,Buccal_mucosa
OTU_97.7240,Right_Retroauricular_crease
OTU_97.7240,Buccal_mucosa_1
OTU_97.7242,Subgingival_plaque
OTU_97.7246,Supragingival_plaque_1
OTU_97.7246,Buccal_mucosa
OTU_97.7246,Palatine_Tonsils_1
OTU_97.7246,Tongue_dorsum_1
OTU_97.725,Hard_palate
OTU_97.725,Stool_1
OTU_97.725,Throat
OTU_97.7252,Supragingival_plaque
OTU_97.7258,Left_Retroauricular_crease
OTU_97.7258,Palatine_Tonsils
OTU_97.7260,Tongue_dorsum
OTU_97.7260,Tongue_dorsum_1
OTU_97.7264,Stool_1
OTU_97.7264,Anterior_nares_1
OTU_97.7265,Buccal_mucosa_1
OTU_97.7265,Stool
OTU_97.7271,Hard_palate
OTU_97.7271,Stool
OTU_97.7271,Subgingival_plaque_1
OTU_97.7273,Right_Retroauricular_crease_1
OTU_97.7273,Attached_Keratinized_gingiva_1
OTU_97.7273,Tongue_dorsum_1
OTU_97.7278,Left_Antecubital_fossa_1
OTU_97.728,Palatine_Tonsils_1
OTU_97.728,Tongue_dorsum_1
OTU_97.7282,Right_Retroauricular_crease_1
OTU_97.7282,Subgingival_plaque_1
OTU_97.7282,Anterior_nares
OTU_97.7284,Left_Antecubital_fossa_1
OTU_97.7284,Saliva_1
OTU_97.7287,Subgingival_plaque
OTU_97.7287,Supragingival_plaque
OTU_97.7287,Stool
OTU_97.729,Supragingival_plaque_1
OTU_97.729,Attached_Keratinized_gingiva_1
OTU_97.729,Stool_1
OTU_97.729,Attached_Keratinized_gingiva
OTU_97.729,Tongue_dorsum_1
OTU_97.7292,Saliva
OTU_97.7292,Hard_palate
OTU_97.7292,Palatine_Tonsils
OTU_97.7292,Throat
OTU_97.7295,Stool
OTU_97.7295,Subgingival_plaque_1
OTU_97.7295,Throat
OTU_97.7297,Tongue_dorsum
OTU_97.73,Saliva
OTU_97.7313,Left_Antecubital_fossa_1
OTU_97.7313,Palatine_Tonsils
OTU_97.7321,Buccal_mucosa_1
OTU_97.7324,Right_Retroauricular_crease
OTU_97.7324,Stool_1
OTU_97.7324,Saliva_1
OTU_97.7324,Right_Antecubital_fossa_1
OTU_97.7325,Left_Antecubital_fossa_1
OTU_97.7335,Subgingival_plaque_1
OTU_97.7335,Right_Antecubital_fossa_1
OTU_97.7341,Right_Antecubital_fossa
OTU_97.7341,Attached_Keratinized_gingiva_1
OTU_97.7341,Hard_palate_1
OTU_97.7348,Supragingival_plaque_1
OTU_97.7355,Hard_palate
OTU_97.7355,Stool
OTU_97.7355,Attached_Keratinized_gingiva
OTU_97.736,Subgingival_plaque_1
OTU_97.736,Throat
OTU_97.736,Throat_1
OTU_97.7373,Attached_Keratinized_gingiva_1
OTU_97.7373,Left_Antecubital_fossa
OTU_97.7376,Right_Retroauricular_crease_1
OTU_97.7376,Subgingival_plaque_1
OTU_97.738,Stool
OTU_97.738,Anterior_nares_1
OTU_97.7383,Tongue_dorsum
OTU_97.7383,Anterior_nares
OTU_97.7385,Buccal_mucosa
OTU_97.7385,Anterior_nares
OTU_97.7388,Left_Retroauricular_crease_1
OTU_97.7388,Tongue_dorsum_1
OTU_97.7389,Left_Antecubital_fossa_1
OTU_97.7389,Palatine_Tonsils_1
OTU_97.739,Right_Retroauricular_crease_1
OTU_97.739,Tongue_dorsum_1
OTU_97.7391,Left_Antecubital_fossa_1
OTU_97.7391,Throat_1
OTU_97.7397,Right_Retroauricular_crease_1
OTU_97.7397,Stool
OTU_97.7397,Subgingival_plaque_1
OTU_97.7397,Anterior_nares_1
OTU_97.74,Throat
OTU_97.74,Left_Retroauricular_crease_1
OTU_97.740,Subgingival_plaque_1
OTU_97.740,Saliva_1
OTU_97.7403,Attached_Keratinized_gingiva
OTU_97.7408,Supragingival_plaque_1
OTU_97.741,Buccal_mucosa
OTU_97.741,Anterior_nares
OTU_97.7414,Subgingival_plaque
OTU_97.7414,Left_Retroauricular_crease
OTU_97.7414,Subgingival_plaque_1
OTU_97.7414,Saliva_1
OTU_97.7416,Right_Retroauricular_crease_1
OTU_97.7416,Buccal_mucosa_1
OTU_97.7416,Subgingival_plaque_1
OTU_97.7416,Throat_1
OTU_97.7418,Left_Antecubital_fossa_1
OTU_97.7418,Hard_palate
OTU_97.7418,Throat_1
OTU_97.743,Palatine_Tonsils
OTU_97.743,Throat
OTU_97.743,Anterior_nares
OTU_97.7430,Supragingival_plaque_1
OTU_97.7430,Saliva_1
OTU_97.7431,Subgingival_plaque
OTU_97.7431,Saliva_1
OTU_97.7431,Anterior_nares_1
OTU_97.7432,Palatine_Tonsils
OTU_97.7432,Right_Antecubital_fossa_1
OTU_97.7433,Buccal_mucosa
OTU_97.7433,Supragingival_plaque
OTU_97.7433,Stool_1
OTU_97.7433,Left_Antecubital_fossa
OTU_97.7434,Hard_palate
OTU_97.7434,Throat
OTU_97.7434,Anterior_nares_1
OTU_97.7435,Supragingival_plaque
OTU_97.7435,Stool
OTU_97.7435,Left_Retroauricular_crease_1
OTU_97.7435,Right_Antecubital_fossa_1
OTU_97.7446,Anterior_nares
OTU_97.7448,Left_Antecubital_fossa_1
OTU_97.7448,Hard_palate
OTU_97.7448,Buccal_mucosa_1
OTU_97.7448,Stool
OTU_97.7448,Throat_1
OTU_97.745,Left_Retroauricular_crease
OTU_97.7457,Subgingival_plaque
OTU_97.7457,Left_Retroauricular_crease_1
OTU_97.7459,Palatine_Tonsils
OTU_97.7459,Left_Retroauricular_crease_1
OTU_97.746,Tongue_dorsum
OTU_97.746,Tongue_dorsum_1
OTU_97.7463,Tongue_dorsum
OTU_97.7463,Palatine_Tonsils_1
OTU_97.7466,Subgingival_plaque
OTU_97.7466,Saliva
OTU_97.7466,Palatine_Tonsils_1
OTU_97.7469,Supragingival_plaque_1
OTU_97.7469,Buccal_mucosa
OTU_97.7469,Hard_palate_1
OTU_97.7469,Palatine_Tonsils
OTU_97.7469,Attached_Keratinized_gingiva
OTU_97.7469,Right_Antecubital_fossa_1
OTU_97.7475,Subgingival_plaque
OTU_97.7475,Left_Antecubital_fossa_1
OTU_97.748,Subgingival_plaque
OTU_97.748,Saliva
OTU_97.748,Anterior_nares
OTU_97.748,Throat_1
OTU_97.7480,Left_Antecubital_fossa
OTU_97.7497,Tongue_dorsum
OTU_97.7497,Attached_Keratinized_gingiva
OTU_97.75,Hard_palate
OTU_97.75,Throat_1
OTU_97.750,Left_Retroauricular_crease
OTU_97.750,Subgingival_plaque_1
OTU_97.750,Right_Antecubital_fossa_1
OTU_97.7501,Left_Antecubital_fossa
OTU_97.7501,Tongue_dorsum_1
OTU_97.7506,Attached_Keratinized_gingiva
OTU_97.7515,Attached_Keratinized_gingiva_1
OTU_97.7515,Tongue_dorsum_1
OTU_97.752,Hard_palate_1
OTU_97.752,Palatine_Tonsils_1
OTU_97.7522,Right_Antecubital_fossa
OTU_97.7524,Right_Antecubital_fossa
OTU_97.7524,Left_Retroauricular_crease
OTU_97.7524,Attached_Keratinized_gingiva_1
OTU_97.7524,Saliva_1
OTU_97.7525,Right_Retroauricular_crease
OTU_97.7525,Left_Retroauricular_crease
OTU_97.7525,Anterior_nares
OTU_97.7554,Supragingival_plaque_1
OTU_97.7554,Attached_Keratinized_gingiva_1
OTU_97.7555,Supragingival_plaque
OTU_97.7555,Hard_palate
OTU_97.7555,Saliva_1
OTU_97.7555,Throat_1
OTU_97.7557,Tongue_dorsum
OTU_97.7557,Buccal_mucosa_1
OTU_97.7557,Subgingival_plaque_1
OTU_97.7557,Tongue_dorsum_1
OTU_97.756,Buccal_mucosa
OTU_97.7562,Right_Retroauricular_crease_1
OTU_97.7562,Saliva
OTU_97.7562,Left_Retroauricular_crease
OTU_97.7566,Attached_Keratinized_gingiva_1
OTU_97.7566,Hard_palate
OTU_97.7566,Throat
OTU_97.7566,Throat_1
OTU_97.7567,Right_Antecubital_fossa
OTU_97.7567,Palatine_Tonsils_1
OTU_97.7567,Left_Antecubital_fossa
OTU_97.7567,Right_Antecubital_fossa_1
OTU_97.7568,Left_Retroauricular_crease
OTU_97.7568,Hard_palate
OTU_97.7568,Stool
OTU_97.7569,Supragingival_plaque_1
OTU_97.7570,Buccal_mucosa
OTU_97.7570,Right_Antecubital_fossa
OTU_97.7570,Palatine_Tonsils
OTU_97.7570,Attached_Keratinized_gingiva
OTU_97.758,Hard_palate_1
OTU_97.758,Stool_1
OTU_97.758,Throat
OTU_97.758,Attached_Keratinized_gingiva
OTU_97.758,Palatine_Tonsils_1
OTU_97.758,Right_Antecubital_fossa_1
OTU_97.759,Buccal_mucosa_1
OTU_97.759,Left_Retroauricular_crease_1
OTU_97.759,Tongue_dorsum_1
OTU_97.7591,Buccal_mucosa
OTU_97.7591,Stool
OTU_97.7591,Subgingival_plaque_1
OTU_97.7591,Left_Antecubital_fossa
OTU_97.7593,Supragingival_plaque_1
OTU_97.7593,Stool
OTU_97.760,Supragingival_plaque
OTU_97.760,Saliva_1
OTU_97.7601,Attached_Keratinized_gingiva
OTU_97.7601,Anterior_nares_1
OTU_97.7611,Supragingival_plaque
OTU_97.7611,Right_Retroauricular_crease
OTU_97.7611,Subgingival_plaque_1
OTU_97.7614,Buccal_mucosa_1
OTU_97.7614,Palatine_Tonsils
OTU_97.7614,Palatine_Tonsils_1
OTU_97.7614,Tongue_dorsum_1
OTU_97.762,Hard_palate_1
OTU_97.7628,Subgingival_plaque
OTU_97.7628,Anterior_nares
OTU_97.7632,Subgingival_plaque
OTU_97.7632,Left_Retroauricular_crease
OTU_97.7634,Left_Antecubital_fossa_1
OTU_97.7634,Attached_Keratinized_gingiva_1
OTU_97.7636,Saliva
OTU_97.7636,Right_Retroauricular_crease
OTU_97.7636,Stool_1
OTU_97.7636,Right_Antecubital_fossa_1
OTU_97.7638,Stool_1
OTU_97.7646,Saliva
OTU_97.7646,Tongue_dorsum_1
OTU_97.7648,Subgingival_plaque
OTU_97.7648,Buccal_mucosa
OTU_97.7648,Supragingival_plaque
OTU_97.7648,Right_Antecubital_fossa
OTU_97.7648,Hard_palate_1
OTU_97.7648,Palatine_Tonsils_1
OTU_97.7653,Right_Antecubital_fossa
OTU_97.7653,Palatine_Tonsils_1
OTU_97.7653,Tongue_dorsum_1
OTU_97.7658,Tongue_dorsum
OTU_97.7658,Hard_palate_1
OTU_97.7658,Stool_1
OTU_97.7663,Tongue_dorsum
OTU_97.7663,Saliva
OTU_97.7663,Anterior_nares
OTU_97.7663,Throat_1
OTU_97.7666,Supragingival_plaque_1
OTU_97.7666,Left_Antecubital_fossa
OTU_97.7667,Buccal_mucosa
OTU_97.7667,Right_Antecubital_fossa
OTU_97.7667,Palatine_Tonsils
OTU_97.767,Left_Retroauricular_crease
OTU_97.7670,Attached_Keratinized_gingiva_1
OTU_97.7670,Right_Antecubital_fossa_1
OTU_97.7671,Saliva
OTU_97.7671,Left_Retroauricular_crease
OTU_97.7671,Tongue_dorsum_1
OTU_97.7672,Anterior_nares
OTU_97.7680,Palatine_Tonsils
OTU_97.7680,Anterior_nares
OTU_97.769,Left_Antecubital_fossa
OTU_97.7690,Attached_Keratinized_gingiva
OTU_97.7690,Left_Antecubital_fossa
OTU_97.7690,Right_Antecubital_fossa_1
OTU_97.7693,Right_Retroauricular_crease_1
OTU_97.7693,Saliva
OTU_97.7693,Anterior_nares
OTU_97.7693,Left_Antecubital_fossa
OTU_97.7697,Tongue_dorsum
OTU_97.7697,Throat
OTU_97.7697,Left_Antecubital_fossa
OTU_97.77,Right_Retroauricular_crease_1
OTU_97.77,Left_Retroauricular_crease
OTU_97.7700,Attached_Keratinized_gingiva_1
OTU_97.7700,Stool
OTU_97.7700,Anterior_nares
OTU_97.7700,Throat_1
OTU_97.7706,Palatine_Tonsils_1
OTU_97.771,Left_Antecubital_fossa_1
OTU_97.771,Attached_Keratinized_gingiva
OTU_97.7711,Hard_palate_1
OTU_97.7716,Stool
OTU_97.7716,Left_Retroauricular_crease_1
OTU_97.7719,Supragingival_plaque
OTU_97.7719,Stool
OTU_97.7719,Attached_Keratinized_gingiva
OTU_97.7719,Left_Antecubital_fossa
OTU_97.772,Right_Retroauricular_crease_1
OTU_97.772,Tongue_dorsum_1
OTU_97.772,Anterior_nares_1
OTU_97.7726,Right_Retroauricular_crease_1
OTU_97.7726,Right_Antecubital_fossa
OTU_97.7726,Left_Retroauricular_crease_1
OTU_97.7727,Subgingival_plaque
OTU_97.7727,Attached_Keratinized_gingiva_1
OTU_97.7727,Anterior_nares
OTU_97.7729,Supragingival_plaque_1
OTU_97.7729,Left_Antecubital_fossa_1
OTU_97.7729,Attached_Keratinized_gingiva
OTU_97.773,Buccal_mucosa
OTU_97.773,Left_Antecubital_fossa_1
OTU_97.773,Left_Retroauricular_crease
OTU_97.773,Stool_1
OTU_97.7743,Buccal_mucosa_1
OTU_97.7743,Attached_Keratinized_gingiva
OTU_97.7744,Left_Retroauricular_crease
OTU_97.7744,Hard_palate_1
OTU_97.7744,Anterior_nares
OTU_97.7748,Right_Retroauricular_crease
OTU_97.7750,Right_Retroauricular_crease_1
OTU_97.7750,Supragingival_plaque
OTU_97.7750,Stool_1
OTU_97.7750,Tongue_dorsum_1
OTU_97.7756,Saliva
OTU_97.7756,Attached_Keratinized_gingiva
OTU_97.7756,Anterior_nares
OTU_97.7757,Tongue_dorsum
OTU_97.7757,Right_Retroauricular_crease_1
OTU_97.7757,Subgingival_plaque
OTU_97.7757,Left_Retroauricular_crease
OTU_97.7757,Hard_palate
OTU_97.7757,Hard_palate_1
OTU_97.7757,Left_Retroauricular_crease_1
OTU_97.7757,Left_Antecubital_fossa
OTU_97.776,Subgingival_plaque_1
OTU_97.7760,Saliva
OTU_97.7760,Palatine_Tonsils_1
OTU_97.7760,Right_Antecubital_fossa_1
OTU_97.7762,Tongue_dorsum
OTU_97.7762,Subgingival_plaque
OTU_97.7762,Tongue_dorsum_1
OTU_97.7762,Throat_1
OTU_97.7764,Supragingival_plaque
OTU_97.7764,Throat_1
OTU_97.7768,Saliva
OTU_97.7768,Right_Retroauricular_crease
OTU_97.7768,Buccal_mucosa_1
OTU_97.7768,Stool
OTU_97.778,Tongue_dorsum
OTU_97.778,Left_Retroauricular_crease
OTU_97.778,Buccal_mucosa_1
OTU_97.778,Tongue_dorsum_1
OTU_97.7782,Attached_Keratinized_gingiva
OTU_97.7782,Right_Antecubital_fossa_1
OTU_97.7794,Left_Antecubital_fossa
OTU_97.7794,Throat_1
OTU_97.7797,Supragingival_plaque
OTU_97.7797,Attached_Keratinized_gingiva_1
OTU_97.7799,Right_Antecubital_fossa
OTU_97.78,Tongue_dorsum
OTU_97.78,Right_Retroauricular_crease_1
OTU_97.78,Supragingival_plaque
OTU_97.78,Hard_palate
OTU_97.78,Anterior_nares
OTU_97.7803,Hard_palate_1
OTU_97.7803,Right_Antecubital_fossa_1
OTU_97.7803,Throat_1
OTU_97.7805,Saliva
OTU_97.7805,Hard_palate_1
OTU_97.7805,Palatine_Tonsils
OTU_97.7809,Buccal_mucosa
OTU_97.7809,Left_Antecubital_fossa_1
OTU_97.7809,Attached_Keratinized_gingiva
OTU_97.7809,Palatine_Tonsils_1
OTU_97.7809,Tongue_dorsum_1
OTU_97.781,Saliva
OTU_97.781,Hard_palate_1
OTU_97.781,Throat_1
OTU_97.7813,Left_Antecubital_fossa
OTU_97.7821,Supragingival_plaque_1
OTU_97.7821,Right_Retroauricular_crease
OTU_97.7821,Throat
OTU_97.783,Tongue_dorsum
OTU_97.7830,Hard_palate_1
OTU_97.7830,Right_Antecubital_fossa_1
OTU_97.7838,Supragingival_plaque
OTU_97.7838,Saliva
OTU_97.7838,Hard_palate_1
OTU_97.7838,Subgingival_plaque_1
OTU_97.7838,Left_Antecubital_fossa
OTU_97.784,Hard_palate_1
OTU_97.784,Buccal_mucosa_1
OTU_97.784,Subgingival_plaque_1
OTU_97.7846,Right_Retroauricular_crease_1
OTU_97.7846,Saliva
OTU_97.7848,Hard_palate
OTU_97.7848,Attached_Keratinized_gingiva
OTU_97.7848,Left_Antecubital_fossa
OTU_97.7848,Throat_1
OTU_97.785,Left_Retroauricular_crease
OTU_97.785,Palatine_Tonsils
OTU_97.7850,Left_Retroauricular_crease
OTU_97.7850,Left_Antecubital_fossa
OTU_97.7851,Tongue_dorsum
OTU_97.7851,Throat
OTU_97.7851,Anterior_nares
OTU_97.7857,Palatine_Tonsils
OTU_97.7857,Tongue_dorsum_1
OTU_97.7857,Right_Antecubital_fossa_1
OTU_97.786,Right_Antecubital_fossa_1
OTU_97.786,Throat_1
OTU_97.7863,Tongue_dorsum
OTU_97.7863,Subgingival_plaque_1
OTU_97.7866,Buccal_mucosa
OTU_97.7866,Supragingival_plaque
OTU_97.7866,Subgingival_plaque_1
OTU_97.7866,Throat
OTU_97.7866,Tongue_dorsum_1
OTU_97.787,Subgingival_plaque
OTU_97.787,Stool_1
OTU_97.787,Saliva_1
OTU_97.7870,Buccal_mucosa
OTU_97.7881,Saliva_1
OTU_97.7882,Anterior_nares
OTU_97.7886,Anterior_nares
OTU_97.7886,Left_Antecubital_fossa
OTU_97.789,Buccal_mucosa
OTU_97.789,Supragingival_plaque
OTU_97.789,Palatine_Tonsils_1
OTU_97.7897,Subgingival_plaque
OTU_97.7897,Right_Antecubital_fossa
OTU_97.7897,Palatine_Tonsils_1
OTU_97.7897,Left_Retroauricular_crease_1
OTU_97.7897,Tongue_dorsum_1
OTU_97.790,Right_Antecubital_fossa
OTU_97.790,Attached_Keratinized_gingiva
OTU_97.7907,Buccal_mucosa
OTU_97.7907,Left_Retroauricular_crease
OTU_97.7907,Subgingival_plaque_1
OTU_97.791,Buccal_mucosa
OTU_97.792,Right_Retroauricular_crease_1
OTU_97.792,Right_Retroauricular_crease
OTU_97.792,Right_Antecubital_fossa
OTU_97.792,Palatine_Tonsils_1
OTU_97.7921,Buccal_mucosa
OTU_97.7921,Hard_palate_1
OTU_97.7921,Right_Antecubital_fossa_1
OTU_97.7922,Supragingival_plaque
OTU_97.7922,Hard_palate_1
OTU_97.7922,Subgingival_plaque_1
OTU_97.7922,Throat_1
OTU_97.7922,Anterior_nares_1
OTU_97.7923,Buccal_mucosa_1
OTU_97.7923,Palatine_Tonsils_1
OTU_97.7923,Throat_1
OTU_97.7927,Right_Retroauricular_crease_1
OTU_97.7927,Saliva
OTU_97.7927,Anterior_nares
OTU_97.7928,Palatine_Tonsils
OTU_97.793,Palatine_Tonsils_1
OTU_97.7930,Right_Antecubital_fossa
OTU_97.7930,Throat
OTU_97.7930,Left_Antecubital_fossa
OTU_97.7931,Buccal_mucosa_1
OTU_97.7931,Left_Retroauricular_crease_1
OTU_97.7936,Tongue_dorsum_1
OTU_97.7937,Supragingival_plaque
OTU_97.7937,Buccal_mucosa_1
OTU_97.7937,Left_Antecubital_fossa
OTU_97.794,Stool_1
OTU_97.794,Saliva_1
OTU_97.7948,Tongue_dorsum
OTU_97.7948,Supragingival_plaque_1
OTU_97.7948,Buccal_mucosa
OTU_97.7948,Supragingival_plaque
OTU_97.7948,Buccal_mucosa_1
OTU_97.796,Palatine_Tonsils_1
OTU_97.7960,Saliva
OTU_97.7966,Buccal_mucosa
OTU_97.7966,Stool
OTU_97.7966,Subgingival_plaque_1
OTU_97.7966,Anterior_nares
OTU_97.7966,Right_Antecubital_fossa_1
OTU_97.7966,Anterior_nares_1
OTU_97.798,Hard_palate_1
OTU_97.798,Throat
OTU_97.7989,Left_Antecubital_fossa_1
OTU_97.7989,Right_Retroauricular_crease
OTU_97.7989,Hard_palate
OTU_97.7989,Palatine_Tonsils_1
OTU_97.799,Right_Retroauricular_crease_1
OTU_97.799,Right_Retroauricular_crease
OTU_97.799,Stool
OTU_97.799,Tongue_dorsum_1
OTU_97.7990,Buccal_mucosa
OTU_97.7990,Right_Retroauricular_crease
OTU_97.7990,Hard_palate
OTU_97.7990,Right_Antecubital_fossa_1
OTU_97.7993,Right_Retroauricular_crease_1
OTU_97.7993,Anterior_nares
OTU_97.7993,Right_Antecubital_fossa_1
OTU_97.7994,Hard_palate_1
OTU_97.7994,Anterior_nares
OTU_97.7995,Buccal_mucosa
OTU_97.7995,Buccal_mucosa_1
OTU_97.7995,Saliva_1
OTU_97.7997,Attached_Keratinized_gingiva_1
OTU_97.7997,Right_Antecubital_fossa_1
OTU_97.7999,Saliva
OTU_97.7999,Attached_Keratinized_gingiva_1
OTU_97.7999,Hard_palate_1
OTU_97.8000,Hard_palate_1
OTU_97.8002,Attached_Keratinized_gingiva_1
OTU_97.8002,Palatine_Tonsils
OTU_97.8002,Tongue_dorsum_1
OTU_97.8006,Supragingival_plaque
OTU_97.8006,Left_Retroauricular_crease
OTU_97.8006,Buccal_mucosa_1
OTU_97.8006,Throat
OTU_97.8006,Left_Antecubital_fossa
OTU_97.8011,Right_Retroauricular_crease_1
OTU_97.8011,Right_Retroauricular_crease
OTU_97.8011,Right_Antecubital_fossa
OTU_97.8012,Tongue_dorsum
OTU_97.8012,Buccal_mucosa
OTU_97.8012,Saliva
OTU_97.8012,Stool_1
OTU_97.8012,Saliva_1
OTU_97.8028,Buccal_mucosa_1
OTU_97.8029,Attached_Keratinized_gingiva_1
OTU_97.8029,Right_Antecubital_fossa_1
OTU_97.803,Tongue_dorsum
OTU_97.8036,Saliva
OTU_97.8036,Saliva_1
OTU_97.8036,Tongue_dorsum_1
OTU_97.8037,Buccal_mucosa_1
OTU_97.8037,Saliva_1
OTU_97.8037,Palatine_Tonsils
OTU_97.8037,Attached_Keratinized_gingiva
OTU_97.8037,Tongue_dorsum_1
OTU_97.8038,Right_Retroauricular_crease
OTU_97.8038,Buccal_mucosa_1
OTU_97.8038,Attached_Keratinized_gingiva
OTU_97.804,Tongue_dorsum
OTU_97.804,Anterior_nares
OTU_97.8040,Saliva
OTU_97.8040,Hard_palate
OTU_97.8040,Right_Antecubital_fossa_1
OTU_97.8044,Subgingival_plaque
OTU_97.8044,Left_Retroauricular_crease
OTU_97.8044,Hard_palate
OTU_97.8047,Subgingival_plaque
OTU_97.8047,Hard_palate_1
OTU_97.8047,Attached_Keratinized_gingiva
OTU_97.8047,Throat_1
OTU_97.8054,Buccal_mucosa
OTU_97.8054,Right_Antecubital_fossa_1
OTU_97.8054,Throat_1
OTU_97.8054,Anterior_nares_1
OTU_97.8055,Supragingival_plaque_1
OTU_97.8055,Left_Retroauricular_crease
OTU_97.8059,Subgingival_plaque
OTU_97.8059,Buccal_mucosa
OTU_97.806,Hard_palate_1
OTU_97.806,Anterior_nares_1
OTU_97.8061,Attached_Keratinized_gingiva_1
OTU_97.8064,Right_Antecubital_fossa_1
OTU_97.8069,Right_Retroauricular_crease_1
OTU_97.8069,Subgingival_plaque
OTU_97.8069,Buccal_mucosa
OTU_97.8069,Tongue_dorsum_1
OTU_97.8070,Right_Retroauricular_crease_1
OTU_97.8070,Buccal_mucosa
OTU_97.8070,Hard_palate_1
OTU_97.8075,Subgingival_plaque
OTU_97.8075,Hard_palate_1
OTU_97.808,Saliva
OTU_97.808,Right_Retroauricular_crease
OTU_97.808,Anterior_nares
OTU_97.808,Left_Antecubital_fossa
OTU_97.808,Right_Antecubital_fossa_1
OTU_97.808,Anterior_nares_1
OTU_97.8086,Saliva
OTU_97.8086,Left_Retroauricular_crease
OTU_97.8095,Right_Retroauricular_crease_1
OTU_97.8095,Buccal_mucosa_1
OTU_97.8097,Subgingival_plaque_1
OTU_97.8097,Anterior_nares
OTU_97.8097,Left_Antecubital_fossa
OTU_97.81,Subgingival_plaque
OTU_97.81,Right_Retroauricular_crease
OTU_97.81,Subgingival_plaque_1
OTU_97.810,Tongue_dorsum
OTU_97.810,Anterior_nares
OTU_97.8106,Hard_palate
OTU_97.8106,Stool_1
OTU_97.8106,Throat_1
OTU_97.8111,Subgingival_plaque
OTU_97.8111,Left_Retroauricular_crease
OTU_97.8111,Left_Antecubital_fossa
OTU_97.8114,Left_Retroauricular_crease
OTU_97.8114,Hard_palate
OTU_97.8114,Buccal_mucosa_1
OTU_97.8114,Saliva_1
OTU_97.8114,Throat
OTU_97.8117,Right_Retroauricular_crease_1
OTU_97.8117,Buccal_mucosa
OTU_97.8117,Palatine_Tonsils_1
OTU_97.8124,Tongue_dorsum
OTU_97.8124,Left_Retroauricular_crease
OTU_97.8124,Hard_palate_1
OTU_97.813,Saliva
OTU_97.813,Left_Antecubital_fossa_1
OTU_97.8134,Supragingival_plaque
OTU_97.8134,Left_Antecubital_fossa_1
OTU_97.8134,Stool
OTU_97.8134,Throat
OTU_97.8139,Supragingival_plaque_1
OTU_97.8139,Anterior_nares_1
OTU_97.8142,Buccal_mucosa
OTU_97.8142,Stool
OTU_97.8142,Stool_1
OTU_97.8142,Anterior_nares_1
OTU_97.8146,Hard_palate
OTU_97.8147,Right_Antecubital_fossa
OTU_97.8147,Stool
OTU_97.8147,Throat_1
OTU_97.8155,Buccal_mucosa
OTU_97.8155,Saliva
OTU_97.8155,Attached_Keratinized_gingiva_1
OTU_97.8163,Right_Retroauricular_crease_1
OTU_97.8163,Palatine_Tonsils
OTU_97.8165,Right_Retroauricular_crease
OTU_97.8165,Left_Retroauricular_crease
OTU_97.8165,Hard_palate_1
OTU_97.8165,Buccal_mucosa_1
OTU_97.8165,Subgingival_plaque_1
OTU_97.8168,Hard_palate_1
OTU_97.8170,Tongue_dorsum_1
OTU_97.8173,Right_Antecubital_fossa
OTU_97.8173,Attached_Keratinized_gingiva_1
OTU_97.818,Subgingival_plaque
OTU_97.818,Palatine_Tonsils
OTU_97.818,Attached_Keratinized_gingiva
OTU_97.8181,Supragingival_plaque_1
OTU_97.8181,Left_Antecubital_fossa_1
OTU_97.8191,Saliva_1
OTU_97.8191,Right_Antecubital_fossa_1
OTU_97.8192,Right_Antecubital_fossa
OTU_97.8192,Palatine_Tonsils
OTU_97.8192,Left_Antecubital_fossa
OTU_97.8196,Stool
OTU_97.82,Attached_Keratinized_gingiva_1
OTU_97.82,Throat_1
OTU_97.8200,Hard_palate
OTU_97.8200,Stool_1
OTU_97.8200,Subgingival_plaque_1
OTU_97.8200,Palatine_Tonsils
OTU_97.8200,Throat
OTU_97.8200,Left_Antecubital_fossa
OTU_97.8200,Right_Antecubital_fossa_1
OTU_97.8215,Throat
OTU_97.822,Right_Antecubital_fossa
OTU_97.822,Left_Retroauricular_crease
OTU_97.822,Left_Retroauricular_crease_1
OTU_97.8224,Right_Antecubital_fossa
OTU_97.8224,Left_Retroauricular_crease
OTU_97.8224,Hard_palate
OTU_97.8226,Attached_Keratinized_gingiva_1
OTU_97.8226,Subgingival_plaque_1
OTU_97.8226,Attached_Keratinized_gingiva
OTU_97.8226,Throat_1
OTU_97.8229,Left_Antecubital_fossa_1
OTU_97.8229,Right_Retroauricular_crease
OTU_97.8229,Stool_1
OTU_97.8229,Tongue_dorsum_1
OTU_97.8237,Stool
OTU_97.8237,Palatine_Tonsils
OTU_97.8237,Anterior_nares_1
OTU_97.8239,Supragingival_plaque
OTU_97.8239,Right_Antecubital_fossa
OTU_97.8239,Hard_palate_1
OTU_97.8239,Right_Antecubital_fossa_1
OTU_97.8247,Anterior_nares
OTU_97.8247,Throat_1
OTU_97.8249,Saliva
OTU_97.8249,Palatine_Tonsils
OTU_97.8249,Left_Retroauricular_crease_1
OTU_97.8251,Subgingival_plaque
OTU_97.8251,Saliva
OTU_97.8254,Subgingival_plaque_1
OTU_97.8254,Palatine_Tonsils_1
OTU_97.8254,Right_Antecubital_fossa_1
OTU_97.8256,Attached_Keratinized_gingiva_1
OTU_97.826,Supragingival_plaque_1
OTU_97.826,Right_Antecubital_fossa
OTU_97.826,Right_Antecubital_fossa_1
OTU_97.826,Throat_1
OTU_97.8267,Left_Antecubital_fossa
OTU_97.8268,Supragingival_plaque
OTU_97.8268,Subgingival_plaque_1
OTU_97.8268,Palatine_Tonsils_1
OTU_97.8275,Buccal_mucosa
OTU_97.8275,Palatine_Tonsils_1
OTU_97.8291,Subgingival_plaque_1
OTU_97.8291,Palatine_Tonsils_1
OTU_97.8291,Left_Antecubital_fossa
OTU_97.83,Subgingival_plaque
OTU_97.83,Left_Antecubital_fossa_1
OTU_97.83,Attached_Keratinized_gingiva_1
OTU_97.83,Left_Antecubital_fossa
OTU_97.8311,Hard_palate_1
OTU_97.8311,Stool_1
OTU_97.8311,Saliva_1
OTU_97.8316,Subgingival_plaque_1
OTU_97.8319,Subgingival_plaque
OTU_97.832,Tongue_dorsum
OTU_97.832,Saliva
OTU_97.8328,Right_Retroauricular_crease
OTU_97.8328,Saliva_1
OTU_97.8328,Palatine_Tonsils
OTU_97.8328,Throat
OTU_97.8328,Tongue_dorsum_1
OTU_97.8330,Left_Antecubital_fossa_1
OTU_97.8330,Attached_Keratinized_gingiva_1
OTU_97.8330,Buccal_mucosa_1
OTU_97.8334,Right_Retroauricular_crease_1
OTU_97.8334,Buccal_mucosa
OTU_97.8334,Hard_palate
OTU_97.8334,Tongue_dorsum_1
OTU_97.8340,Tongue_dorsum
OTU_97.8340,Supragingival_plaque_1
OTU_97.8340,Supragingival_plaque
OTU_97.8340,Right_Antecubital_fossa
OTU_97.8342,Right_Retroauricular_crease_1
OTU_97.8342,Subgingival_plaque
OTU_97.8342,Left_Antecubital_fossa_1
OTU_97.8349,Buccal_mucosa
OTU_97.8349,Right_Antecubital_fossa
OTU_97.8349,Stool
OTU_97.8351,Tongue_dorsum_1
OTU_97.8356,Left_Retroauricular_crease
OTU_97.8356,Hard_palate
OTU_97.8356,Buccal_mucosa_1
OTU_97.8357,Right_Antecubital_fossa
OTU_97.8357,Stool
OTU_97.8357,Subgingival_plaque_1
OTU_97.8357,Palatine_Tonsils_1
OTU_97.8358,Buccal_mucosa_1
OTU_97.8358,Attached_Keratinized_gingiva
OTU_97.836,Saliva
OTU_97.8364,Right_Retroauricular_crease_1
OTU_97.8364,Supragingival_plaque_1
OTU_97.8364,Supragingival_plaque
OTU_97.8364,Stool_1
OTU_97.8365,Buccal_mucosa
OTU_97.8365,Supragingival_plaque
OTU_97.8365,Subgingival_plaque_1
OTU_97.8365,Throat
OTU_97.8365,Anterior_nares
OTU_97.8365,Left_Antecubital_fossa
OTU_97.8367,Supragingival_plaque
OTU_97.8367,Buccal_mucosa_1
OTU_97.8367,Stool
OTU_97.8367,Anterior_nares_1
OTU_97.8379,Left_Retroauricular_crease
OTU_97.8379,Palatine_Tonsils_1
OTU_97.8382,Subgingival_plaque
OTU_97.8382,Supragingival_plaque
OTU_97.8382,Subgingival_plaque_1
OTU_97.8382,Tongue_dorsum_1
OTU_97.8387,Stool_1
OTU_97.8387,Throat
OTU_97.8387,Anterior_nares
OTU_97.8389,Supragingival_plaque_1
OTU_97.8392,Subgingival_plaque_1
OTU_97.8392,Throat
OTU_97.8397,Buccal_mucosa
OTU_97.8397,Right_Antecubital_fossa_1
OTU_97.840,Supragingival_plaque_1
OTU_97.840,Left_Retroauricular_crease
OTU_97.840,Left_Retroauricular_crease_1
OTU_97.840,Anterior_nares
OTU_97.841,Right_Retroauricular_crease_1
OTU_97.841,Right_Retroauricular_crease
OTU_97.841,Hard_palate
OTU_97.841,Stool
OTU_97.841,Left_Retroauricular_crease_1
OTU_97.8413,Attached_Keratinized_gingiva
OTU_97.8428,Right_Retroauricular_crease_1
OTU_97.8428,Hard_palate_1
OTU_97.8428,Stool
OTU_97.8428,Stool_1
OTU_97.843,Subgingival_plaque
OTU_97.843,Attached_Keratinized_gingiva_1
OTU_97.843,Anterior_nares_1
OTU_97.8430,Subgingival_plaque
OTU_97.8430,Left_Retroauricular_crease
OTU_97.8430,Attached_Keratinized_gingiva_1
OTU_97.8430,Anterior_nares_1
OTU_97.8434,Tongue_dorsum
OTU_97.8434,Supragingival_plaque
OTU_97.8434,Left_Antecubital_fossa_1
OTU_97.8434,Hard_palate
OTU_97.8434,Left_Antecubital_fossa
OTU_97.8437,Attached_Keratinized_gingiva_1
OTU_97.8437,Throat
OTU_97.8438,Buccal_mucosa
OTU_97.8438,Right_Retroauricular_crease
OTU_97.8438,Left_Retroauricular_crease
OTU_97.8438,Hard_palate_1
OTU_97.8439,Right_Retroauricular_crease_1
OTU_97.8439,Left_Antecubital_fossa
OTU_97.8445,Subgingival_plaque
OTU_97.8445,Attached_Keratinized_gingiva_1
OTU_97.8445,Stool
OTU_97.8445,Stool_1
OTU_97.8445,Throat
OTU_97.8445,Palatine_Tonsils_1
OTU_97.845,Supragingival_plaque_1
OTU_97.845,Left_Antecubital_fossa_1
OTU_97.8451,Right_Retroauricular_crease
OTU_97.8451,Hard_palate_1
OTU_97.8455,Right_Antecubital_fossa
OTU_97.8455,Left_Retroauricular_crease
OTU_97.8456,Left_Antecubital_fossa_1
OTU_97.846,Saliva
OTU_97.846,Anterior_nares_1
OTU_97.8462,Right_Antecubital_fossa
OTU_97.8462,Subgingival_plaque_1
OTU_97.8462,Saliva_1
OTU_97.8462,Throat
OTU_97.8465,Anterior_nares_1
OTU_97.8471,Supragingival_plaque_1
OTU_97.8471,Left_Retroauricular_crease
OTU_97.8474,Subgingival_plaque
OTU_97.8474,Supragingival_plaque
OTU_97.8474,Hard_palate
OTU_97.8474,Stool_1
OTU_97.8474,Attached_Keratinized_gingiva
OTU_97.8474,Throat_1
OTU_97.8475,Right_Antecubital_fossa
OTU_97.8483,Right_Retroauricular_crease_1
OTU_97.8483,Right_Retroauricular_crease
OTU_97.8483,Right_Antecubital_fossa_1
OTU_97.8484,Attached_Keratinized_gingiva_1
OTU_97.8494,Right_Retroauricular_crease
OTU_97.8494,Hard_palate_1
OTU_97.8494,Throat
OTU_97.8495,Tongue_dorsum
OTU_97.8495,Subgingival_plaque
OTU_97.8495,Stool_1
OTU_97.8495,Throat
OTU_97.8495,Anterior_nares_1
OTU_97.8498,Right_Retroauricular_crease_1
OTU_97.8498,Hard_palate
OTU_97.8498,Saliva_1
OTU_97.8500,Subgingival_plaque
OTU_97.8500,Buccal_mucosa
OTU_97.8500,Saliva
OTU_97.8500,Left_Antecubital_fossa_1
OTU_97.8504,Buccal_mucosa
OTU_97.8504,Supragingival_plaque
OTU_97.8504,Left_Antecubital_fossa_1
OTU_97.8504,Saliva_1
OTU_97.8504,Attached_Keratinized_gingiva
OTU_97.8509,Saliva
OTU_97.8509,Right_Antecubital_fossa
OTU_97.8509,Anterior_nares
OTU_97.8510,Buccal_mucosa
OTU_97.8510,Anterior_nares
OTU_97.8510,Tongue_dorsum_1
OTU_97.8513,Buccal_mucosa
OTU_97.8513,Buccal_mucosa_1
OTU_97.8513,Attached_Keratinized_gingiva
OTU_97.8513,Palatine_Tonsils_1
OTU_97.8514,Supragingival_plaque_1
OTU_97.8514,Right_Antecubital_fossa
OTU_97.8514,Saliva_1
OTU_97.8517,Left_Antecubital_fossa_1
OTU_97.8517,Throat
OTU_97.8517,Palatine_Tonsils_1
OTU_97.8517,Anterior_nares
OTU_97.8521,Tongue_dorsum
OTU_97.8521,Palatine_Tonsils
OTU_97.8521,Left_Retroauricular_crease_1
OTU_97.8521,Throat_1
OTU_97.8529,Stool
OTU_97.8529,Subgingival_plaque_1
OTU_97.8529,Attached_Keratinized_gingiva
OTU_97.8529,Left_Retroauricular_crease_1
OTU_97.8531,Left_Antecubital_fossa_1
OTU_97.8531,Hard_palate_1
OTU_97.8531,Palatine_Tonsils
OTU_97.8534,Supragingival_plaque_1
OTU_97.8534,Right_Retroauricular_crease
OTU_97.8534,Subgingival_plaque_1
OTU_97.8534,Anterior_nares
OTU_97.8538,Tongue_dorsum_1
OTU_97.8539,Right_Retroauricular_crease_1
OTU_97.8539,Buccal_mucosa
OTU_97.8539,Buccal_mucosa_1
OTU_97.8539,Palatine_Tonsils
OTU_97.8542,Subgingival_plaque_1
OTU_97.8542,Attached_Keratinized_gingiva
OTU_97.8545,Left_Antecubital_fossa_1
OTU_97.8545,Subgingival_plaque_1
OTU_97.8551,Attached_Keratinized_gingiva
OTU_97.8551,Tongue_dorsum_1
OTU_97.8551,Anterior_nares_1
OTU_97.8552,Tongue_dorsum
OTU_97.8552,Right_Retroauricular_crease_1
OTU_97.8552,Hard_palate_1
OTU_97.8552,Tongue_dorsum_1
OTU_97.8557,Left_Antecubital_fossa_1
OTU_97.8557,Saliva_1
OTU_97.8557,Attached_Keratinized_gingiva
OTU_97.8557,Left_Retroauricular_crease_1
OTU_97.8557,Anterior_nares
OTU_97.8565,Left_Antecubital_fossa_1
OTU_97.8565,Left_Retroauricular_crease
OTU_97.8565,Right_Antecubital_fossa_1
OTU_97.8572,Throat
OTU_97.8572,Anterior_nares
OTU_97.8575,Subgingival_plaque_1
OTU_97.8578,Supragingival_plaque_1
OTU_97.8578,Hard_palate_1
OTU_97.8578,Stool_1
OTU_97.8579,Supragingival_plaque
OTU_97.8579,Left_Retroauricular_crease
OTU_97.8579,Anterior_nares
OTU_97.858,Tongue_dorsum
OTU_97.858,Hard_palate
OTU_97.858,Attached_Keratinized_gingiva
OTU_97.858,Right_Antecubital_fossa_1
OTU_97.8581,Hard_palate
OTU_97.8581,Right_Antecubital_fossa_1
OTU_97.8582,Right_Retroauricular_crease
OTU_97.8582,Attached_Keratinized_gingiva_1
OTU_97.8584,Buccal_mucosa_1
OTU_97.8584,Subgingival_plaque_1
OTU_97.8584,Throat_1
OTU_97.8585,Right_Antecubital_fossa
OTU_97.8585,Anterior_nares
OTU_97.8595,Subgingival_plaque
OTU_97.8595,Stool
OTU_97.8596,Subgingival_plaque_1
OTU_97.8599,Palatine_Tonsils
OTU_97.86,Right_Retroauricular_crease_1
OTU_97.86,Stool
OTU_97.86,Palatine_Tonsils_1
OTU_97.8601,Left_Antecubital_fossa_1
OTU_97.8601,Right_Antecubital_fossa
OTU_97.8601,Saliva_1
OTU_97.8604,Hard_palate_1
OTU_97.8604,Buccal_mucosa_1
OTU_97.8604,Left_Antecubital_fossa
OTU_97.8604,Tongue_dorsum_1
OTU_97.8607,Buccal_mucosa_1
OTU_97.8607,Stool
OTU_97.861,Saliva
OTU_97.861,Hard_palate_1
OTU_97.8610,Right_Retroauricular_crease
OTU_97.8610,Hard_palate
OTU_97.8610,Anterior_nares
OTU_97.8611,Attached_Keratinized_gingiva_1
OTU_97.8611,Throat
OTU_97.8611,Palatine_Tonsils_1
OTU_97.8614,Left_Retroauricular_crease_1
OTU_97.862,Saliva
OTU_97.862,Attached_Keratinized_gingiva_1
OTU_97.862,Stool
OTU_97.862,Throat_1
OTU_97.8624,Buccal_mucosa
OTU_97.8624,Right_Retroauricular_crease
OTU_97.8624,Left_Retroauricular_crease
OTU_97.8624,Saliva_1
OTU_97.8629,Right_Retroauricular_crease_1
OTU_97.8629,Buccal_mucosa
OTU_97.8629,Buccal_mucosa_1
OTU_97.8629,Palatine_Tonsils_1
OTU_97.8632,Saliva_1
OTU_97.8635,Tongue_dorsum
OTU_97.8638,Supragingival_plaque
OTU_97.8638,Attached_Keratinized_gingiva_1
OTU_97.8638,Stool_1
OTU_97.8638,Saliva_1
OTU_97.8638,Throat_1
OTU_97.8639,Attached_Keratinized_gingiva_1
OTU_97.8639,Stool_1
OTU_97.8639,Subgingival_plaque_1
OTU_97.8639,Saliva_1
OTU_97.8639,Throat
OTU_97.865,Buccal_mucosa
OTU_97.865,Subgingival_plaque_1
OTU_97.8655,Right_Antecubital_fossa
OTU_97.8655,Hard_palate
OTU_97.8655,Attached_Keratinized_gingiva
OTU_97.8663,Subgingival_plaque_1
OTU_97.8663,Tongue_dorsum_1
OTU_97.8669,Left_Retroauricular_crease
OTU_97.8669,Attached_Keratinized_gingiva_1
OTU_97.8669,Throat_1
OTU_97.867,Buccal_mucosa_1
OTU_97.867,Left_Antecubital_fossa
OTU_97.8675,Tongue_dorsum
OTU_97.8675,Right_Retroauricular_crease_1
OTU_97.8675,Palatine_Tonsils
OTU_97.8675,Throat
OTU_97.8676,Attached_Keratinized_gingiva_1
OTU_97.8676,Stool
OTU_97.8678,Right_Retroauricular_crease
OTU_97.8678,Right_Antecubital_fossa_1
OTU_97.869,Right_Retroauricular_crease
OTU_97.8698,Stool_1
OTU_97.8698,Saliva_1
OTU_97.8698,Throat
OTU_97.8698,Left_Retroauricular_crease_1
OTU_97.8698,Tongue_dorsum_1
OTU_97.8699,Supragingival_plaque
OTU_97.8699,Right_Antecubital_fossa
OTU_97.8699,Anterior_nares_1
OTU_97.87,Left_Retroauricular_crease
OTU_97.87,Throat
OTU_97.87,Anterior_nares_1
OTU_97.870,Saliva
OTU_97.870,Stool
OTU_97.8700,Tongue_dorsum
OTU_97.8700,Subgingival_plaque
OTU_97.8700,Buccal_mucosa_1
OTU_97.8708,Tongue_dorsum
OTU_97.8708,Subgingival_plaque_1
OTU_97.8710,Saliva
OTU_97.8710,Palatine_Tonsils_1
OTU_97.8714,Subgingival_plaque
OTU_97.8714,Stool_1
OTU_97.8714,Palatine_Tonsils
OTU_97.8721,Supragingival_plaque_1
OTU_97.8721,Left_Retroauricular_crease_1
OTU_97.8721,Anterior_nares_1
OTU_97.8725,Buccal_mucosa
OTU_97.8725,Saliva
OTU_97.8725,Hard_palate
OTU_97.8725,Stool_1
OTU_97.8729,Supragingival_plaque
OTU_97.8729,Right_Antecubital_fossa
OTU_97.8729,Hard_palate_1
OTU_97.8731,Right_Retroauricular_crease_1
OTU_97.8731,Right_Antecubital_fossa
OTU_97.8736,Hard_palate
OTU_97.8737,Anterior_nares_1
OTU_97.8740,Right_Retroauricular_crease_1
OTU_97.8740,Left_Antecubital_fossa_1
OTU_97.8740,Left_Retroauricular_crease
OTU_97.8740,Buccal_mucosa_1
OTU_97.8740,Tongue_dorsum_1
OTU_97.8741,Right_Retroauricular_crease_1
OTU_97.8741,Right_Antecubital_fossa
OTU_97.8741,Palatine_Tonsils_1
OTU_97.8741,Left_Antecubital_fossa
OTU_97.8743,Hard_palate_1
OTU_97.8747,Anterior_nares
OTU_97.8751,Right_Antecubital_fossa
OTU_97.8751,Palatine_Tonsils_1
OTU_97.8751,Right_Antecubital_fossa_1
OTU_97.8754,Right_Antecubital_fossa
OTU_97.8754,Left_Retroauricular_crease
OTU_97.8754,Stool
OTU_97.8754,Subgingival_plaque_1
OTU_97.8754,Throat
OTU_97.8754,Anterior_nares_1
OTU_97.8760,Tongue_dorsum
OTU_97.8760,Subgingival_plaque
OTU_97.8760,Attached_Keratinized_gingiva_1
OTU_97.8760,Hard_palate
OTU_97.8760,Hard_palate_1
OTU_97.8760,Attached_Keratinized_gingiva
OTU_97.8766,Supragingival_plaque_1
OTU_97.8766,Left_Retroauricular_crease
OTU_97.8766,Attached_Keratinized_gingiva_1
OTU_97.8766,Palatine_Tonsils
OTU_97.8768,Subgingival_plaque
OTU_97.877,Supragingival_plaque
OTU_97.877,Palatine_Tonsils
OTU_97.877,Anterior_nares
OTU_97.878,Buccal_mucosa
OTU_97.878,Palatine_Tonsils
OTU_97.878,Right_Antecubital_fossa_1
OTU_97.8785,Right_Antecubital_fossa
OTU_97.8785,Saliva_1
OTU_97.8789,Buccal_mucosa_1
OTU_97.8789,Subgingival_plaque_1
OTU_97.8789,Attached_Keratinized_gingiva
OTU_97.8789,Anterior_nares_1
OTU_97.879,Attached_Keratinized_gingiva_1
OTU_97.879,Stool_1
OTU_97.879,Throat_1
OTU_97.8794,Right_Retroauricular_crease
OTU_97.8796,Supragingival_plaque
OTU_97.8796,Left_Retroauricular_crease
OTU_97.8796,Attached_Keratinized_gingiva_1
OTU_97.8797,Right_Retroauricular_crease_1
OTU_97.8797,Subgingival_plaque
OTU_97.8797,Buccal_mucosa
OTU_97.8797,Hard_palate
OTU_97.8797,Throat_1
OTU_97.8798,Buccal_mucosa_1
OTU_97.88,Subgingival_plaque
OTU_97.88,Anterior_nares_1
OTU_97.8800,Hard_palate
OTU_97.8805,Left_Retroauricular_crease_1
OTU_97.881,Supragingival_plaque_1
OTU_97.881,Hard_palate_1
OTU_97.881,Attached_Keratinized_gingiva
OTU_97.8812,Right_Retroauricular_crease_1
OTU_97.8812,Saliva_1
OTU_97.8812,Throat
OTU_97.8812,Left_Retroauricular_crease_1
OTU_97.8825,Subgingival_plaque
OTU_97.8825,Right_Antecubital_fossa
OTU_97.8825,Hard_palate
OTU_97.8830,Right_Retroauricular_crease
OTU_97.8830,Buccal_mucosa_1
OTU_97.8830,Palatine_Tonsils_1
OTU_97.8830,Left_Retroauricular_crease_1
OTU_97.8831,Buccal_mucosa_1
OTU_97.8831,Palatine_Tonsils
OTU_97.8842,Attached_Keratinized_gingiva
OTU_97.8842,Anterior_nares
OTU_97.8843,Supragingival_plaque_1
OTU_97.8843,Stool_1
OTU_97.8843,Attached_Keratinized_gingiva
OTU_97.8844,Attached_Keratinized_gingiva_1
OTU_97.8844,Hard_palate_1
OTU_97.8844,Buccal_mucosa_1
OTU_97.8844,Stool
OTU_97.8853,Right_Retroauricular_crease
OTU_97.8856,Left_Antecubital_fossa_1
OTU_97.8856,Left_Retroauricular_crease
OTU_97.8856,Attached_Keratinized_gingiva
OTU_97.8856,Palatine_Tonsils_1
OTU_97.8859,Subgingival_plaque_1
OTU_97.8859,Throat_1
OTU_97.8859,Anterior_nares_1
OTU_97.886,Stool
OTU_97.8862,Supragingival_plaque_1
OTU_97.887,Anterior_nares
OTU_97.8873,Hard_palate
OTU_97.8873,Throat
OTU_97.8873,Anterior_nares
OTU_97.8874,Tongue_dorsum
OTU_97.8874,Saliva
OTU_97.8875,Tongue_dorsum
OTU_97.8875,Subgingival_plaque_1
OTU_97.8876,Saliva
OTU_97.8876,Right_Antecubital_fossa
OTU_97.8876,Palatine_Tonsils_1
OTU_97.8876,Anterior_nares
OTU_97.8880,Right_Retroauricular_crease_1
OTU_97.8880,Stool
OTU_97.8882,Throat
OTU_97.8885,Supragingival_plaque_1
OTU_97.8885,Right_Antecubital_fossa
OTU_97.8885,Attached_Keratinized_gingiva
OTU_97.8886,Tongue_dorsum
OTU_97.8886,Left_Retroauricular_crease
OTU_97.8886,Subgingival_plaque_1
OTU_97.8889,Tongue_dorsum
OTU_97.8889,Saliva_1
OTU_97.8891,Hard_palate
OTU_97.8891,Subgingival_plaque_1
OTU_97.8892,Supragingival_plaque_1
OTU_97.8892,Hard_palate
OTU_97.8892,Palatine_Tonsils_1
OTU_97.8896,Throat
OTU_97.8896,Attached_Keratinized_gingiva
OTU_97.8896,Right_Antecubital_fossa_1
OTU_97.8898,Left_Retroauricular_crease_1
OTU_97.89,Subgingival_plaque
OTU_97.89,Saliva
OTU_97.8902,Hard_palate_1
OTU_97.8902,Subgingival_plaque_1
OTU_97.891,Buccal_mucosa
OTU_97.8913,Right_Retroauricular_crease_1
OTU_97.8913,Right_Antecubital_fossa
OTU_97.8919,Attached_Keratinized_gingiva_1
OTU_97.8919,Palatine_Tonsils_1
OTU_97.8922,Supragingival_plaque_1
OTU_97.8922,Left_Retroauricular_crease
OTU_97.8922,Attached_Keratinized_gingiva_1
OTU_97.8922,Hard_palate_1
OTU_97.8922,Stool
OTU_97.8924,Tongue_dorsum
OTU_97.8924,Right_Antecubital_fossa
OTU_97.8924,Left_Retroauricular_crease_1
OTU_97.8924,Tongue_dorsum_1
OTU_97.8927,Left_Antecubital_fossa_1
OTU_97.8927,Attached_Keratinized_gingiva_1
OTU_97.8931,Left_Antecubital_fossa_1
OTU_97.8942,Tongue_dorsum
OTU_97.8942,Stool_1
OTU_97.8947,Supragingival_plaque_1
OTU_97.8947,Left_Antecubital_fossa_1
OTU_97.8947,Hard_palate
OTU_97.8947,Subgingival_plaque_1
OTU_97.8947,Left_Antecubital_fossa
OTU_97.895,Saliva
OTU_97.895,Left_Antecubital_fossa_1
OTU_97.895,Subgingival_plaque_1
OTU_97.895,Right_Antecubital_fossa_1
OTU_97.8957,Supragingival_plaque_1
OTU_97.8957,Right_Antecubital_fossa_1
OTU_97.896,Saliva_1
OTU_97.8960,Attached_Keratinized_gingiva_1
OTU_97.8960,Palatine_Tonsils_1
OTU_97.8967,Attached_Keratinized_gingiva
OTU_97.8979,Stool
OTU_97.8979,Right_Antecubital_fossa_1
OTU_97.8979,Anterior_nares_1
OTU_97.8982,Tongue_dorsum
OTU_97.8982,Supragingival_plaque
OTU_97.8982,Stool_1
OTU_97.8982,Throat
OTU_97.8983,Buccal_mucosa
OTU_97.8983,Supragingival_plaque
OTU_97.8983,Attached_Keratinized_gingiva_1
OTU_97.8983,Hard_palate
OTU_97.8983,Anterior_nares
OTU_97.8988,Tongue_dorsum
OTU_97.8988,Right_Retroauricular_crease_1
OTU_97.8988,Right_Retroauricular_crease
OTU_97.899,Subgingival_plaque
OTU_97.8991,Left_Antecubital_fossa_1
OTU_97.8991,Hard_palate_1
OTU_97.8991,Anterior_nares
OTU_97.8992,Left_Retroauricular_crease_1
OTU_97.8996,Tongue_dorsum
OTU_97.8996,Palatine_Tonsils
OTU_97.8997,Supragingival_plaque_1
OTU_97.8997,Right_Antecubital_fossa
OTU_97.9,Stool
OTU_97.9,Stool_1
OTU_97.9,Anterior_nares
OTU_97.9004,Buccal_mucosa
OTU_97.9004,Left_Retroauricular_crease
OTU_97.9004,Palatine_Tonsils
OTU_97.9005,Subgingival_plaque
OTU_97.9005,Buccal_mucosa
OTU_97.9005,Buccal_mucosa_1
OTU_97.9005,Throat
OTU_97.9005,Palatine_Tonsils_1
OTU_97.9005,Anterior_nares
OTU_97.9006,Left_Retroauricular_crease_1
OTU_97.901,Hard_palate
OTU_97.901,Anterior_nares
OTU_97.9012,Saliva
OTU_97.9012,Throat
OTU_97.9019,Right_Retroauricular_crease_1
OTU_97.9019,Left_Antecubital_fossa_1
OTU_97.9021,Stool_1
OTU_97.9021,Right_Antecubital_fossa_1
OTU_97.9023,Buccal_mucosa
OTU_97.9023,Left_Antecubital_fossa_1
OTU_97.9023,Left_Retroauricular_crease
OTU_97.9023,Attached_Keratinized_gingiva
OTU_97.9026,Hard_palate_1
OTU_97.9026,Palatine_Tonsils
OTU_97.9028,Stool_1
OTU_97.9034,Subgingival_plaque
OTU_97.9034,Throat
OTU_97.9034,Left_Retroauricular_crease_1
OTU_97.9037,Saliva
OTU_97.9037,Throat
OTU_97.9037,Left_Antecubital_fossa
OTU_97.904,Attached_Keratinized_gingiva
OTU_97.9047,Palatine_Tonsils
OTU_97.9047,Left_Antecubital_fossa
OTU_97.9051,Buccal_mucosa_1
OTU_97.9055,Buccal_mucosa
OTU_97.9055,Right_Retroauricular_crease
OTU_97.9055,Left_Retroauricular_crease
OTU_97.9059,Supragingival_plaque_1
OTU_97.9059,Right_Retroauricular_crease
OTU_97.9059,Hard_palate
OTU_97.9066,Supragingival_plaque_1
OTU_97.9066,Hard_palate
OTU_97.9066,Palatine_Tonsils
OTU_97.9066,Right_Antecubital_fossa_1
OTU_97.908,Left_Antecubital_fossa_1
OTU_97.908,Hard_palate
OTU_97.9082,Right_Retroauricular_crease_1
OTU_97.9082,Attached_Keratinized_gingiva_1
OTU_97.9082,Anterior_nares_1
OTU_97.9084,Right_Retroauricular_crease_1
OTU_97.9085,Right_Antecubital_fossa
OTU_97.909,Attached_Keratinized_gingiva_1
OTU_97.909,Hard_palate_1
OTU_97.909,Subgingival_plaque_1
OTU_97.9090,Tongue_dorsum
OTU_97.9090,Saliva
OTU_97.9090,Attached_Keratinized_gingiva
OTU_97.9090,Anterior_nares
OTU_97.9090,Left_Antecubital_fossa
OTU_97.9096,Saliva
OTU_97.9096,Right_Antecubital_fossa
OTU_97.9096,Buccal_mucosa_1
OTU_97.9097,Tongue_dorsum
OTU_97.9097,Right_Retroauricular_crease_1
OTU_97.9097,Throat
OTU_97.9098,Buccal_mucosa_1
OTU_97.9098,Palatine_Tonsils
OTU_97.91,Stool
OTU_97.91,Palatine_Tonsils_1
OTU_97.910,Stool_1
OTU_97.910,Palatine_Tonsils
OTU_97.910,Attached_Keratinized_gingiva
OTU_97.9101,Supragingival_plaque
OTU_97.9101,Saliva
OTU_97.9103,Tongue_dorsum
OTU_97.9103,Right_Antecubital_fossa
OTU_97.9103,Throat_1
OTU_97.9106,Subgingival_plaque_1
OTU_97.9110,Subgingival_plaque_1
OTU_97.9110,Left_Retroauricular_crease_1
OTU_97.9112,Stool_1
OTU_97.9112,Throat_1
OTU_97.9115,Throat
OTU_97.9115,Anterior_nares_1
OTU_97.9120,Anterior_nares
OTU_97.9120,Tongue_dorsum_1
OTU_97.9124,Attached_Keratinized_gingiva_1
OTU_97.9124,Palatine_Tonsils_1
OTU_97.913,Supragingival_plaque_1
OTU_97.913,Subgingival_plaque_1
OTU_97.913,Throat
OTU_97.9131,Buccal_mucosa
OTU_97.9131,Attached_Keratinized_gingiva_1
OTU_97.9131,Buccal_mucosa_1
OTU_97.9135,Left_Antecubital_fossa
OTU_97.9135,Throat_1
OTU_97.9136,Supragingival_plaque
OTU_97.9136,Attached_Keratinized_gingiva_1
OTU_97.9137,Right_Retroauricular_crease
OTU_97.9137,Hard_palate
OTU_97.9137,Left_Antecubital_fossa
OTU_97.9139,Buccal_mucosa_1
OTU_97.9139,Stool_1
OTU_97.9139,Right_Antecubital_fossa_1
OTU_97.9139,Throat_1
OTU_97.9139,Anterior_nares_1
OTU_97.914,Subgingival_plaque
OTU_97.914,Attached_Keratinized_gingiva_1
OTU_97.914,Anterior_nares
OTU_97.9152,Supragingival_plaque_1
OTU_97.9152,Stool
OTU_97.9152,Stool_1
OTU_97.9153,Tongue_dorsum
OTU_97.9153,Right_Antecubital_fossa_1
OTU_97.9153,Throat_1
OTU_97.9155,Right_Retroauricular_crease
OTU_97.9155,Subgingival_plaque_1
OTU_97.9155,Saliva_1
OTU_97.9159,Right_Retroauricular_crease
OTU_97.9159,Saliva_1
OTU_97.9159,Palatine_Tonsils
OTU_97.9159,Throat
OTU_97.9161,Tongue_dorsum
OTU_97.9170,Supragingival_plaque
OTU_97.9170,Buccal_mucosa_1
OTU_97.9171,Throat
OTU_97.9178,Supragingival_plaque_1
OTU_97.9178,Hard_palate
OTU_97.918,Left_Antecubital_fossa_1
OTU_97.918,Throat
OTU_97.9192,Right_Retroauricular_crease
OTU_97.9192,Right_Antecubital_fossa
OTU_97.9199,Buccal_mucosa
OTU_97.9199,Palatine_Tonsils
OTU_97.9199,Palatine_Tonsils_1
OTU_97.9199,Throat_1
OTU_97.92,Palatine_Tonsils
OTU_97.92,Left_Retroauricular_crease_1
OTU_97.920,Right_Retroauricular_crease
OTU_97.9200,Subgingival_plaque_1
OTU_97.9215,Left_Antecubital_fossa_1
OTU_97.9215,Attached_Keratinized_gingiva_1
OTU_97.9215,Stool
OTU_97.9215,Tongue_dorsum_1
OTU_97.9216,Tongue_dorsum
OTU_97.9216,Right_Retroauricular_crease
OTU_97.9216,Anterior_nares
OTU_97.9222,Supragingival_plaque_1
OTU_97.9222,Stool
OTU_97.9222,Tongue_dorsum_1
OTU_97.9223,Hard_palate_1
OTU_97.9224,Attached_Keratinized_gingiva_1
OTU_97.9224,Subgingival_plaque_1
OTU_97.9224,Left_Retroauricular_crease_1
OTU_97.9225,Right_Retroauricular_crease
OTU_97.9225,Hard_palate
OTU_97.9225,Left_Antecubital_fossa
OTU_97.9225,Tongue_dorsum_1
OTU_97.9228,Right_Retroauricular_crease
OTU_97.9228,Left_Retroauricular_crease
OTU_97.9228,Anterior_nares
OTU_97.9228,Tongue_dorsum_1
OTU_97.923,Tongue_dorsum
OTU_97.923,Hard_palate
OTU_97.923,Hard_palate_1
OTU_97.923,Stool
OTU_97.9230,Subgingival_plaque
OTU_97.9230,Saliva
OTU_97.9230,Right_Antecubital_fossa_1
OTU_97.9240,Left_Retroauricular_crease_1
OTU_97.9240,Left_Antecubital_fossa
OTU_97.9243,Attached_Keratinized_gingiva_1
OTU_97.9243,Buccal_mucosa_1
OTU_97.9243,Subgingival_plaque_1
OTU_97.9243,Throat_1
OTU_97.9250,Right_Antecubital_fossa_1
OTU_97.9257,Right_Retroauricular_crease_1
OTU_97.9257,Saliva
OTU_97.9257,Left_Antecubital_fossa_1
OTU_97.9257,Stool_1
OTU_97.9257,Throat
OTU_97.926,Left_Retroauricular_crease
OTU_97.926,Right_Antecubital_fossa_1
OTU_97.9262,Tongue_dorsum
OTU_97.9262,Buccal_mucosa
OTU_97.9262,Throat
OTU_97.9262,Right_Antecubital_fossa_1
OTU_97.9262,Anterior_nares_1
OTU_97.9266,Tongue_dorsum
OTU_97.9266,Hard_palate
OTU_97.9268,Buccal_mucosa
OTU_97.9268,Hard_palate
OTU_97.9268,Hard_palate_1
OTU_97.9268,Saliva_1
OTU_97.927,Tongue_dorsum
OTU_97.927,Attached_Keratinized_gingiva_1
OTU_97.927,Throat
OTU_97.9276,Right_Retroauricular_crease_1
OTU_97.9276,Palatine_Tonsils
OTU_97.9276,Anterior_nares_1
OTU_97.928,Left_Antecubital_fossa_1
OTU_97.928,Right_Retroauricular_crease
OTU_97.928,Buccal_mucosa_1
OTU_97.928,Subgingival_plaque_1
OTU_97.9284,Supragingival_plaque_1
OTU_97.9284,Palatine_Tonsils
OTU_97.9284,Attached_Keratinized_gingiva
OTU_97.9286,Right_Retroauricular_crease_1
OTU_97.9286,Palatine_Tonsils_1
OTU_97.9286,Left_Retroauricular_crease_1
OTU_97.9286,Left_Antecubital_fossa
OTU_97.9287,Saliva_1
OTU_97.9287,Right_Antecubital_fossa_1
OTU_97.929,Supragingival_plaque
OTU_97.9297,Supragingival_plaque_1
OTU_97.9297,Buccal_mucosa
OTU_97.9297,Stool_1
OTU_97.9301,Right_Retroauricular_crease_1
OTU_97.9301,Left_Retroauricular_crease
OTU_97.9301,Left_Antecubital_fossa
OTU_97.9303,Right_Retroauricular_crease_1
OTU_97.9303,Palatine_Tonsils
OTU_97.9306,Supragingival_plaque
OTU_97.9306,Saliva
OTU_97.9306,Hard_palate_1
OTU_97.9306,Subgingival_plaque_1
OTU_97.9309,Right_Retroauricular_crease
OTU_97.9309,Left_Antecubital_fossa
OTU_97.931,Hard_palate
OTU_97.931,Saliva_1
OTU_97.931,Palatine_Tonsils_1
OTU_97.9314,Right_Antecubital_fossa_1
OTU_97.9318,Throat_1
OTU_97.9321,Saliva_1
OTU_97.9321,Palatine_Tonsils_1
OTU_97.9321,Right_Antecubital_fossa_1
OTU_97.9323,Left_Retroauricular_crease
OTU_97.9323,Left_Retroauricular_crease_1
OTU_97.9323,Right_Antecubital_fossa_1
OTU_97.9333,Supragingival_plaque
OTU_97.9338,Buccal_mucosa_1
OTU_97.9338,Subgingival_plaque_1
OTU_97.934,Subgingival_plaque
OTU_97.934,Left_Antecubital_fossa_1
OTU_97.9340,Buccal_mucosa
OTU_97.9340,Right_Retroauricular_crease
OTU_97.9340,Left_Antecubital_fossa
OTU_97.9340,Anterior_nares_1
OTU_97.9348,Right_Retroauricular_crease_1
OTU_97.9352,Left_Retroauricular_crease
OTU_97.9352,Subgingival_plaque_1
OTU_97.9352,Saliva_1
OTU_97.9352,Left_Antecubital_fossa
OTU_97.9352,Tongue_dorsum_1
OTU_97.9353,Right_Retroauricular_crease
OTU_97.9353,Buccal_mucosa_1
OTU_97.9353,Subgingival_plaque_1
OTU_97.9353,Throat
OTU_97.9353,Tongue_dorsum_1
OTU_97.9369,Buccal_mucosa
OTU_97.9369,Stool_1
OTU_97.9375,Anterior_nares_1
OTU_97.9378,Left_Antecubital_fossa
OTU_97.9378,Right_Antecubital_fossa_1
OTU_97.938,Right_Retroauricular_crease_1
OTU_97.938,Stool_1
OTU_97.938,Palatine_Tonsils_1
OTU_97.9380,Attached_Keratinized_gingiva_1
OTU_97.9380,Throat_1
OTU_97.9387,Supragingival_plaque_1
OTU_97.9387,Right_Retroauricular_crease
OTU_97.9387,Right_Antecubital_fossa_1
OTU_97.9387,Anterior_nares_1
OTU_97.939,Supragingival_plaque_1
OTU_97.939,Saliva
OTU_97.939,Left_Antecubital_fossa_1
OTU_97.939,Buccal_mucosa_1
OTU_97.939,Attached_Keratinized_gingiva
OTU_97.939,Anterior_nares
OTU_97.9398,Saliva_1
OTU_97.9398,Left_Antecubital_fossa
OTU_97.940,Left_Retroauricular_crease
OTU_97.940,Subgingival_plaque_1
OTU_97.9400,Stool
OTU_97.9400,Stool_1
OTU_97.9404,Supragingival_plaque
OTU_97.9404,Left_Antecubital_fossa_1
OTU_97.9404,Buccal_mucosa_1
OTU_97.9404,Stool
OTU_97.9410,Right_Antecubital_fossa
OTU_97.9410,Stool
OTU_97.9411,Subgingival_plaque
OTU_97.9411,Left_Retroauricular_crease
OTU_97.9412,Right_Retroauricular_crease_1
OTU_97.9412,Saliva_1
OTU_97.9412,Right_Antecubital_fossa_1
OTU_97.9413,Hard_palate_1
OTU_97.9413,Attached_Keratinized_gingiva
OTU_97.9432,Supragingival_plaque_1
OTU_97.9432,Left_Retroauricular_crease
OTU_97.9432,Attached_Keratinized_gingiva
OTU_97.9435,Subgingival_plaque
OTU_97.9435,Attached_Keratinized_gingiva_1
OTU_97.9435,Throat
OTU_97.9436,Supragingival_plaque_1
OTU_97.9436,Palatine_Tonsils_1
OTU_97.9441,Right_Retroauricular_crease_1
OTU_97.9441,Buccal_mucosa
OTU_97.9441,Stool_1
OTU_97.9441,Palatine_Tonsils
OTU_97.9441,Right_Antecubital_fossa_1
OTU_97.9442,Hard_palate_1
OTU_97.9446,Buccal_mucosa_1
OTU_97.9446,Palatine_Tonsils
OTU_97.9456,Supragingival_plaque_1
OTU_97.9456,Buccal_mucosa_1
OTU_97.9456,Palatine_Tonsils
OTU_97.9456,Anterior_nares_1
OTU_97.9459,Stool_1
OTU_97.9459,Tongue_dorsum_1
OTU_97.9461,Palatine_Tonsils
OTU_97.9463,Right_Retroauricular_crease_1
OTU_97.9463,Saliva
OTU_97.9463,Stool_1
OTU_97.9471,Tongue_dorsum
OTU_97.9471,Palatine_Tonsils_1
OTU_97.9475,Left_Retroauricular_crease
OTU_97.9475,Palatine_Tonsils
OTU_97.9475,Tongue_dorsum_1
OTU_97.948,Saliva_1
OTU_97.9480,Attached_Keratinized_gingiva
OTU_97.9480,Left_Antecubital_fossa
OTU_97.9480,Throat_1
OTU_97.9505,Subgingival_plaque
OTU_97.9505,Right_Retroauricular_crease
OTU_97.9505,Buccal_mucosa_1
OTU_97.951,Buccal_mucosa_1
OTU_97.951,Saliva_1
OTU_97.9510,Subgingival_plaque
OTU_97.9510,Left_Antecubital_fossa_1
OTU_97.9511,Right_Retroauricular_crease_1
OTU_97.9511,Right_Antecubital_fossa
OTU_97.9511,Anterior_nares_1
OTU_97.9513,Supragingival_plaque
OTU_97.9513,Left_Retroauricular_crease
OTU_97.9513,Hard_palate
OTU_97.9513,Attached_Keratinized_gingiva
OTU_97.9514,Saliva_1
OTU_97.9514,Anterior_nares
OTU_97.9514,Throat_1
OTU_97.9515,Supragingival_plaque_1
OTU_97.9515,Left_Antecubital_fossa_1
OTU_97.9515,Left_Retroauricular_crease_1
OTU_97.9515,Anterior_nares_1
OTU_97.9520,Left_Antecubital_fossa_1
OTU_97.9520,Right_Antecubital_fossa
OTU_97.9520,Hard_palate
OTU_97.9520,Attached_Keratinized_gingiva
OTU_97.9520,Throat_1
OTU_97.9522,Attached_Keratinized_gingiva_1
OTU_97.9522,Hard_palate_1
OTU_97.9522,Stool_1
OTU_97.9527,Palatine_Tonsils_1
OTU_97.9527,Left_Retroauricular_crease_1
OTU_97.9533,Supragingival_plaque_1
OTU_97.9533,Left_Antecubital_fossa
OTU_97.9533,Anterior_nares_1
OTU_97.9535,Hard_palate
OTU_97.9536,Attached_Keratinized_gingiva_1
OTU_97.9536,Right_Antecubital_fossa_1
OTU_97.9540,Subgingival_plaque
OTU_97.9540,Right_Antecubital_fossa_1
OTU_97.9541,Attached_Keratinized_gingiva_1
OTU_97.9541,Tongue_dorsum_1
OTU_97.9550,Hard_palate
OTU_97.9555,Hard_palate_1
OTU_97.9558,Saliva
OTU_97.9558,Attached_Keratinized_gingiva_1
OTU_97.9558,Right_Antecubital_fossa_1
OTU_97.9569,Supragingival_plaque_1
OTU_97.9569,Supragingival_plaque
OTU_97.9569,Right_Retroauricular_crease
OTU_97.9569,Hard_palate_1
OTU_97.9576,Stool
OTU_97.9576,Tongue_dorsum_1
OTU_97.9577,Right_Antecubital_fossa_1
OTU_97.958,Subgingival_plaque
OTU_97.958,Right_Antecubital_fossa_1
OTU_97.958,Throat_1
OTU_97.9581,Subgingival_plaque
OTU_97.9581,Buccal_mucosa
OTU_97.9581,Anterior_nares
OTU_97.9588,Attached_Keratinized_gingiva_1
OTU_97.9588,Hard_palate_1
OTU_97.9588,Attached_Keratinized_gingiva
OTU_97.96,Left_Retroauricular_crease
OTU_97.96,Left_Antecubital_fossa
OTU_97.9619,Buccal_mucosa_1
OTU_97.9626,Subgingival_plaque_1
OTU_97.9626,Throat
OTU_97.9631,Subgingival_plaque
OTU_97.9631,Buccal_mucosa
OTU_97.9631,Left_Retroauricular_crease
OTU_97.9631,Palatine_Tonsils_1
OTU_97.9635,Left_Retroauricular_crease
OTU_97.9635,Attached_Keratinized_gingiva_1
OTU_97.9635,Hard_palate_1
OTU_97.9637,Saliva_1
OTU_97.9637,Throat_1
OTU_97.964,Saliva
OTU_97.9641,Supragingival_plaque_1
OTU_97.9641,Right_Retroauricular_crease
OTU_97.9641,Attached_Keratinized_gingiva_1
OTU_97.9641,Hard_palate
OTU_97.9641,Palatine_Tonsils
OTU_97.9642,Right_Retroauricular_crease
OTU_97.9642,Left_Antecubital_fossa
OTU_97.9643,Left_Retroauricular_crease
OTU_97.9643,Hard_palate_1
OTU_97.9643,Subgingival_plaque_1
OTU_97.9649,Tongue_dorsum
OTU_97.9649,Right_Antecubital_fossa
OTU_97.9649,Buccal_mucosa_1
OTU_97.9649,Left_Retroauricular_crease_1
OTU_97.9649,Left_Antecubital_fossa
OTU_97.965,Right_Retroauricular_crease
OTU_97.965,Attached_Keratinized_gingiva
OTU_97.965,Left_Retroauricular_crease_1
OTU_97.9652,Buccal_mucosa_1
OTU_97.9652,Tongue_dorsum_1
OTU_97.9652,Throat_1
OTU_97.9658,Buccal_mucosa
OTU_97.9658,Attached_Keratinized_gingiva_1
OTU_97.9658,Palatine_Tonsils_1
OTU_97.9659,Tongue_dorsum
OTU_97.9670,Left_Antecubital_fossa_1
OTU_97.9670,Palatine_Tonsils
OTU_97.9670,Throat
OTU_97.9670,Anterior_nares
OTU_97.9675,Supragingival_plaque
OTU_97.9675,Right_Antecubital_fossa
OTU_97.9675,Hard_palate_1
OTU_97.968,Buccal_mucosa_1
OTU_97.9680,Right_Retroauricular_crease_1
OTU_97.9680,Saliva
OTU_97.9680,Palatine_Tonsils
OTU_97.9680,Attached_Keratinized_gingiva
OTU_97.9681,Tongue_dorsum
OTU_97.9681,Stool_1
OTU_97.9685,Attached_Keratinized_gingiva
OTU_97.9687,Left_Retroauricular_crease
OTU_97.969,Saliva
OTU_97.969,Throat_1
OTU_97.969,Anterior_nares_1
OTU_97.9697,Saliva
OTU_97.9697,Hard_palate
OTU_97.97,Subgingival_plaque_1
OTU_97.970,Right_Retroauricular_crease_1
OTU_97.970,Hard_palate_1
OTU_97.9701,Hard_palate_1
OTU_97.9701,Left_Retroauricular_crease_1
OTU_97.9706,Subgingival_plaque
OTU_97.9706,Saliva
OTU_97.9706,Hard_palate_1
OTU_97.971,Tongue_dorsum
OTU_97.971,Right_Retroauricular_crease
OTU_97.972,Supragingival_plaque
OTU_97.972,Throat
OTU_97.9722,Tongue_dorsum
OTU_97.9722,Stool_1
OTU_97.9724,Subgingival_plaque
OTU_97.9724,Stool_1
OTU_97.9728,Subgingival_plaque
OTU_97.9728,Buccal_mucosa
OTU_97.9728,Saliva
OTU_97.9730,Tongue_dorsum
OTU_97.9730,Subgingival_plaque
OTU_97.9730,Throat
OTU_97.9732,Saliva_1
OTU_97.9732,Left_Retroauricular_crease_1
OTU_97.9733,Left_Retroauricular_crease
OTU_97.9733,Left_Antecubital_fossa
OTU_97.9735,Buccal_mucosa
OTU_97.9735,Left_Antecubital_fossa_1
OTU_97.9735,Hard_palate
OTU_97.9735,Anterior_nares_1
OTU_97.9740,Tongue_dorsum
OTU_97.9740,Palatine_Tonsils_1
OTU_97.9741,Supragingival_plaque_1
OTU_97.9741,Attached_Keratinized_gingiva_1
OTU_97.9741,Throat
OTU_97.9741,Palatine_Tonsils_1
OTU_97.9741,Left_Antecubital_fossa
OTU_97.9742,Right_Retroauricular_crease_1
OTU_97.9742,Stool
OTU_97.9742,Attached_Keratinized_gingiva
OTU_97.9742,Right_Antecubital_fossa_1
OTU_97.9743,Right_Retroauricular_crease_1
OTU_97.9743,Stool_1
OTU_97.9743,Attached_Keratinized_gingiva
OTU_97.9746,Palatine_Tonsils
OTU_97.9746,Tongue_dorsum_1
OTU_97.9746,Throat_1
OTU_97.975,Buccal_mucosa
OTU_97.975,Left_Retroauricular_crease
OTU_97.975,Subgingival_plaque_1
OTU_97.975,Palatine_Tonsils_1
OTU_97.975,Anterior_nares
OTU_97.9754,Right_Antecubital_fossa
OTU_97.9754,Subgingival_plaque_1
OTU_97.9754,Left_Retroauricular_crease_1
OTU_97.9754,Left_Antecubital_fossa
OTU_97.976,Supragingival_plaque_1
OTU_97.976,Palatine_Tonsils
OTU_97.976,Throat
OTU_97.9761,Left_Antecubital_fossa_1
OTU_97.9761,Right_Antecubital_fossa
OTU_97.9761,Saliva_1
OTU_97.9761,Right_Antecubital_fossa_1
OTU_97.9762,Right_Retroauricular_crease_1
OTU_97.9762,Hard_palate
OTU_97.9764,Tongue_dorsum
OTU_97.9764,Right_Retroauricular_crease_1
OTU_97.9765,Subgingival_plaque
OTU_97.9765,Throat
OTU_97.9771,Left_Retroauricular_crease
OTU_97.9771,Left_Retroauricular_crease_1
OTU_97.9771,Tongue_dorsum_1
OTU_97.9775,Right_Antecubital_fossa
OTU_97.9775,Attached_Keratinized_gingiva_1
OTU_97.9775,Stool_1
OTU_97.9775,Palatine_Tonsils
OTU_97.978,Supragingival_plaque_1
OTU_97.978,Right_Antecubital_fossa_1
OTU_97.9793,Attached_Keratinized_gingiva
OTU_97.9796,Subgingival_plaque
OTU_97.9796,Hard_palate_1
OTU_97.9796,Buccal_mucosa_1
OTU_97.9796,Attached_Keratinized_gingiva
OTU_97.98,Attached_Keratinized_gingiva
OTU_97.98,Right_Antecubital_fossa_1
OTU_97.9805,Tongue_dorsum
OTU_97.9805,Throat_1
OTU_97.9816,Supragingival_plaque
OTU_97.9816,Left_Retroauricular_crease_1
OTU_97.9823,Supragingival_plaque_1
OTU_97.9823,Left_Retroauricular_crease
OTU_97.9823,Tongue_dorsum_1
OTU_97.9835,Tongue_dorsum
OTU_97.9835,Right_Antecubital_fossa
OTU_97.9835,Saliva_1
OTU_97.9837,Anterior_nares
OTU_97.9839,Left_Retroauricular_crease
OTU_97.9839,Subgingival_plaque_1
OTU_97.9844,Subgingival_plaque
OTU_97.9844,Left_Retroauricular_crease_1
OTU_97.9847,Buccal_mucosa
OTU_97.9857,Right_Retroauricular_crease_1
OTU_97.9857,Subgingival_plaque
OTU_97.9857,Attached_Keratinized_gingiva
OTU_97.9859,Left_Antecubital_fossa_1
OTU_97.9859,Palatine_Tonsils
OTU_97.986,Tongue_dorsum
OTU_97.986,Right_Antecubital_fossa
OTU_97.986,Stool
OTU_97.986,Subgingival_plaque_1
OTU_97.986,Anterior_nares_1
OTU_97.9862,Subgingival_plaque
OTU_97.9862,Hard_palate_1
OTU_97.9864,Tongue_dorsum
OTU_97.9864,Hard_palate_1
OTU_97.9864,Palatine_Tonsils_1
OTU_97.9876,Tongue_dorsum
OTU_97.9876,Attached_Keratinized_gingiva_1
OTU_97.989,Right_Retroauricular_crease
OTU_97.989,Palatine_Tonsils
OTU_97.9895,Supragingival_plaque_1
OTU_97.9895,Stool_1
OTU_97.9895,Left_Retroauricular_crease_1
OTU_97.9895,Throat_1
OTU_97.9899,Tongue_dorsum
OTU_97.9899,Left_Antecubital_fossa_1
OTU_97.9899,Palatine_Tonsils
OTU_97.9899,Throat
OTU_97.9899,Tongue_dorsum_1
OTU_97.99,Attached_Keratinized_gingiva
OTU_97.990,Left_Antecubital_fossa_1
OTU_97.990,Left_Antecubital_fossa
OTU_97.9921,Hard_palate
OTU_97.9921,Left_Retroauricular_crease_1
OTU_97.9925,Tongue_dorsum
OTU_97.9925,Left_Antecubital_fossa_1
OTU_97.9925,Left_Retroauricular_crease
OTU_97.9925,Subgingival_plaque_1
OTU_97.9925,Palatine_Tonsils_1
OTU_97.993,Supragingival_plaque_1
OTU_97.993,Left_Antecubital_fossa_1
OTU_97.993,Left_Retroauricular_crease
OTU_97.993,Left_Antecubital_fossa
OTU_97.9941,Hard_palate_1
OTU_97.9941,Saliva_1
OTU_97.9941,Anterior_nares_1
OTU_97.9942,Left_Antecubital_fossa_1
OTU_97.9942,Subgingival_plaque_1
OTU_97.9951,Throat
OTU_97.9951,Attached_Keratinized_gingiva
OTU_97.9951,Palatine_Tonsils_1
OTU_97.9955,Buccal_mucosa_1
OTU_97.9955,Saliva_1
OTU_97.9955,Attached_Keratinized_gingiva
OTU_97.9959,Supragingival_plaque
OTU_97.9959,Anterior_nares
OTU_97.9959,Anterior_nares_1
OTU_97.9960,Right_Retroauricular_crease_1
OTU_97.9960,Hard_palate_1
OTU_97.9962,Left_Antecubital_fossa_1
OTU_97.9966,Saliva
OTU_97.9966,Tongue_dorsum_1
OTU_97.997,Saliva
OTU_97.997,Saliva_1
OTU_97.997,Right_Antecubital_fossa_1
OTU_97.9976,Subgingival_plaque_1
OTU_97.9976,Saliva_1
OTU_97.9976,Tongue_dorsum_1
OTU_97.9977,Hard_palate_1
OTU_97.9977,Throat
OTU_97.9977,Palatine_Tonsils_1
OTU_97.9977,Anterior_nares
OTU_97.9977,Left_Antecubital_fossa
OTU_97.9987,Right_Retroauricular_crease
OTU_97.9987,Right_Antecubital_fossa
OTU_97.9987,Stool
OTU_97.9987,Stool_1
OTU_97.9987,Anterior_nares_1
OTU_97.9991,Right_Retroauricular_crease_1
OTU_97.9991,Left_Antecubital_fossa_1
OTU_97.9991,Throat
OTU_97.9994,Right_Antecubital_fossa
OTU_97.9994,Right_Antecubital_fossa_1
